M = 99999999.0;
numWorkers = 25;
numRoles = 4;
numNodes = 30;
wStart = [0, 54.07173926155497, 128.62172437869683, 302.6262031458253, 373.9996551098117, 222.00612301566673, 351.5313828669372, 313.1088776049582, 74.03625547571436, 256.5414172888525, 231.150259348782, 53.350197786860875, 64.68813132509096, 197.97826272009752, 368.48509747671915, 321.5303846926102, 192.26043501475417, 243.19454920450926, 347.3828667477241, 30.232830001352628, 232.0908365077445, 101.81032293073399, 42.375615324597305, 401.20116787547914, 169.73737573320895, 269.86765303419, 296.85916451470837, 309.3989388459991, 67.93617063294674, 0];
wEnd = [0, 79.11678748237647, 167.50549471118393, 342.56725619009194, 402.3784251865312, 248.1312487943102, 385.7899270744343, 347.3501860636096, 103.01041166736037, 290.7865149654831, 261.25822857102895, 81.32460773000028, 97.04446841293944, 236.0033949574826, 394.64970202945466, 347.8534500192752, 227.72339624420158, 282.73090876503596, 373.5807815619799, 61.84867622928965, 267.70963108412093, 131.39452486907453, 72.76002815154187, 440.74654373015994, 206.86848270496407, 309.5729293243605, 325.09733412406376, 343.9794746450229, 100.04840675030528, 450];
p = [0, 10.553644733234243, 12.013245502105331, 13.039040609785438, 17.062562140361138, 8.457716467278274, 8.770559845348608, 15.847154732397328, 11.011354977767793, 22.10892307038303, 14.48347335411298, 15.50838961056505, 20.89538655922625, 11.395280379585083, 8.766670853640303, 12.414423018362312, 13.138570125138207, 17.317597289578156, 8.505786510766862, 15.647585962238054, 15.720625781884356, 15.166506319301739, 15.425621328251067, 13.168097455645881, 23.01873539804071, 16.369026719193812, 17.883938469500276, 20.113682324551668, 8.35329943247534, 0];
e = [[0, 1, 1, 0], [0, 0, 1, 1], [0, 1, 1, 0], [1, 0, 0, 1], [1, 1, 0, 0], [1, 1, 0, 0], [0, 1, 0, 1], [0, 1, 1, 0], [0, 0, 1, 1], [1, 1, 0, 0], [1, 0, 1, 0], [1, 0, 1, 0], [0, 1, 1, 0], [1, 0, 1, 0], [1, 0, 0, 1], [0, 0, 0, 1], [0, 0, 1, 0], [0, 1, 0, 0], [1, 0, 0, 0], [0, 0, 0, 1], [0, 1, 0, 0], [0, 0, 0, 1], [0, 0, 0, 1], [1, 0, 0, 0], [0, 0, 0, 1]];
d = [[1, 1, 0, 1, 2, 0, 0, 4, 1, 0, 1, 0, 0, 3, 2, 2, 1, 0, 1, 1, 2, 2, 1, 1, 1, 0, 2, 0], [1, 4, 3, 1, 1, 2, 3, 0, 2, 0, 2, 1, 0, 2, 3, 0, 2, 1, 3, 1, 1, 1, 2, 3, 3, 1, 0, 0], [1, 0, 0, 2, 0, 3, 3, 2, 1, 0, 1, 2, 5, 1, 1, 2, 0, 1, 1, 2, 2, 0, 2, 1, 2, 1, 1, 2], [1, 1, 2, 1, 2, 2, 1, 2, 3, 3, 2, 3, 0, 1, 0, 2, 3, 2, 2, 0, 1, 0, 3, 3, 2, 1, 1, 1]];
r = [828.8682379353311, 1552.2601049856198, 743.7360175578883, 1593.4864322431126, 1671.7109461526782, 1467.7329414793046, 2272.9223744966057, 2109.9044374934274, 3314.401864698148, 1897.1209334804237, 1738.9264269168166, 1088.4679822247351, 1868.7856565442446, 1050.6665340645816, 1834.2088130309403, 2498.7599165328124, 1065.1134593758602, 550.5939309839922, 2546.038566770116, 1876.0071112245753, 2192.1548843580335, 1947.0383219573098, 2223.690442529826, 2090.9069825919933, 2407.9448675728745, 1475.7949438013748, 2237.075263800871, 951.7497957010194];
b = [[[0.0, 0.0, 0.0, 0.0, 0.0, 0.0, 0.0, 0.0, 0.0, 0.0, 0.0, 0.0, 0.0, 0.0, 0.0, 0.0, 0.0, 0.0, 0.0, 0.0, 0.0, 0.0, 0.0, 0.0, 0.0, 0.0, 0.0, 0.0], [0.0, 0.0, 0.0, 0.0, 0.0, 0.0, 0.0, 0.0, 0.0, 0.0, 0.0, 0.0, 0.0, 0.0, 0.0, 0.0, 0.0, 0.0, 0.0, 0.0, 0.0, 0.0, 0.0, 0.0, 0.0, 0.0, 0.0, 0.0], [0.0, 0.0, 0.0, 0.0, 0.0, 0.0, 0.0, 0.0, 0.0, 0.0, 0.0, 0.0, 0.0, 0.0, 0.0, 0.0, 0.0, 0.0, 0.0, 0.0, 0.0, 0.0, 0.0, 0.0, 0.0, 0.0, 0.0, 0.0], [0.0, 0.0, 0.0, 0.0, 0.0, 0.0, 0.0, 0.0, 0.0, 0.0, 0.0, 0.0, 0.0, 0.0, 0.0, 0.0, 0.0, 0.0, 0.0, 0.0, 0.0, 0.0, 0.0, 0.0, 0.0, 0.0, 0.0, 0.0]], [[0.0, 0.0, 0.0, 0.0, 0.0, 0.0, 0.0, 0.0, 0.0, 0.0, 0.0, 0.0, 0.0, 0.0, 0.0, 0.0, 0.0, 0.0, 0.0, 0.0, 0.0, 0.0, 0.0, 0.0, 0.0, 0.0, 0.0, 0.0], [0.0, 0.0, 0.0, 0.0, 0.0, 0.0, 0.0, 0.0, 0.0, 0.0, 0.0, 0.0, 0.0, 0.0, 0.0, 0.0, 0.0, 0.0, 0.0, 0.0, 0.0, 0.0, 0.0, 0.0, 0.0, 0.0, 0.0, 0.0], [0.0, 0.0, 0.0, 0.0, 0.0, 0.0, 0.0, 0.0, 0.0, 0.0, 0.0, 0.0, 0.0, 0.0, 0.0, 0.0, 0.0, 0.0, 0.0, 0.0, 0.0, 0.0, 0.0, 0.0, 0.0, 0.0, 0.0, 0.0], [0.0, 0.0, 0.0, 0.0, 0.0, 0.0, 0.0, 0.0, 0.0, 0.0, 0.0, 0.0, 0.0, 0.0, 0.0, 0.0, 0.0, 0.0, 0.0, 0.0, 0.0, 0.0, 0.0, 0.0, 0.0, 0.0, 0.0, 0.0]], [[0.0, 0.0, 0.0, 0.0, 0.0, 0.0, 0.0, 0.0, 0.0, 0.0, 0.0, 0.0, 0.0, 0.0, 0.0, 0.0, 0.0, 0.0, 0.0, 0.0, 0.0, 0.0, 0.0, 0.0, 0.0, 0.0, 0.0, 0.0], [0.0, 0.0, 0.0, 0.0, 0.0, 0.0, 0.0, 0.0, 0.0, 0.0, 0.0, 0.0, 0.0, 0.0, 0.0, 0.0, 0.0, 0.0, 0.0, 0.0, 0.0, 0.0, 0.0, 0.0, 0.0, 0.0, 0.0, 0.0], [0.0, 0.0, 0.0, 0.0, 0.0, 0.0, 0.0, 0.0, 0.0, 0.0, 0.0, 0.0, 0.0, 0.0, 0.0, 0.0, 0.0, 0.0, 0.0, 0.0, 0.0, 0.0, 0.0, 0.0, 0.0, 0.0, 0.0, 0.0], [0.0, 0.0, 0.0, 0.0, 0.0, 0.0, 0.0, 0.0, 0.0, 0.0, 0.0, 0.0, 0.0, 0.0, 0.0, 0.0, 0.0, 0.0, 0.0, 0.0, 0.0, 0.0, 0.0, 0.0, 0.0, 0.0, 0.0, 0.0]], [[0.0, 0.0, 0.0, 0.0, 0.0, 0.0, 0.0, 0.0, 0.0, 0.0, 0.0, 0.0, 0.0, 0.0, 0.0, 0.0, 0.0, 0.0, 0.0, 0.0, 0.0, 0.0, 0.0, 0.0, 0.0, 0.0, 0.0, 0.0], [0.0, 0.0, 0.0, 0.0, 0.0, 0.0, 0.0, 0.0, 0.0, 0.0, 0.0, 0.0, 0.0, 0.0, 0.0, 0.0, 0.0, 0.0, 0.0, 0.0, 0.0, 0.0, 0.0, 0.0, 0.0, 0.0, 0.0, 0.0], [0.0, 0.0, 0.0, 0.0, 0.0, 0.0, 0.0, 0.0, 0.0, 0.0, 0.0, 0.0, 0.0, 0.0, 0.0, 0.0, 0.0, 0.0, 0.0, 0.0, 0.0, 0.0, 0.0, 0.0, 0.0, 0.0, 0.0, 0.0], [0.0, 0.0, 0.0, 0.0, 0.0, 0.0, 0.0, 0.0, 0.0, 0.0, 0.0, 0.0, 0.0, 0.0, 0.0, 0.0, 0.0, 0.0, 0.0, 0.0, 0.0, 0.0, 0.0, 0.0, 0.0, 0.0, 0.0, 0.0]], [[0.0, 0.0, 0.0, 0.0, 0.0, 0.0, 0.0, 0.0, 0.0, 0.0, 0.0, 0.0, 0.0, 0.0, 0.0, 0.0, 0.0, 0.0, 0.0, 0.0, 0.0, 0.0, 0.0, 0.0, 0.0, 0.0, 0.0, 0.0], [0.0, 0.0, 0.0, 0.0, 0.0, 0.0, 0.0, 0.0, 0.0, 0.0, 0.0, 0.0, 0.0, 0.0, 0.0, 0.0, 0.0, 0.0, 0.0, 0.0, 0.0, 0.0, 0.0, 0.0, 0.0, 0.0, 0.0, 0.0], [0.0, 0.0, 0.0, 0.0, 0.0, 0.0, 0.0, 0.0, 0.0, 0.0, 0.0, 0.0, 0.0, 0.0, 0.0, 0.0, 0.0, 0.0, 0.0, 0.0, 0.0, 0.0, 0.0, 0.0, 0.0, 0.0, 0.0, 0.0], [0.0, 0.0, 0.0, 0.0, 0.0, 0.0, 0.0, 0.0, 0.0, 0.0, 0.0, 0.0, 0.0, 0.0, 0.0, 0.0, 0.0, 0.0, 0.0, 0.0, 0.0, 0.0, 0.0, 0.0, 0.0, 0.0, 0.0, 0.0]], [[0.0, 0.0, 0.0, 0.0, 0.0, 0.0, 0.0, 0.0, 0.0, 0.0, 0.0, 0.0, 0.0, 0.0, 0.0, 0.0, 0.0, 0.0, 0.0, 0.0, 0.0, 0.0, 0.0, 0.0, 0.0, 0.0, 0.0, 0.0], [0.0, 0.0, 0.0, 0.0, 0.0, 0.0, 0.0, 0.0, 0.0, 0.0, 0.0, 0.0, 0.0, 0.0, 0.0, 0.0, 0.0, 0.0, 0.0, 0.0, 0.0, 0.0, 0.0, 0.0, 0.0, 0.0, 0.0, 0.0], [0.0, 0.0, 0.0, 0.0, 0.0, 0.0, 0.0, 0.0, 0.0, 0.0, 0.0, 0.0, 0.0, 0.0, 0.0, 0.0, 0.0, 0.0, 0.0, 0.0, 0.0, 0.0, 0.0, 0.0, 0.0, 0.0, 0.0, 0.0], [0.0, 0.0, 0.0, 0.0, 0.0, 0.0, 0.0, 0.0, 0.0, 0.0, 0.0, 0.0, 0.0, 0.0, 0.0, 0.0, 0.0, 0.0, 0.0, 0.0, 0.0, 0.0, 0.0, 0.0, 0.0, 0.0, 0.0, 0.0]], [[0.0, 0.0, 0.0, 0.0, 0.0, 0.0, 0.0, 0.0, 0.0, 0.0, 0.0, 0.0, 0.0, 0.0, 0.0, 0.0, 0.0, 0.0, 0.0, 0.0, 0.0, 0.0, 0.0, 0.0, 0.0, 0.0, 0.0, 0.0], [0.0, 0.0, 0.0, 0.0, 0.0, 0.0, 0.0, 0.0, 0.0, 0.0, 0.0, 0.0, 0.0, 0.0, 0.0, 0.0, 0.0, 0.0, 0.0, 0.0, 0.0, 0.0, 0.0, 0.0, 0.0, 0.0, 0.0, 0.0], [0.0, 0.0, 0.0, 0.0, 0.0, 0.0, 0.0, 0.0, 0.0, 0.0, 0.0, 0.0, 0.0, 0.0, 0.0, 0.0, 0.0, 0.0, 0.0, 0.0, 0.0, 0.0, 0.0, 0.0, 0.0, 0.0, 0.0, 0.0], [0.0, 0.0, 0.0, 0.0, 0.0, 0.0, 0.0, 0.0, 0.0, 0.0, 0.0, 0.0, 0.0, 0.0, 0.0, 0.0, 0.0, 0.0, 0.0, 0.0, 0.0, 0.0, 0.0, 0.0, 0.0, 0.0, 0.0, 0.0]], [[0.0, 0.0, 0.0, 0.0, 0.0, 0.0, 0.0, 0.0, 0.0, 0.0, 0.0, 0.0, 0.0, 0.0, 0.0, 0.0, 0.0, 0.0, 0.0, 0.0, 0.0, 0.0, 0.0, 0.0, 0.0, 0.0, 0.0, 0.0], [0.0, 0.0, 0.0, 0.0, 0.0, 0.0, 0.0, 0.0, 0.0, 0.0, 0.0, 0.0, 0.0, 0.0, 0.0, 0.0, 0.0, 0.0, 0.0, 0.0, 0.0, 0.0, 0.0, 0.0, 0.0, 0.0, 0.0, 0.0], [0.0, 0.0, 0.0, 0.0, 0.0, 0.0, 0.0, 0.0, 0.0, 0.0, 0.0, 0.0, 0.0, 0.0, 0.0, 0.0, 0.0, 0.0, 0.0, 0.0, 0.0, 0.0, 0.0, 0.0, 0.0, 0.0, 0.0, 0.0], [0.0, 0.0, 0.0, 0.0, 0.0, 0.0, 0.0, 0.0, 0.0, 0.0, 0.0, 0.0, 0.0, 0.0, 0.0, 0.0, 0.0, 0.0, 0.0, 0.0, 0.0, 0.0, 0.0, 0.0, 0.0, 0.0, 0.0, 0.0]], [[0.0, 0.0, 0.0, 0.0, 0.0, 0.0, 0.0, 0.0, 0.0, 0.0, 0.0, 0.0, 0.0, 0.0, 0.0, 0.0, 0.0, 0.0, 0.0, 0.0, 0.0, 0.0, 0.0, 0.0, 0.0, 0.0, 0.0, 0.0], [0.0, 0.0, 0.0, 0.0, 0.0, 0.0, 0.0, 0.0, 0.0, 0.0, 0.0, 0.0, 0.0, 0.0, 0.0, 0.0, 0.0, 0.0, 0.0, 0.0, 0.0, 0.0, 0.0, 0.0, 0.0, 0.0, 0.0, 0.0], [0.0, 0.0, 0.0, 0.0, 0.0, 0.0, 0.0, 0.0, 0.0, 0.0, 0.0, 0.0, 0.0, 0.0, 0.0, 0.0, 0.0, 0.0, 0.0, 0.0, 0.0, 0.0, 0.0, 0.0, 0.0, 0.0, 0.0, 0.0], [0.0, 0.0, 0.0, 0.0, 0.0, 0.0, 0.0, 0.0, 0.0, 0.0, 0.0, 0.0, 0.0, 0.0, 0.0, 0.0, 0.0, 0.0, 0.0, 0.0, 0.0, 0.0, 0.0, 0.0, 0.0, 0.0, 0.0, 0.0]], [[0.0, 0.0, 0.0, 0.0, 0.0, 0.0, 0.0, 0.0, 0.0, 0.0, 0.0, 0.0, 0.0, 0.0, 0.0, 0.0, 0.0, 0.0, 0.0, 0.0, 0.0, 0.0, 0.0, 0.0, 0.0, 0.0, 0.0, 0.0], [0.0, 0.0, 0.0, 0.0, 0.0, 0.0, 0.0, 0.0, 0.0, 0.0, 0.0, 0.0, 0.0, 0.0, 0.0, 0.0, 0.0, 0.0, 0.0, 0.0, 0.0, 0.0, 0.0, 0.0, 0.0, 0.0, 0.0, 0.0], [0.0, 0.0, 0.0, 0.0, 0.0, 0.0, 0.0, 0.0, 0.0, 0.0, 0.0, 0.0, 0.0, 0.0, 0.0, 0.0, 0.0, 0.0, 0.0, 0.0, 0.0, 0.0, 0.0, 0.0, 0.0, 0.0, 0.0, 0.0], [0.0, 0.0, 0.0, 0.0, 0.0, 0.0, 0.0, 0.0, 0.0, 0.0, 0.0, 0.0, 0.0, 0.0, 0.0, 0.0, 0.0, 0.0, 0.0, 0.0, 0.0, 0.0, 0.0, 0.0, 0.0, 0.0, 0.0, 0.0]], [[0.0, 0.0, 0.0, 0.0, 0.0, 0.0, 0.0, 0.0, 0.0, 0.0, 0.0, 0.0, 0.0, 0.0, 0.0, 0.0, 0.0, 0.0, 0.0, 0.0, 0.0, 0.0, 0.0, 0.0, 0.0, 0.0, 0.0, 0.0], [0.0, 0.0, 0.0, 0.0, 0.0, 0.0, 0.0, 0.0, 0.0, 0.0, 0.0, 0.0, 0.0, 0.0, 0.0, 0.0, 0.0, 0.0, 0.0, 0.0, 0.0, 0.0, 0.0, 0.0, 0.0, 0.0, 0.0, 0.0], [0.0, 0.0, 0.0, 0.0, 0.0, 0.0, 0.0, 0.0, 0.0, 0.0, 0.0, 0.0, 0.0, 0.0, 0.0, 0.0, 0.0, 0.0, 0.0, 0.0, 0.0, 0.0, 0.0, 0.0, 0.0, 0.0, 0.0, 0.0], [0.0, 0.0, 0.0, 0.0, 0.0, 0.0, 0.0, 0.0, 0.0, 0.0, 0.0, 0.0, 0.0, 0.0, 0.0, 0.0, 0.0, 0.0, 0.0, 0.0, 0.0, 0.0, 0.0, 0.0, 0.0, 0.0, 0.0, 0.0]], [[0.0, 0.0, 0.0, 0.0, 0.0, 0.0, 0.0, 0.0, 0.0, 0.0, 0.0, 0.0, 0.0, 0.0, 0.0, 0.0, 0.0, 0.0, 0.0, 0.0, 0.0, 0.0, 0.0, 0.0, 0.0, 0.0, 0.0, 0.0], [0.0, 0.0, 0.0, 0.0, 0.0, 0.0, 0.0, 0.0, 0.0, 0.0, 0.0, 0.0, 0.0, 0.0, 0.0, 0.0, 0.0, 0.0, 0.0, 0.0, 0.0, 0.0, 0.0, 0.0, 0.0, 0.0, 0.0, 0.0], [0.0, 0.0, 0.0, 0.0, 0.0, 0.0, 0.0, 0.0, 0.0, 0.0, 0.0, 0.0, 0.0, 0.0, 0.0, 0.0, 0.0, 0.0, 0.0, 0.0, 0.0, 0.0, 0.0, 0.0, 0.0, 0.0, 0.0, 0.0], [0.0, 0.0, 0.0, 0.0, 0.0, 0.0, 0.0, 0.0, 0.0, 0.0, 0.0, 0.0, 0.0, 0.0, 0.0, 0.0, 0.0, 0.0, 0.0, 0.0, 0.0, 0.0, 0.0, 0.0, 0.0, 0.0, 0.0, 0.0]], [[0.0, 0.0, 0.0, 0.0, 0.0, 0.0, 0.0, 0.0, 0.0, 0.0, 0.0, 0.0, 0.0, 0.0, 0.0, 0.0, 0.0, 0.0, 0.0, 0.0, 0.0, 0.0, 0.0, 0.0, 0.0, 0.0, 0.0, 0.0], [0.0, 0.0, 0.0, 0.0, 0.0, 0.0, 0.0, 0.0, 0.0, 0.0, 0.0, 0.0, 0.0, 0.0, 0.0, 0.0, 0.0, 0.0, 0.0, 0.0, 0.0, 0.0, 0.0, 0.0, 0.0, 0.0, 0.0, 0.0], [0.0, 0.0, 0.0, 0.0, 0.0, 0.0, 0.0, 0.0, 0.0, 0.0, 0.0, 0.0, 0.0, 0.0, 0.0, 0.0, 0.0, 0.0, 0.0, 0.0, 0.0, 0.0, 0.0, 0.0, 0.0, 0.0, 0.0, 0.0], [0.0, 0.0, 0.0, 0.0, 0.0, 0.0, 0.0, 0.0, 0.0, 0.0, 0.0, 0.0, 0.0, 0.0, 0.0, 0.0, 0.0, 0.0, 0.0, 0.0, 0.0, 0.0, 0.0, 0.0, 0.0, 0.0, 0.0, 0.0]], [[0.0, 0.0, 0.0, 0.0, 0.0, 0.0, 0.0, 0.0, 0.0, 0.0, 0.0, 0.0, 0.0, 0.0, 0.0, 0.0, 0.0, 0.0, 0.0, 0.0, 0.0, 0.0, 0.0, 0.0, 0.0, 0.0, 0.0, 0.0], [0.0, 0.0, 0.0, 0.0, 0.0, 0.0, 0.0, 0.0, 0.0, 0.0, 0.0, 0.0, 0.0, 0.0, 0.0, 0.0, 0.0, 0.0, 0.0, 0.0, 0.0, 0.0, 0.0, 0.0, 0.0, 0.0, 0.0, 0.0], [0.0, 0.0, 0.0, 0.0, 0.0, 0.0, 0.0, 0.0, 0.0, 0.0, 0.0, 0.0, 0.0, 0.0, 0.0, 0.0, 0.0, 0.0, 0.0, 0.0, 0.0, 0.0, 0.0, 0.0, 0.0, 0.0, 0.0, 0.0], [0.0, 0.0, 0.0, 0.0, 0.0, 0.0, 0.0, 0.0, 0.0, 0.0, 0.0, 0.0, 0.0, 0.0, 0.0, 0.0, 0.0, 0.0, 0.0, 0.0, 0.0, 0.0, 0.0, 0.0, 0.0, 0.0, 0.0, 0.0]], [[0.0, 0.0, 0.0, 0.0, 0.0, 0.0, 0.0, 0.0, 0.0, 0.0, 0.0, 0.0, 0.0, 0.0, 0.0, 0.0, 0.0, 0.0, 0.0, 0.0, 0.0, 0.0, 0.0, 0.0, 0.0, 0.0, 0.0, 0.0], [0.0, 0.0, 0.0, 0.0, 0.0, 0.0, 0.0, 0.0, 0.0, 0.0, 0.0, 0.0, 0.0, 0.0, 0.0, 0.0, 0.0, 0.0, 0.0, 0.0, 0.0, 0.0, 0.0, 0.0, 0.0, 0.0, 0.0, 0.0], [0.0, 0.0, 0.0, 0.0, 0.0, 0.0, 0.0, 0.0, 0.0, 0.0, 0.0, 0.0, 0.0, 0.0, 0.0, 0.0, 0.0, 0.0, 0.0, 0.0, 0.0, 0.0, 0.0, 0.0, 0.0, 0.0, 0.0, 0.0], [0.0, 0.0, 0.0, 0.0, 0.0, 0.0, 0.0, 0.0, 0.0, 0.0, 0.0, 0.0, 0.0, 0.0, 0.0, 0.0, 0.0, 0.0, 0.0, 0.0, 0.0, 0.0, 0.0, 0.0, 0.0, 0.0, 0.0, 0.0]], [[0.0, 0.0, 0.0, 0.0, 0.0, 0.0, 0.0, 0.0, 0.0, 0.0, 0.0, 0.0, 0.0, 0.0, 0.0, 0.0, 0.0, 0.0, 0.0, 0.0, 0.0, 0.0, 0.0, 0.0, 0.0, 0.0, 0.0, 0.0], [0.0, 0.0, 0.0, 0.0, 0.0, 0.0, 0.0, 0.0, 0.0, 0.0, 0.0, 0.0, 0.0, 0.0, 0.0, 0.0, 0.0, 0.0, 0.0, 0.0, 0.0, 0.0, 0.0, 0.0, 0.0, 0.0, 0.0, 0.0], [0.0, 0.0, 0.0, 0.0, 0.0, 0.0, 0.0, 0.0, 0.0, 0.0, 0.0, 0.0, 0.0, 0.0, 0.0, 0.0, 0.0, 0.0, 0.0, 0.0, 0.0, 0.0, 0.0, 0.0, 0.0, 0.0, 0.0, 0.0], [0.0, 0.0, 0.0, 0.0, 0.0, 0.0, 0.0, 0.0, 0.0, 0.0, 0.0, 0.0, 0.0, 0.0, 0.0, 0.0, 0.0, 0.0, 0.0, 0.0, 0.0, 0.0, 0.0, 0.0, 0.0, 0.0, 0.0, 0.0]], [[0.0, 0.0, 0.0, 0.0, 0.0, 0.0, 0.0, 0.0, 0.0, 0.0, 0.0, 0.0, 0.0, 0.0, 0.0, 0.0, 0.0, 0.0, 0.0, 0.0, 0.0, 0.0, 0.0, 0.0, 0.0, 0.0, 0.0, 0.0], [0.0, 0.0, 0.0, 0.0, 0.0, 0.0, 0.0, 0.0, 0.0, 0.0, 0.0, 0.0, 0.0, 0.0, 0.0, 0.0, 0.0, 0.0, 0.0, 0.0, 0.0, 0.0, 0.0, 0.0, 0.0, 0.0, 0.0, 0.0], [0.0, 0.0, 0.0, 0.0, 0.0, 0.0, 0.0, 0.0, 0.0, 0.0, 0.0, 0.0, 0.0, 0.0, 0.0, 0.0, 0.0, 0.0, 0.0, 0.0, 0.0, 0.0, 0.0, 0.0, 0.0, 0.0, 0.0, 0.0], [0.0, 0.0, 0.0, 0.0, 0.0, 0.0, 0.0, 0.0, 0.0, 0.0, 0.0, 0.0, 0.0, 0.0, 0.0, 0.0, 0.0, 0.0, 0.0, 0.0, 0.0, 0.0, 0.0, 0.0, 0.0, 0.0, 0.0, 0.0]], [[0.0, 0.0, 0.0, 0.0, 0.0, 0.0, 0.0, 0.0, 0.0, 0.0, 0.0, 0.0, 0.0, 0.0, 0.0, 0.0, 0.0, 0.0, 0.0, 0.0, 0.0, 0.0, 0.0, 0.0, 0.0, 0.0, 0.0, 0.0], [0.0, 0.0, 0.0, 0.0, 0.0, 0.0, 0.0, 0.0, 0.0, 0.0, 0.0, 0.0, 0.0, 0.0, 0.0, 0.0, 0.0, 0.0, 0.0, 0.0, 0.0, 0.0, 0.0, 0.0, 0.0, 0.0, 0.0, 0.0], [0.0, 0.0, 0.0, 0.0, 0.0, 0.0, 0.0, 0.0, 0.0, 0.0, 0.0, 0.0, 0.0, 0.0, 0.0, 0.0, 0.0, 0.0, 0.0, 0.0, 0.0, 0.0, 0.0, 0.0, 0.0, 0.0, 0.0, 0.0], [0.0, 0.0, 0.0, 0.0, 0.0, 0.0, 0.0, 0.0, 0.0, 0.0, 0.0, 0.0, 0.0, 0.0, 0.0, 0.0, 0.0, 0.0, 0.0, 0.0, 0.0, 0.0, 0.0, 0.0, 0.0, 0.0, 0.0, 0.0]], [[0.0, 0.0, 0.0, 0.0, 0.0, 0.0, 0.0, 0.0, 0.0, 0.0, 0.0, 0.0, 0.0, 0.0, 0.0, 0.0, 0.0, 0.0, 0.0, 0.0, 0.0, 0.0, 0.0, 0.0, 0.0, 0.0, 0.0, 0.0], [0.0, 0.0, 0.0, 0.0, 0.0, 0.0, 0.0, 0.0, 0.0, 0.0, 0.0, 0.0, 0.0, 0.0, 0.0, 0.0, 0.0, 0.0, 0.0, 0.0, 0.0, 0.0, 0.0, 0.0, 0.0, 0.0, 0.0, 0.0], [0.0, 0.0, 0.0, 0.0, 0.0, 0.0, 0.0, 0.0, 0.0, 0.0, 0.0, 0.0, 0.0, 0.0, 0.0, 0.0, 0.0, 0.0, 0.0, 0.0, 0.0, 0.0, 0.0, 0.0, 0.0, 0.0, 0.0, 0.0], [0.0, 0.0, 0.0, 0.0, 0.0, 0.0, 0.0, 0.0, 0.0, 0.0, 0.0, 0.0, 0.0, 0.0, 0.0, 0.0, 0.0, 0.0, 0.0, 0.0, 0.0, 0.0, 0.0, 0.0, 0.0, 0.0, 0.0, 0.0]], [[0.0, 0.0, 0.0, 0.0, 0.0, 0.0, 0.0, 0.0, 0.0, 0.0, 0.0, 0.0, 0.0, 0.0, 0.0, 0.0, 0.0, 0.0, 0.0, 0.0, 0.0, 0.0, 0.0, 0.0, 0.0, 0.0, 0.0, 0.0], [0.0, 0.0, 0.0, 0.0, 0.0, 0.0, 0.0, 0.0, 0.0, 0.0, 0.0, 0.0, 0.0, 0.0, 0.0, 0.0, 0.0, 0.0, 0.0, 0.0, 0.0, 0.0, 0.0, 0.0, 0.0, 0.0, 0.0, 0.0], [0.0, 0.0, 0.0, 0.0, 0.0, 0.0, 0.0, 0.0, 0.0, 0.0, 0.0, 0.0, 0.0, 0.0, 0.0, 0.0, 0.0, 0.0, 0.0, 0.0, 0.0, 0.0, 0.0, 0.0, 0.0, 0.0, 0.0, 0.0], [0.0, 0.0, 0.0, 0.0, 0.0, 0.0, 0.0, 0.0, 0.0, 0.0, 0.0, 0.0, 0.0, 0.0, 0.0, 0.0, 0.0, 0.0, 0.0, 0.0, 0.0, 0.0, 0.0, 0.0, 0.0, 0.0, 0.0, 0.0]], [[0.0, 0.0, 0.0, 0.0, 0.0, 0.0, 0.0, 0.0, 0.0, 0.0, 0.0, 0.0, 0.0, 0.0, 0.0, 0.0, 0.0, 0.0, 0.0, 0.0, 0.0, 0.0, 0.0, 0.0, 0.0, 0.0, 0.0, 0.0], [0.0, 0.0, 0.0, 0.0, 0.0, 0.0, 0.0, 0.0, 0.0, 0.0, 0.0, 0.0, 0.0, 0.0, 0.0, 0.0, 0.0, 0.0, 0.0, 0.0, 0.0, 0.0, 0.0, 0.0, 0.0, 0.0, 0.0, 0.0], [0.0, 0.0, 0.0, 0.0, 0.0, 0.0, 0.0, 0.0, 0.0, 0.0, 0.0, 0.0, 0.0, 0.0, 0.0, 0.0, 0.0, 0.0, 0.0, 0.0, 0.0, 0.0, 0.0, 0.0, 0.0, 0.0, 0.0, 0.0], [0.0, 0.0, 0.0, 0.0, 0.0, 0.0, 0.0, 0.0, 0.0, 0.0, 0.0, 0.0, 0.0, 0.0, 0.0, 0.0, 0.0, 0.0, 0.0, 0.0, 0.0, 0.0, 0.0, 0.0, 0.0, 0.0, 0.0, 0.0]], [[0.0, 0.0, 0.0, 0.0, 0.0, 0.0, 0.0, 0.0, 0.0, 0.0, 0.0, 0.0, 0.0, 0.0, 0.0, 0.0, 0.0, 0.0, 0.0, 0.0, 0.0, 0.0, 0.0, 0.0, 0.0, 0.0, 0.0, 0.0], [0.0, 0.0, 0.0, 0.0, 0.0, 0.0, 0.0, 0.0, 0.0, 0.0, 0.0, 0.0, 0.0, 0.0, 0.0, 0.0, 0.0, 0.0, 0.0, 0.0, 0.0, 0.0, 0.0, 0.0, 0.0, 0.0, 0.0, 0.0], [0.0, 0.0, 0.0, 0.0, 0.0, 0.0, 0.0, 0.0, 0.0, 0.0, 0.0, 0.0, 0.0, 0.0, 0.0, 0.0, 0.0, 0.0, 0.0, 0.0, 0.0, 0.0, 0.0, 0.0, 0.0, 0.0, 0.0, 0.0], [0.0, 0.0, 0.0, 0.0, 0.0, 0.0, 0.0, 0.0, 0.0, 0.0, 0.0, 0.0, 0.0, 0.0, 0.0, 0.0, 0.0, 0.0, 0.0, 0.0, 0.0, 0.0, 0.0, 0.0, 0.0, 0.0, 0.0, 0.0]], [[0.0, 0.0, 0.0, 0.0, 0.0, 0.0, 0.0, 0.0, 0.0, 0.0, 0.0, 0.0, 0.0, 0.0, 0.0, 0.0, 0.0, 0.0, 0.0, 0.0, 0.0, 0.0, 0.0, 0.0, 0.0, 0.0, 0.0, 0.0], [0.0, 0.0, 0.0, 0.0, 0.0, 0.0, 0.0, 0.0, 0.0, 0.0, 0.0, 0.0, 0.0, 0.0, 0.0, 0.0, 0.0, 0.0, 0.0, 0.0, 0.0, 0.0, 0.0, 0.0, 0.0, 0.0, 0.0, 0.0], [0.0, 0.0, 0.0, 0.0, 0.0, 0.0, 0.0, 0.0, 0.0, 0.0, 0.0, 0.0, 0.0, 0.0, 0.0, 0.0, 0.0, 0.0, 0.0, 0.0, 0.0, 0.0, 0.0, 0.0, 0.0, 0.0, 0.0, 0.0], [0.0, 0.0, 0.0, 0.0, 0.0, 0.0, 0.0, 0.0, 0.0, 0.0, 0.0, 0.0, 0.0, 0.0, 0.0, 0.0, 0.0, 0.0, 0.0, 0.0, 0.0, 0.0, 0.0, 0.0, 0.0, 0.0, 0.0, 0.0]], [[0.0, 0.0, 0.0, 0.0, 0.0, 0.0, 0.0, 0.0, 0.0, 0.0, 0.0, 0.0, 0.0, 0.0, 0.0, 0.0, 0.0, 0.0, 0.0, 0.0, 0.0, 0.0, 0.0, 0.0, 0.0, 0.0, 0.0, 0.0], [0.0, 0.0, 0.0, 0.0, 0.0, 0.0, 0.0, 0.0, 0.0, 0.0, 0.0, 0.0, 0.0, 0.0, 0.0, 0.0, 0.0, 0.0, 0.0, 0.0, 0.0, 0.0, 0.0, 0.0, 0.0, 0.0, 0.0, 0.0], [0.0, 0.0, 0.0, 0.0, 0.0, 0.0, 0.0, 0.0, 0.0, 0.0, 0.0, 0.0, 0.0, 0.0, 0.0, 0.0, 0.0, 0.0, 0.0, 0.0, 0.0, 0.0, 0.0, 0.0, 0.0, 0.0, 0.0, 0.0], [0.0, 0.0, 0.0, 0.0, 0.0, 0.0, 0.0, 0.0, 0.0, 0.0, 0.0, 0.0, 0.0, 0.0, 0.0, 0.0, 0.0, 0.0, 0.0, 0.0, 0.0, 0.0, 0.0, 0.0, 0.0, 0.0, 0.0, 0.0]], [[0.0, 0.0, 0.0, 0.0, 0.0, 0.0, 0.0, 0.0, 0.0, 0.0, 0.0, 0.0, 0.0, 0.0, 0.0, 0.0, 0.0, 0.0, 0.0, 0.0, 0.0, 0.0, 0.0, 0.0, 0.0, 0.0, 0.0, 0.0], [0.0, 0.0, 0.0, 0.0, 0.0, 0.0, 0.0, 0.0, 0.0, 0.0, 0.0, 0.0, 0.0, 0.0, 0.0, 0.0, 0.0, 0.0, 0.0, 0.0, 0.0, 0.0, 0.0, 0.0, 0.0, 0.0, 0.0, 0.0], [0.0, 0.0, 0.0, 0.0, 0.0, 0.0, 0.0, 0.0, 0.0, 0.0, 0.0, 0.0, 0.0, 0.0, 0.0, 0.0, 0.0, 0.0, 0.0, 0.0, 0.0, 0.0, 0.0, 0.0, 0.0, 0.0, 0.0, 0.0], [0.0, 0.0, 0.0, 0.0, 0.0, 0.0, 0.0, 0.0, 0.0, 0.0, 0.0, 0.0, 0.0, 0.0, 0.0, 0.0, 0.0, 0.0, 0.0, 0.0, 0.0, 0.0, 0.0, 0.0, 0.0, 0.0, 0.0, 0.0]]];
t = [[99999999.0, 9.291588277381713, 14.76354371838148, 14.80317899015793, 10.920740726290719, 7.142843166375979, 13.941178939148763, 8.031448714109642, 10.540845737332951, 11.251243790937057, 13.568402407113705, 6.11972207958093, 10.214898181823122, 8.253149905448257, 13.253147854293521, 9.13081204217768, 10.41784876967025, 12.90808899347339, 10.33397762792795, 8.034744558282057, 13.400264595084309, 12.466221500416506, 14.73542111522674, 11.103050496700762, 9.283581790034653, 8.939989659522984, 5.593209893064591, 11.86918798229293, 9.43742713267023, 6.423287111146959], [9.291588277381713, 99999999.0, 5.525926473000654, 11.827774870611425, 13.074838961804575, 5.093618460849282, 12.941466190043432, 10.244158787491028, 13.53793138274433, 13.400015792529025, 7.286863265883654, 9.157004913449873, 14.76050113526195, 7.782539157559563, 7.2393501533645, 13.48005315922676, 13.985359571873246, 12.068127085211026, 14.554919047639123, 7.63510299168368, 12.778262560528443, 8.916488102047666, 5.496296243015545, 13.494027606519039, 10.39384355583455, 10.557892803682229, 7.834991012271995, 12.47506470223339, 9.116598046555477, 11.53703338773461], [14.76354371838148, 5.525926473000654, 99999999.0, 6.882388845729931, 12.275742162893183, 11.874218783990468, 9.460507606645773, 6.017434792066016, 11.083339062418935, 5.754846396427159, 7.853763367485051, 7.930140649170453, 10.500978069299073, 7.217491682683708, 13.897452705936125, 12.561175800436011, 5.608080139611976, 8.902523353812036, 6.183002555790349, 9.61985543856645, 13.626777286634965, 11.236222348071967, 5.3963688572923285, 8.18258560975299, 12.763107730542174, 12.88721137867287, 12.3804889207665, 6.5283447209848795, 5.411541209292484, 11.89116057894809], [14.80317899015793, 11.827774870611425, 6.882388845729931, 99999999.0, 14.008686585651164, 5.870166665864737, 12.811128104424501, 12.527934767774486, 5.272585124410245, 13.777129707531211, 11.106110877940214, 7.348217382515947, 13.154405910901229, 7.320142270053155, 6.001443047997776, 14.286735916280618, 7.859824288053009, 7.919968978900779, 13.879636195521625, 11.359106580689868, 9.431375204334612, 8.061902883904537, 6.547044104005401, 7.938282522866073, 6.479213821784022, 6.588407384481431, 12.924996110560503, 12.175173757141318, 10.70703348689882, 6.960191085662899], [10.920740726290719, 13.074838961804575, 12.275742162893183, 14.008686585651164, 99999999.0, 9.202462693018635, 13.088204026193571, 5.608560692215056, 12.23705592345695, 11.94446504717209, 8.017866636678566, 7.937634452495209, 10.51767196421564, 5.72520426587941, 6.63016607382862, 5.4437146269643595, 8.247938042384284, 8.937368139901212, 13.440206618690425, 13.486158244193426, 7.421030947257512, 13.031002532691963, 12.715297692108802, 11.656989075592621, 7.693506025928974, 7.128427146808311, 14.101513381290038, 11.50953324927012, 9.024285025615711, 13.173167485507191], [7.142843166375979, 5.093618460849282, 11.874218783990468, 5.870166665864737, 9.202462693018635, 99999999.0, 13.768949356472774, 7.484694212242877, 12.893264523482252, 7.69780909345093, 7.6241715976413795, 9.007900277245398, 14.658584644098898, 13.958315803498799, 13.43590572270515, 10.351063461877965, 5.046201918821282, 12.876294816469965, 11.572286546696166, 6.124160579793881, 12.363032035293564, 9.687345812424653, 8.586349287450751, 8.940088712444767, 5.3202630587357245, 9.467931647410659, 11.418297884792565, 12.44138722914554, 8.622960357351397, 5.5729407668085145], [13.941178939148763, 12.941466190043432, 9.460507606645773, 12.811128104424501, 13.088204026193571, 13.768949356472774, 99999999.0, 13.869658228586546, 5.696972729550826, 9.430408719064172, 14.816733809034963, 8.594779210566603, 14.599280732537762, 10.411073642094832, 11.42936039166299, 12.990806359454321, 8.576378025944736, 5.375340547242706, 12.24849629230716, 6.7987937154624145, 8.293189422290459, 9.390111595876554, 14.716535330996464, 8.963665523195385, 6.115003006549974, 13.974188120399424, 11.275768210356532, 13.251794393389106, 9.56957206015803, 11.211014134466007], [8.031448714109642, 10.244158787491028, 6.017434792066016, 12.527934767774486, 5.608560692215056, 7.484694212242877, 13.869658228586546, 99999999.0, 12.128215767732364, 10.337117390510885, 8.638725747393165, 11.323957514206779, 6.903082865117773, 9.369018411469922, 6.914225264535508, 12.066524591990465, 10.744359655462013, 7.919411602301853, 5.421254851189951, 12.455031068055327, 10.619726322587258, 8.203961780873467, 12.980945548075352, 8.83612428851918, 9.336351638042768, 12.075513013784985, 11.897348932150322, 5.436099697597438, 5.990179561103456, 11.973609143064234], [10.540845737332951, 13.53793138274433, 11.083339062418935, 5.272585124410245, 12.23705592345695, 12.893264523482252, 5.696972729550826, 12.128215767732364, 99999999.0, 9.363172017906603, 7.3041508861101345, 12.681662765307685, 12.119735254625747, 13.933427062124037, 9.405861693331385, 7.676069211763811, 10.2825763212138, 12.161622348223961, 8.674335841139447, 8.53822762956898, 14.235952219323472, 9.817909806911928, 13.228866621010058, 6.569935385428133, 5.6291454025270395, 14.149178025984197, 6.115410444956026, 8.403110618126926, 6.505781889558002, 5.195018632424491], [11.251243790937057, 13.400015792529025, 5.754846396427159, 13.777129707531211, 11.94446504717209, 7.69780909345093, 9.430408719064172, 10.337117390510885, 9.363172017906603, 99999999.0, 5.247175270087738, 7.834275411558646, 8.784066002429478, 9.898332934247614, 14.096652273451799, 13.235435193141017, 10.393209475208353, 9.340529279593655, 11.565579113385576, 7.495977628113216, 13.234311440052378, 5.057863953287662, 7.250503158532129, 8.924672579137956, 8.874305636159303, 14.21789044426579, 8.866658612281029, 6.380640026515119, 9.969666424355118, 9.505182002373855], [13.568402407113705, 7.286863265883654, 7.853763367485051, 11.106110877940214, 8.017866636678566, 7.6241715976413795, 14.816733809034963, 8.638725747393165, 7.3041508861101345, 5.247175270087738, 99999999.0, 5.796725298289399, 8.832550720826639, 9.528059711177104, 6.385544690842594, 13.419553066542067, 10.078373298468417, 10.796572200613863, 11.782273726061002, 13.676085627355803, 11.677061231900101, 6.891308658327376, 7.656976095429975, 12.375803243645288, 13.096617467489223, 7.868962408116142, 7.5313369487627435, 11.267657125448766, 11.719620149903655, 11.249293017509853], [6.11972207958093, 9.157004913449873, 7.930140649170453, 7.348217382515947, 7.937634452495209, 9.007900277245398, 8.594779210566603, 11.323957514206779, 12.681662765307685, 7.834275411558646, 5.796725298289399, 99999999.0, 6.279660530048059, 11.90473208722818, 12.263380423598512, 14.496824105067672, 14.972246160831702, 14.456347577625026, 5.04810237139833, 8.161411678538922, 5.333427484701227, 11.450267840285768, 8.760479468129063, 5.305182858608006, 12.072909637552854, 14.540288464799309, 7.8393608295023745, 10.101318240933065, 11.45260103757386, 7.8526398770323755], [10.214898181823122, 14.76050113526195, 10.500978069299073, 13.154405910901229, 10.51767196421564, 14.658584644098898, 14.599280732537762, 6.903082865117773, 12.119735254625747, 8.784066002429478, 8.832550720826639, 6.279660530048059, 99999999.0, 7.5412777306263346, 12.535307009606946, 8.679775041048815, 5.8082311734801, 13.922156305022217, 12.694868394713538, 8.542975353490359, 12.443577950022744, 13.473708772386559, 14.780258646745633, 12.041326516884057, 11.936357724387573, 12.541411587063076, 9.098354814018828, 7.814168396836583, 9.144905831786527, 12.297916154826467], [8.253149905448257, 7.782539157559563, 7.217491682683708, 7.320142270053155, 5.72520426587941, 13.958315803498799, 10.411073642094832, 9.369018411469922, 13.933427062124037, 9.898332934247614, 9.528059711177104, 11.90473208722818, 7.5412777306263346, 99999999.0, 8.543314183943304, 11.004758433740651, 8.52140000646731, 7.426261623936079, 6.256615913852502, 13.498951872432043, 12.819569317180225, 8.021140605936559, 10.520277830749109, 5.333915263224695, 8.03574308572907, 14.126076707289897, 6.572381577758213, 11.823313315899584, 11.149415373663924, 9.761771790308401], [13.253147854293521, 7.2393501533645, 13.897452705936125, 6.001443047997776, 6.63016607382862, 13.43590572270515, 11.42936039166299, 6.914225264535508, 9.405861693331385, 14.096652273451799, 6.385544690842594, 12.263380423598512, 12.535307009606946, 8.543314183943304, 99999999.0, 10.593004913984496, 10.793376606321262, 14.571534599093722, 8.768452552446462, 12.469068998106918, 13.347795347333225, 14.022142472140821, 7.885983529693022, 12.327368573206513, 5.276042967879892, 5.12043007453295, 7.106163789599824, 9.253378472521565, 6.0454685218946915, 5.54133346929198], [9.13081204217768, 13.48005315922676, 12.561175800436011, 14.286735916280618, 5.4437146269643595, 10.351063461877965, 12.990806359454321, 12.066524591990465, 7.676069211763811, 13.235435193141017, 13.419553066542067, 14.496824105067672, 8.679775041048815, 11.004758433740651, 10.593004913984496, 99999999.0, 10.635595901936746, 5.6598324682283465, 13.690918235475158, 5.859529971359436, 7.778682330691364, 7.211484530161238, 8.062881292685757, 12.03070957834234, 9.47757375438179, 10.624705818754027, 13.816164774658183, 7.390706855297973, 9.714353534673695, 7.550048801131552], [10.41784876967025, 13.985359571873246, 5.608080139611976, 7.859824288053009, 8.247938042384284, 5.046201918821282, 8.576378025944736, 10.744359655462013, 10.2825763212138, 10.393209475208353, 10.078373298468417, 14.972246160831702, 5.8082311734801, 8.52140000646731, 10.793376606321262, 10.635595901936746, 99999999.0, 14.312929415108979, 6.401210815603928, 5.980156845488233, 12.87299001221173, 11.103673558527511, 14.936888024974314, 9.316333298884047, 9.353215639292781, 13.160876111409483, 12.787404300117727, 12.48270056320041, 8.474293276805852, 10.089516532625112], [12.90808899347339, 12.068127085211026, 8.902523353812036, 7.919968978900779, 8.937368139901212, 12.876294816469965, 5.375340547242706, 7.919411602301853, 12.161622348223961, 9.340529279593655, 10.796572200613863, 14.456347577625026, 13.922156305022217, 7.426261623936079, 14.571534599093722, 5.6598324682283465, 14.312929415108979, 99999999.0, 5.818559109641709, 8.067337967571135, 10.66738979529865, 11.640193882611443, 13.325101377694404, 11.10790895644918, 11.419278220774132, 6.403106492121559, 11.583533735872418, 8.088447173859965, 12.919986684832846, 6.07108201846045], [10.33397762792795, 14.554919047639123, 6.183002555790349, 13.879636195521625, 13.440206618690425, 11.572286546696166, 12.24849629230716, 5.421254851189951, 8.674335841139447, 11.565579113385576, 11.782273726061002, 5.04810237139833, 12.694868394713538, 6.256615913852502, 8.768452552446462, 13.690918235475158, 6.401210815603928, 5.818559109641709, 99999999.0, 12.673944900661862, 11.01457710414967, 10.654503259683697, 10.16479859767435, 14.826197131802015, 9.989210111878991, 14.46856133637173, 8.763292851974658, 5.331917798163007, 8.647006214384287, 9.173917153313116], [8.034744558282057, 7.63510299168368, 9.61985543856645, 11.359106580689868, 13.486158244193426, 6.124160579793881, 6.7987937154624145, 12.455031068055327, 8.53822762956898, 7.495977628113216, 13.676085627355803, 8.161411678538922, 8.542975353490359, 13.498951872432043, 12.469068998106918, 5.859529971359436, 5.980156845488233, 8.067337967571135, 12.673944900661862, 99999999.0, 9.469029029855657, 14.962347840731706, 8.951065315512881, 12.5575768529797, 11.351603434380802, 11.706751216532805, 9.933034565728228, 11.70710675076392, 13.083431049501577, 6.685272948458302], [13.400264595084309, 12.778262560528443, 13.626777286634965, 9.431375204334612, 7.421030947257512, 12.363032035293564, 8.293189422290459, 10.619726322587258, 14.235952219323472, 13.234311440052378, 11.677061231900101, 5.333427484701227, 12.443577950022744, 12.819569317180225, 13.347795347333225, 7.778682330691364, 12.87299001221173, 10.66738979529865, 11.01457710414967, 9.469029029855657, 99999999.0, 13.643461792267447, 8.85773755031498, 7.8529147908438715, 14.264416933413798, 5.247808009722814, 14.472491709376957, 6.625455054556281, 8.90541040820854, 14.798334924155297], [12.466221500416506, 8.916488102047666, 11.236222348071967, 8.061902883904537, 13.031002532691963, 9.687345812424653, 9.390111595876554, 8.203961780873467, 9.817909806911928, 5.057863953287662, 6.891308658327376, 11.450267840285768, 13.473708772386559, 8.021140605936559, 14.022142472140821, 7.211484530161238, 11.103673558527511, 11.640193882611443, 10.654503259683697, 14.962347840731706, 13.643461792267447, 99999999.0, 9.236209353536918, 6.545088791333606, 11.174145331904542, 14.707215426441053, 10.081830539369209, 7.748625928040034, 10.168218086979373, 14.536031919072352], [14.73542111522674, 5.496296243015545, 5.3963688572923285, 6.547044104005401, 12.715297692108802, 8.586349287450751, 14.716535330996464, 12.980945548075352, 13.228866621010058, 7.250503158532129, 7.656976095429975, 8.760479468129063, 14.780258646745633, 10.520277830749109, 7.885983529693022, 8.062881292685757, 14.936888024974314, 13.325101377694404, 10.16479859767435, 8.951065315512881, 8.85773755031498, 9.236209353536918, 99999999.0, 5.722103575331001, 10.42363267531669, 10.043382646760714, 12.452672652474778, 7.2696045726992295, 6.760299327093403, 9.804128798914906], [11.103050496700762, 13.494027606519039, 8.18258560975299, 7.938282522866073, 11.656989075592621, 8.940088712444767, 8.963665523195385, 8.83612428851918, 6.569935385428133, 8.924672579137956, 12.375803243645288, 5.305182858608006, 12.041326516884057, 5.333915263224695, 12.327368573206513, 12.03070957834234, 9.316333298884047, 11.10790895644918, 14.826197131802015, 12.5575768529797, 7.8529147908438715, 6.545088791333606, 5.722103575331001, 99999999.0, 13.430975179290597, 13.007469044902022, 5.174303441557378, 14.031215837745517, 14.38825948531001, 7.46138611167625], [9.283581790034653, 10.39384355583455, 12.763107730542174, 6.479213821784022, 7.693506025928974, 5.3202630587357245, 6.115003006549974, 9.336351638042768, 5.6291454025270395, 8.874305636159303, 13.096617467489223, 12.072909637552854, 11.936357724387573, 8.03574308572907, 5.276042967879892, 9.47757375438179, 9.353215639292781, 11.419278220774132, 9.989210111878991, 11.351603434380802, 14.264416933413798, 11.174145331904542, 10.42363267531669, 13.430975179290597, 99999999.0, 11.144684224319203, 12.858838790896243, 14.813959685161194, 7.622593792073293, 8.736668203434196], [8.939989659522984, 10.557892803682229, 12.88721137867287, 6.588407384481431, 7.128427146808311, 9.467931647410659, 13.974188120399424, 12.075513013784985, 14.149178025984197, 14.21789044426579, 7.868962408116142, 14.540288464799309, 12.541411587063076, 14.126076707289897, 5.12043007453295, 10.624705818754027, 13.160876111409483, 6.403106492121559, 14.46856133637173, 11.706751216532805, 5.247808009722814, 14.707215426441053, 10.043382646760714, 13.007469044902022, 11.144684224319203, 99999999.0, 9.612128368060555, 5.752519687953733, 11.596329775962756, 5.715332773234577], [5.593209893064591, 7.834991012271995, 12.3804889207665, 12.924996110560503, 14.101513381290038, 11.418297884792565, 11.275768210356532, 11.897348932150322, 6.115410444956026, 8.866658612281029, 7.5313369487627435, 7.8393608295023745, 9.098354814018828, 6.572381577758213, 7.106163789599824, 13.816164774658183, 12.787404300117727, 11.583533735872418, 8.763292851974658, 9.933034565728228, 14.472491709376957, 10.081830539369209, 12.452672652474778, 5.174303441557378, 12.858838790896243, 9.612128368060555, 99999999.0, 6.4243962533758125, 12.599814851863844, 14.251786320513334], [11.86918798229293, 12.47506470223339, 6.5283447209848795, 12.175173757141318, 11.50953324927012, 12.44138722914554, 13.251794393389106, 5.436099697597438, 8.403110618126926, 6.380640026515119, 11.267657125448766, 10.101318240933065, 7.814168396836583, 11.823313315899584, 9.253378472521565, 7.390706855297973, 12.48270056320041, 8.088447173859965, 5.331917798163007, 11.70710675076392, 6.625455054556281, 7.748625928040034, 7.2696045726992295, 14.031215837745517, 14.813959685161194, 5.752519687953733, 6.4243962533758125, 99999999.0, 7.079535273686224, 13.492019000233807], [9.43742713267023, 9.116598046555477, 5.411541209292484, 10.70703348689882, 9.024285025615711, 8.622960357351397, 9.56957206015803, 5.990179561103456, 6.505781889558002, 9.969666424355118, 11.719620149903655, 11.45260103757386, 9.144905831786527, 11.149415373663924, 6.0454685218946915, 9.714353534673695, 8.474293276805852, 12.919986684832846, 8.647006214384287, 13.083431049501577, 8.90541040820854, 10.168218086979373, 6.760299327093403, 14.38825948531001, 7.622593792073293, 11.596329775962756, 12.599814851863844, 7.079535273686224, 99999999.0, 7.120396011439699], [6.423287111146959, 11.53703338773461, 11.89116057894809, 6.960191085662899, 13.173167485507191, 5.5729407668085145, 11.211014134466007, 11.973609143064234, 5.195018632424491, 9.505182002373855, 11.249293017509853, 7.8526398770323755, 12.297916154826467, 9.761771790308401, 5.54133346929198, 7.550048801131552, 10.089516532625112, 6.07108201846045, 9.173917153313116, 6.685272948458302, 14.798334924155297, 14.536031919072352, 9.804128798914906, 7.46138611167625, 8.736668203434196, 5.715332773234577, 14.251786320513334, 13.492019000233807, 7.120396011439699, 99999999.0]];
