M = 99999999.0;
numWorkers = 25;
numRoles = 4;
numNodes = 30;
wStart = [0, 394.1514241993512, 300.76751982629895, 352.77644938847396, 94.11059928372548, 341.2111168699737, 344.0726599118608, 206.8277293920131, 206.9354436489025, 334.54182873026303, 101.23594557960035, 78.25646987846724, 221.01160067247164, 157.81401496689992, 391.9037378851112, 234.68392828474003, 412.0180437106297, 183.5151446788133, 205.82633142777834, 277.8567536471783, 323.64612329547555, 409.0287186596872, 379.0332030352161, 295.8781732757044, 204.35139610306453, 247.4395357129458, 348.0231150373176, 60.17463788194185, 332.72222225177086, 0];
wEnd = [0, 420.2821950338263, 331.5713947266669, 389.6023926764421, 123.32110212530391, 376.8306332535392, 382.80497421504003, 233.33471466299508, 238.01270804103433, 371.9815061140323, 127.89481709778428, 114.06975423550963, 251.89390726706785, 194.60119232241837, 418.11445332507697, 267.3121547033337, 446.52917502825585, 211.5774929156108, 237.31753793261376, 309.58012281551703, 361.5657486511319, 441.23996751252315, 407.8900690145009, 323.2723769938043, 239.39590209776122, 273.6131275949797, 383.70366887044156, 97.75037085124934, 367.42867628049635, 450];
p = [0, 16.819777891906046, 15.838065152266985, 22.44785282333117, 14.663973294671418, 12.154523610093017, 11.548588107853217, 17.105430146692317, 17.34501645512443, 17.836238112727045, 16.248648172208437, 16.155343130393035, 8.957678559157234, 20.35482733316603, 8.674330426707671, 19.420837221786307, 16.577216416103926, 10.223898259736313, 12.546402265908267, 12.486675610642124, 18.239259265668498, 12.71900227520182, 9.920172035887095, 16.22756578748834, 19.093874658877727, 12.913575216995648, 9.318382523262866, 10.700463989179266, 13.73750889752048, 0];
e = [[1, 1, 0, 0], [0, 0, 1, 1], [1, 1, 0, 0], [1, 1, 0, 0], [0, 0, 1, 1], [0, 0, 1, 1], [1, 0, 1, 0], [0, 1, 0, 1], [0, 0, 1, 1], [1, 0, 0, 1], [0, 1, 0, 1], [1, 0, 0, 1], [0, 1, 1, 0], [1, 0, 1, 0], [1, 0, 1, 0], [0, 1, 0, 0], [0, 0, 1, 0], [0, 1, 0, 0], [0, 0, 1, 0], [0, 1, 0, 0], [1, 0, 0, 0], [0, 0, 0, 1], [0, 1, 0, 0], [0, 0, 0, 1], [1, 0, 0, 0]];
d = [[1, 2, 0, 1, 2, 0, 2, 2, 3, 4, 0, 1, 1, 1, 2, 0, 1, 0, 3, 1, 1, 0, 2, 1, 1, 3, 2, 1], [0, 1, 0, 0, 1, 0, 0, 1, 1, 2, 3, 1, 3, 3, 1, 2, 2, 2, 1, 3, 0, 1, 1, 3, 0, 1, 0, 0], [4, 2, 2, 3, 1, 3, 1, 0, 0, 0, 4, 1, 2, 1, 1, 1, 1, 1, 1, 1, 0, 3, 1, 0, 5, 2, 2, 0], [2, 1, 3, 0, 1, 2, 0, 2, 0, 2, 0, 0, 2, 1, 1, 1, 2, 0, 1, 2, 2, 1, 0, 4, 1, 0, 2, 2]];
r = [80.41782551430748, 161.0185878730029, 154.40652557501792, 168.62837817542484, 100.98349055204568, 166.01437665162305, 97.42920212717061, 147.14784966786505, 84.50268086332156, 109.64367681134078, 187.95870738500548, 53.099798190282456, 133.25827502691652, 53.79401237410515, 126.29749088892754, 107.189100637096, 87.0931897630604, 112.14007777888662, 156.11953230063642, 72.8128307215232, 185.86247854102677, 62.25240264981747, 139.75422440521007, 181.77467689698778, 143.290021355036, 61.73142839703344, 125.17592141693277, 119.11810139746444];
b = [[[-1.8924023995943027, 1.9909278310628569, -0.946314137755484, -0.9754633161708925, -0.7821949258773087, 1.7875267642955972, -1.2617569188135687, 1.9509208412186663, 0.9041150902735602, 0.6487895614111245, -2.1338166839892296, -1.3055856391930092, 2.547509613259777, -1.8734299432276602, 0.16838109503734255, -1.7069242437422942, -1.4238907887162953, 0.35596667243573066, 1.7950176850929154, -2.9574099077611384, 1.4090486206859918, 2.4805607389700475, -1.4791700558039622, 2.6307756873173513, 2.2877115112558393, -1.1659301453298658, -1.736116139407665, 0.5053046354328972], [2.088729884827229, 1.5628899459963899, -1.6165278704618988, 2.027526468151346, 2.3063931934223936, -0.7740398559191934, -2.650938097469207, 0.8574636217881846, 2.158500515404193, -2.229639074486466, -0.688082570713755, 2.2278732508878365, -0.04305300600853368, -1.739648714985268, 1.8704266429370442, 0.4678995011590663, -0.9513818169125767, -2.5097692451227456, -0.32606527151765485, 0.6373153736420241, 0.2951346657695568, 2.5588115819122352, -1.75739171568044, -1.2387203557945887, -1.3006071235407686, 2.2982819500419875, -1.6331752192052291, -2.9410919396657405], [-0.4441289250022695, 2.112317258807882, 1.4449817513272984, 2.166315391880125, -2.1138084524968486, -0.954072259308135, -0.2486576254984625, -2.246400769174614, -0.32024041167977524, 1.8781401939602294, -0.6904897008653661, 1.9724040109630856, -1.6877155115262674, 0.5445614040463322, 0.31145953559477224, -0.1270354740984021, 0.12483362696881706, 2.343597485030857, 1.1993764692015638, 0.22212685159963463, -0.23738953940237195, 0.7006520898226647, -2.4576998326147272, 2.488297028550769, 1.527925927561614, 2.7179679888373913, 1.274614990244877, 0.2930933870290273], [-0.7399288573956055, 2.50807250112572, -1.5872702428531444, -1.733882630269804, 1.6475304968705604, 0.813336380399055, -0.169914830003282, -2.4718771580854764, 0.254044730188812, -1.506900704294107, 2.428138260393366, 2.8049824346763614, -1.3495367152981097, -0.13905353279008192, -1.2645308626044733, 2.031020867590197, 1.055728813423305, 2.7818376711615826, 0.6844485719978484, 1.4228487901459008, 0.5344388412698073, 2.1882263925849745, -1.7831819559869457, -1.5634933920019702, -2.371735210868194, -2.2390536943707726, 2.564202737955025, -1.3967540094981645]], [[-2.667764830702938, 1.9802348185746963, 2.27870410187393, -2.02001632144939, 1.7823247466963332, 2.208920745140741, -1.4243051548819277, -1.8066583111524142, -1.9941033124284224, 0.7080223911155601, -0.7685374860486034, -0.7728857566001679, 2.4970768679451014, -0.5382150112123298, 1.5017948845852747, 1.6926011154647629, 1.2763000510815736, -2.9884404320339026, 2.3380628699395416, -1.7570395738039934, -2.3610221360975747, 1.891671472120926, -2.9328716335085296, 2.881928321468176, -0.17470112253135728, 0.5070030567589878, -1.9552463302436274, 2.8321701015160388], [-1.765356968604839, -2.3945172817839957, 1.1631745594690708, 2.3310030714357524, 2.8186075945223843, 2.965065249187382, 2.224127986335909, -2.8841036572498884, -0.6608665475721729, 2.133328587644356, -2.5879663994157642, -0.09242916078416252, -0.36951175811356274, 2.306165083216338, -0.7332463852363111, 1.9104504949199868, -2.770485070422898, -2.731569561551278, 1.8880093910245455, 1.2097690298184558, -1.0312116272913807, 2.046577923770574, -2.4546391114488344, -2.9606911187856575, 1.9494286960542908, 0.48192496033052024, 0.5901215467364338, -1.0613287008518921], [1.278990852276518, -0.9270202488310755, 1.8037601592979238, 0.4440348936007883, -1.7492437851583709, -0.6809995462008605, -2.445033951951032, -1.7417047934179952, 0.7482092586070648, 2.8277668701000565, -2.2447614170412447, 1.9623059576475121, -1.2664204415199405, 1.013265823426586, -0.8261146384311862, 2.6198983729553564, 0.7340952531111196, -2.8759568264848947, -2.6146193070076746, 1.1176033417816438, -1.8177805538591933, -0.15992130246028502, 2.1230334247016334, 2.9621642548718397, 1.755822099422292, -0.20005822360611036, 2.322163420330825, 1.4834356096751442], [-0.00251484477614472, -0.805868434084438, 1.5037409311105314, -2.1036046575784173, -1.8176611157711375, 0.9027745645449041, 2.6351226084708834, -1.2537570176475399, 0.6393187818432362, 2.449752648105478, 2.0330696821692484, -0.9649522594571263, -1.0746054982844353, -0.9974517160339218, 0.14608705532213095, 1.5471734723851602, -1.5328490259260479, -0.7874753620377568, -2.797004563354247, -2.1279292412939297, 2.5848861357280084, -1.0975153257587285, -0.8693692182893633, 2.5256408502714063, 2.2376174340641493, 2.17610338547468, 2.0821732218416615, -1.1279736598859664]], [[-2.6150373868709966, 0.8113515409150374, 2.4481230340392077, 2.8523113330569725, 0.5313481206021451, 0.6014627796996752, 1.3514801151418983, 2.995855702423386, 1.6778237096100828, -1.5627233472931445, -2.2603097690396554, -2.6693626402471917, -0.1038547430758241, -1.0070519687539166, -2.7934568337408416, -2.460610018994177, -1.606644096855175, 1.2065622547334183, 2.8706165188161368, -0.8377629249147271, -1.1119395549021878, -0.19603387621770096, -1.5155551953246391, -0.8634729609372505, 1.190979726398437, -2.0619859984095537, 0.3195346447062475, 0.5575896878104718], [2.24028753338459, 0.5061024877496552, 1.7740068258068566, -2.971905141880299, -2.105489201168545, -0.6465209001207093, 1.050988299847539, -2.653734011545132, -1.6383390184265718, -2.823203173387858, 2.60055555909209, -1.46332486278185, 2.744103500379641, 0.5399642907489453, -1.6987486091725545, 1.0113190359098052, 0.913093889357139, 0.38709556625701946, -1.4925644807864884, 2.570932044889733, 0.8358940731146491, 1.06646138425398, -1.427748013540289, 2.0821554757148437, 2.051524082718081, 0.27111290864180937, -0.7091864463618291, 1.1295107765359464], [1.906405321319081, -0.6584487732469846, -0.6435659938901868, 0.5619407987806078, -1.4430357769691788, -1.5372537247680582, -1.2108531325042249, 1.4086941977418306, 2.0276927055258653, -2.862317501314112, -0.23818848234844037, 1.2980092580142601, 2.6376999230001026, -1.6847456233788218, 1.8921492500816948, -1.8232631332242135, -1.281644071527237, 0.581588721713576, -2.81074280546233, 0.6067282854517151, 2.181002402047384, 2.917901532100899, -0.3080086454019937, -1.94319303490042, 0.32137487653510677, 1.9931386783429348, 0.23138495645585477, -2.122741547368755], [0.22820740243300897, -2.952473765509627, -1.179280687395535, -0.7565493307893512, -0.07125313679640932, -2.190347138812184, 0.6258071127760458, -0.6892476848694664, 1.7344440984109735, 0.5497030645419905, -2.4467481339413872, 2.915899829701207, 0.2738020494740754, 0.048684483737291284, -1.2134449208667666, -0.9634289591190339, 1.1977744918171975, -1.547300053716518, -2.72675373106971, 0.7506463777773944, -0.5658787695769041, 1.1953939331777432, -0.9389073700035393, 0.6999999634262659, 2.233685565790486, -1.8338945217692442, -1.0087514595732887, 1.5181386131603194]], [[2.8349594791828405, -2.211686835527699, 1.4472825838259524, 2.301129073790304, 2.714348630326459, 2.158581350251846, 2.3085269765337326, 2.7620585457997393, 1.672911416002739, -0.1767573431767726, -2.845884666151821, -1.173893039047295, 2.1193225296879223, -1.2999488927343779, -1.7417066073571588, 1.5616119755527667, -2.426440074206077, -0.8723564862999336, 2.586724990555325, -2.8639351960149275, 1.8237303355418177, 1.2311069057571808, 2.7559251161826035, -0.6815601213445559, -2.278676918078818, 1.4490128082904885, -1.471617753910317, 0.8497662881073387], [1.7473581025955536, -1.9567600478283793, 0.19247330596378864, 2.889293801200682, 1.4111820065254195, -2.3966802052741447, 2.105598201056096, -0.810880929902436, -0.8991802414366861, -2.0355180623892535, 0.12941830728780213, -1.5912266655839142, 0.8523813100909399, -1.5495053216664767, 0.9647142133881479, 0.07844677376522569, -0.25440382928516225, 0.3642885336655599, 1.9829961507104006, 2.842807852666205, 0.28751514757164376, -0.8771805511220991, 0.10208591472531126, 2.0762468095993993, -2.1452252105792056, -2.3891838306842548, 2.4572551101988065, 0.6383717166555631], [2.4369576132854416, -1.1258026101559933, 2.436303110597839, -1.8983028243210192, -2.9474551561232776, -2.0249971600544994, 1.9134524202176113, 2.812647097346912, 0.5202854629492446, 2.460540490772745, 2.060991683700273, -1.6127363527845089, 0.6994076531222815, 1.5181884798487406, 0.9088127674096067, -1.5052540808808776, 0.3658033389643718, -1.4928863773033767, 1.237226586806294, 0.5535895730226255, 1.3610984131406019, -0.9485779735861968, -0.7196587541233406, 2.0445276962743453, 1.4500487333537215, -2.3813673558106205, -1.6796029781312145, -0.6365188052303448], [-1.724555705257454, 0.23912562916701763, -1.9681698141012145, -0.9440796152103643, 1.2006324566854527, 1.4368938908178377, 0.20597248251553557, -0.2593520764826329, -1.6367359042113756, 2.7126841789592735, 1.6339142792697308, -0.167646887690172, 0.7799275551225842, 1.777582774168586, -2.3780341277567967, 2.298736607399646, 2.3019292428659774, 1.840512658530196, -2.6890229163224726, -1.3596864407636018, 0.8575192538462608, 1.8581262680597534, -1.7071651426621024, -0.05627823430128753, 0.8635235408423894, -1.1542869072345896, 0.2471831360273118, -1.4812973942716856]], [[-1.8066172115357861, 2.3191745746218047, -1.2881369764026684, -2.6023427764741873, -0.7716120268087394, 0.06528326726522371, -1.603963243770553, -2.13442490838844, -2.8839532110688157, -2.8818357606559855, -1.844046206221459, 1.004725058661375, -1.8954176396981666, -0.27122991374294614, -1.4448920887221965, 1.9347473710824294, 1.175071880232748, 0.43221313184580623, -2.6281254935341796, -1.5363421948622442, 1.9096138324316998, -0.6331442584350331, 0.683421110073632, -0.27609810488505815, 0.7833026874749316, 0.1153009175337818, -2.5122132523357417, 1.5894750134337974], [-1.9430882382543897, 1.9518430462381184, -2.8765086475540302, -1.712023369738934, -1.0688622407689676, -2.165650766444763, -1.1045451530411183, 0.4147129204333577, 0.20737407212460734, 0.40524972177473817, 0.828949758832453, -0.47994515377210956, 2.461197575858889, -0.7856692438134592, 0.24020893333305793, -1.0478007600297936, 2.6753408870103215, 0.8009570829289512, -1.7268607765688992, 0.7471575376112072, 1.7538870704133638, 0.9633420490603806, -1.451870962381828, 1.3090829941809243, 2.9816634325400617, 0.2196294808414465, -1.70370058466425, 1.2247726372379146], [-1.6607028856192039, -2.3482669622378105, -2.734434492056055, 1.2862904350440516, -0.36937914452674203, -1.5363575356235188, -0.573484480488395, -1.5498316323967585, -1.357747612249658, 0.37336938822767607, 1.430621367339402, -1.8004624289421947, 0.40186450008961305, -0.8996465062147374, 2.1606703357661496, 1.7278935248411145, -0.03608793698280621, -1.45623543999597, -2.7616718813670555, -1.1894438592475687, 1.190876026216773, 2.3019025257375745, -0.05921198438829789, -2.332102736586713, 2.9898010638000656, -0.7406498060564246, -1.2595131763990763, 2.6126506503134133], [1.1823801903897326, -1.4595714020368136, -0.5714533756926032, -2.615772990639979, -1.9917252640913048, 2.7209197011906667, -1.9193875646297622, 0.8335015447379215, 1.4931593276079393, -2.785689845619551, 0.48994306860043846, 2.8622378507025292, 0.8833846959997045, 0.9018175872235705, -1.0591399660674061, -2.9286338984704896, -0.4898524644916291, -2.189965148097761, -0.4751480424817993, 1.7173277412321113, -2.523899358176789, 1.4339229896152377, -1.2789869191962169, 2.1105305903641955, 2.592514966277901, 1.817711188019123, -1.1310129389806083, -0.17006252196376082]], [[2.092080553246894, 2.905802052589266, 1.3132785950733492, 1.7807672038399271, -1.7913735187036168, -0.08097736991499005, 0.19743848848171597, -1.5368933453205045, 0.31857947115421315, 0.06031507482011955, 0.4964223127306897, 0.8903169979834731, -0.2664848902776513, -2.125544139223293, -0.6613387421213974, -0.8309127889194845, 1.0433149320092632, -0.24810908585394387, 0.1751158003560609, 1.7978268065073415, 2.28005324406557, -1.360779648542123, -1.039311343185792, -0.6067393859795924, 1.2407929849787234, 0.7245375904225368, -0.17596943723780534, -1.143560789207559], [-2.1400660678994794, -2.403429391585945, 1.2663298750308831, -0.7659841457085204, -2.560514143731062, 2.4876239980240475, -0.9569069275924762, 2.366635375786448, -2.1515646306138643, 0.3172852507907771, -1.3361254172987544, 2.3881571283850844, -2.803331114072598, -1.5005687106808936, 0.7956380532067939, -2.439484532419426, -1.7829566136798642, -0.02223061084083966, 1.8831325264888843, -0.09924136899556668, -0.9206818537455868, -2.294668126205236, 2.5233327419939275, -0.43488066465005737, -2.4778146916673895, 0.018427698563092676, 1.9896804082441957, -2.971517785956954], [2.0356910783782247, -2.5751190865056106, -0.7181106813278464, -1.8417647581046936, -2.9292145582813065, 1.3186010184912647, -0.31597201791258867, -0.06517938248437449, 1.118293788584075, -2.2028908310562936, -1.0166349865020954, 1.694112236030021, 1.3235112265158584, -1.1321727208389338, 2.226306878601444, 2.738224448063507, -0.8880710542245183, 0.735553259922372, -2.712527768750536, 0.5271815590230644, -2.4847885261720104, -2.6310047588549725, 2.751464537814967, 1.9601265673870127, 0.8215338563384789, 2.890579412126071, 0.7526762994382632, 0.43582180036771145], [-2.716041714021306, 1.0563825971500282, 0.06515962528430297, -2.3047353815492464, -1.9436939890070004, -2.4549262289454665, -2.4586794527094984, -2.54341570375492, 2.6171811106408507, 2.004645722494593, -1.245870623580912, -2.388519222794786, -1.5221066744842422, -0.26999131368465257, 0.6919174004826809, -0.5795097614824511, 1.9239563182879404, -1.444142803435724, 1.6542962211233831, 0.8819348275556909, -0.42224945520779045, -0.5717705758581433, -2.3699192143738714, 2.9507880825893524, -1.5192721752620935, -0.40409780303373743, -0.8057011449562799, -2.629829618342377]], [[-1.4379721068137774, -0.26651764847695913, 1.4112682459265216, 1.051477219432753, 1.9491906353500106, 1.9164425164358336, 0.7219442971660905, -2.8491131454515233, 0.31522376936150165, 2.8124562536853475, -2.7023338763374376, 1.482064058781667, 1.664491433459741, -2.710997083111613, -2.091915657871727, 2.1850666142255113, -0.4464872532186783, -2.7631185486962355, -2.4634673926210473, 0.07791208280500994, 0.22647642259710166, 1.6701814789915819, 1.0206904019315397, -1.5138460486087633, 0.5429098452222636, 1.5268348893493204, -2.3492615852101792, 0.13330271243691882], [-0.33258993465139053, -1.650176813476682, -2.457613790658578, -1.783882050289171, 2.0525930904275063, 0.6421697457400906, -0.9136137859932982, 2.6133610849613342, 0.4136150133430698, -1.6330855532662054, 1.1758355537912557, 1.4077670960689632, 0.17480477997854393, 2.0699415226196978, 0.30255194564090715, -1.4772942601889174, 1.0870919689235947, 1.4897003649665184, 0.06421375545295094, -1.77475953115999, 1.2123888450407359, 1.7111062287422794, -2.1275403718489287, 2.694498165090513, -2.3983461665478085, -0.6176233329811112, -0.05625305714096562, 0.9920812279309001], [-0.7914432945533099, 0.05508040294856498, 2.1482700760761526, -2.0565785592387034, -1.9284431377306823, 1.250011708228814, -0.9210437026805964, 2.0291946168996065, 2.684196612329159, 1.2097156260576156, 2.1132297578880257, 2.227849594556602, 1.412904537861384, -2.0270503117914096, 2.230522643172254, 0.0051162599583731705, 0.7742715783148801, -2.620717983664997, -2.618355975606871, -0.7902667291842436, -2.3033255632255303, 0.6307238416238343, -1.8527995325406752, -0.6450083642493496, -1.5194920455874792, -1.560447023513713, -0.4766294276477403, -0.021906251634096652], [-0.41739447876870184, -1.765133318708559, 1.4562899164750363, 0.3273721485866523, -1.4660653352297242, -0.664108213188082, 2.1980526783518766, 2.553891210863201, 0.28174869039675965, -0.7871616590695023, -2.296955466503195, -2.333884491189293, 1.7749245623964285, 0.3301103440006159, 0.5764301472164823, -2.566044707469299, -0.8197396050519687, 2.905710203340502, 2.9216286219074856, -1.6073932002485303, 0.43520502261838345, 2.307154907918063, -2.1251707240795246, -0.022023101417417923, 1.747507091804966, 2.3576367136148715, -2.781576763732895, -1.4665755372714122]], [[0.8042028390526186, -1.8238225933138394, 1.2258290630462954, 0.2883592613314585, -2.5457772698914676, 0.61335361516675, -0.8920104465258607, -2.428727224285397, 1.4156039614209082, -1.0353616739049376, 1.7553305626556757, -1.7972777552924986, 0.21867116761365324, -1.8751983024273908, 0.09126508148905454, 0.7490072515945863, 2.6592309554725366, -0.9759846322275485, 2.799450116944481, -2.165429258403432, -0.214918355502403, -1.723555086675394, -0.6398441440824651, 0.870787034264151, 0.4745997440648022, 1.8368094104756487, -2.722571908025212, 0.027166206740253607], [1.3206688738871586, -1.0389451566474501, 1.0667059824031604, 0.5745291582909084, -2.6472185167783344, -1.6747471823618023, 0.32545036973744956, -0.636293363363559, 0.5802168480794458, -0.5332121650891768, -0.059228751244421396, 2.2944267304829733, 1.9876477450881582, 1.8750860708273303, -1.7603197243052384, 2.857644179537525, 1.1910434055349874, 0.6951865769075933, 1.414805894389601, -1.3968598130309722, 2.4134715357243746, -1.8493184468558563, 2.583998407967435, 1.788232030638559, 2.335398382053235, 1.4306803988617007, -2.863156274878617, 2.7299783969197255], [-0.05617231283273405, -0.1729468997112149, 1.5469495545385543, -0.7093793384535552, -2.1352885214263857, 2.2995566725968413, -2.2619486966096716, -1.2641291769548801, -2.122922058603085, -2.8247261770287393, 1.034228038239073, -0.14496333254979055, -0.5907446815881299, 0.03288025349433976, -1.6737442347293636, -0.3160019246022898, -0.8106911025757046, -2.7957363115945824, 0.7014718181386792, -0.6419189518861819, 0.20333163243149333, -0.14221273587323413, -1.4303337089435288, 0.5404927940507558, -2.393177407577184, -0.8633370625609942, -1.053392547478402, 2.6181507223251046], [-2.163337851324201, 0.49945847436266355, 0.24950320642273915, 1.2299707927049681, -1.554743275652656, -0.9176927901792498, 2.9883116580328375, 1.6612406076274535, -2.5098242762639096, -0.1665972698374567, -0.23229241272092516, -1.8839105749274287, 0.6654594629475339, -1.360062243644895, 2.8611828316038554, -0.33577720034471925, -1.3891574505479705, 2.1314045580933225, -1.3909583097602929, -0.5106874631018705, -0.5338535138240141, -2.595531422954833, 2.6502991803972797, 2.959398305036963, 0.3615478335905955, 1.1419182803079684, 0.23967512405268554, 2.9811202805086774]], [[-1.9053384998757035, 1.6984167058894828, 1.3777228646821644, -2.6120411911919517, -1.63815968632824, 1.0228394462740784, -2.685417690601099, -1.1693601024951825, 0.3376296744425207, 0.8323275494167763, -2.4973775443716986, 2.8758827634674065, 1.679031810899125, -2.6311744572441667, -1.8107258001130344, -2.695341575291481, -2.457950904591084, -0.07159776775994331, 1.6691628883637906, -1.7119635216441254, 0.7614758199397489, 1.6409212234635921, 2.4800058781316343, -0.7214328026870898, 0.1853525683181041, -2.8810633189396144, 1.7611539140878056, -1.5707312304507504], [-1.534152601369687, 2.5884755275792575, -0.8001352194810254, 2.2687336980292745, -1.6034859071582064, -0.7106317694706048, 1.436848270236311, -1.9656587010954312, 1.627959580654755, 1.9742954794144696, -0.024926669305880278, -2.0261896599969464, 1.16002255240993, -1.9398204984797631, -2.4796273218580103, -0.0866015519185015, -2.288567456646586, 2.776708006101247, 1.901403923775434, 0.03143428445515806, 2.084333868784805, -0.2240392688092241, -0.11207586610398934, -0.7290569226000105, 0.8153734026539765, -0.2175839049734103, -2.6437056041640954, -2.326821451855853], [-1.0315171087852935, -1.8208295357879714, 2.5064936900718795, 1.9993548885898127, 1.1849610468450402, -1.2413580899914243, -2.7506209202412766, -2.395149366537626, -0.5965084786520745, -2.6689280053416438, -1.1784821413660458, -2.1714849787033437, 0.03186951707642649, -0.24278209189680489, 0.8153491336447285, 2.4339095600147242, 1.8623923630859274, 1.7051508188459321, -1.5050652373050541, -1.172415974258606, 0.1468855319753648, 1.5932536033026423, -2.9659629070356837, -2.4325891975595546, 2.7037000411664938, 2.3327785612459913, -1.4592998354347184, -0.19734482258880526], [-1.4605033503886422, 0.015564162262657, 0.03775956378798018, 2.9725294271204046, 2.119873496901061, 0.7519266930062019, 0.8661730315066682, -2.505446750182969, 0.8378634129802038, 0.6747288153529154, -0.5180626634736996, 2.4421051543028103, -0.7355640040143254, 2.632220173502269, 0.7099221992705891, -2.21677009256105, -1.6778225498756252, -2.6615634669298442, -2.4197731087322034, 2.3325059192827524, -2.78813035201106, 0.9540465545900023, -0.5899866596447318, -0.5127682470484709, -1.477047764294526, 2.4467134282864134, 0.029763773888690004, 2.414005992506251]], [[-2.04424095680594, 2.2793099864367754, -1.8096677693126468, 1.9290708099971088, -0.3677584796517013, 0.39516334339328907, -1.3575301723794966, -2.307462966847769, 0.20246242764559064, -0.6624757923524012, 0.5931686274311638, 2.077356080263452, -2.3005020421334557, -2.845655656793718, -0.9781231630251668, -2.2770604068552824, 1.578785166137287, 2.0705301739544737, 0.372691554836341, 1.371200470544899, -2.0801360895872243, 0.6736547407052393, 1.0017667175813294, -2.747825671384353, -1.8548085458640087, -2.49018249605654, -2.5604298114654354, -1.0862786149190409], [1.47330307967791, -0.0023345855152161477, -2.4358834648194407, -0.08701210410841842, -1.219757702336807, -0.48356688132365644, 2.143119820382319, -1.6361309322771227, 2.8214560134403577, 1.2745772869445116, -1.540888416551719, 0.809952877410026, 2.0990050856597815, -0.12898275276920934, 0.12499719446695101, 2.2870956627314794, -1.9862430220988372, -0.05056149596423243, 0.8393507257850947, 2.9793225848658, -1.232436326816218, 0.09448791978814475, 0.07246162861678718, -2.8199163186318197, 0.255107174760834, -1.200190105263846, -0.9825337710694613, 2.650412907563066], [-0.30891507786633454, 2.5885204669210475, -1.4988217934288084, -0.6837529573540619, 2.033777525036232, -2.4726562220353463, -1.6934389153841485, -1.179835750520853, -1.6818872935226943, 1.98740907328982, 1.8483801251556873, 2.3243038707749974, 2.9397165878083165, 0.12605150392704667, -2.545982989280965, 1.434623856756815, 1.7746397863456869, -1.8732418246767495, 0.5743587648828976, -2.8794299927148472, -2.674095093153846, -0.9533626277695872, -0.1190267984810367, -2.690858200642431, 0.4417313318792475, 1.8026432532207028, -1.6880992329521454, -2.5758279610893893], [-0.19539190287939512, -2.53864206832991, 2.1013332482794915, 1.6769765827438246, -1.0797470925633499, 1.6306918231778091, -2.712071442147132, -1.871350471597952, 1.4907501464296278, 0.7267116876589395, -1.7667297778056685, -0.443611329776771, -1.2716199304934102, 1.3594086312840892, -0.06582576241284688, -2.1594417307057223, 1.93870881311227, -2.4466709366104014, 0.1549892828077235, -1.490636955655642, -2.9285731082567796, 1.7454579744212904, 0.5252847316650864, -2.833896252351278, -1.4924379900238016, -1.4941023089684151, -2.667905650917318, 1.2909469591793474]], [[-0.7599116532288299, -1.0248475856262311, 0.5004908334181879, 0.4090687605024468, -2.1063629969846454, 2.8847695477521533, -2.9246998516779317, -2.227330382214818, 1.1559758593186675, -1.8610452689452972, 2.109959580879612, -1.5158224271686318, 0.898006419864982, -1.260553040294369, 1.4242766030944818, -1.8989310321567516, 1.0507485891539297, -0.17721275523287305, -1.6938637868080575, 0.7077212385237015, 2.085596728225804, -1.3333023806817847, -2.4552834452508376, -1.094576072608811, -2.8914383835455384, 0.030373514540667834, -0.5535667343393005, 0.9017860407066296], [1.470361119230649, 0.7533302897241518, 1.596759710205184, 0.5653359241231364, -1.2467278119888345, 0.6964825579439924, 2.2396818465552695, 1.799784453545083, -0.779578019065343, 2.9467972064697356, -1.6484103569278643, -1.7595653853943816, -2.858951950883285, 1.520880795214521, -2.640302370155424, 2.5159214117125046, -0.5198979262775736, -2.2482522840563512, 1.5858915235935296, -2.703591178037793, 1.5090649135490342, 1.8570466890466886, 0.07312353437699137, -1.2083386638126936, -1.1314672687071998, 0.5627412788196691, 1.9190015548706665, 1.3733876129589566], [-1.353447377126748, -0.705420973830043, 0.1795984978934948, -1.6899681323896651, 1.946628330956936, 2.27656125877464, 2.749901746585196, -1.4174598712032296, -2.6875665254579033, 0.6496704856850721, -2.4534556343525944, 1.3189912409068736, -0.9811196659092629, -0.5491816657704858, 0.4746985864595814, -1.3218607566726486, 2.6408047847944296, -0.17892207275370575, 2.42945664817859, 2.5351960027721123, -1.5006665173932594, 0.6352389207595892, -1.8959866935340992, 2.8751260846978326, 0.8438869615176765, 0.30000078537768626, 2.0250403786524886, 1.9838807796521163], [-1.810189282829107, 2.6440897757746287, 2.070891402693743, -0.7899349440892696, 1.2195466448808077, -2.100292757794029, 2.4603583150997723, -2.9162535921128514, -0.5351334982523737, -0.9426966910663648, -1.625167187178451, -0.36077555622068846, 0.07427321504056339, -1.4007304799249782, 0.328688305311001, 1.8532876204222362, 2.119938948212731, -0.49141236793500465, 2.3891641111402118, 2.043664776474751, 0.34922314843818114, 0.7858151946684782, 2.6524149024428905, -1.2139056348448336, 2.2005843268694294, -2.5320341701005726, -0.49086933681729894, 0.5981338943892238]], [[2.162720202574448, 2.522843157250419, 1.8366917197691865, -1.9100388547951128, -1.7265115504372375e-05, 0.6581572439062535, 2.651992530787254, 0.4717887181091447, -1.4307942385338654, -0.05060814070346309, -0.9210631959229287, -0.8694880014336013, 1.0516140103292217, -0.21540951507140615, 2.2140032594388925, 2.5558228810052688, -2.382455085251661, -2.8463294201750333, -0.3303942993971889, -0.10620132162511808, 2.533524120989579, -0.3731933305644497, -2.657619983708793, 1.5028003725351295, -1.8222490091397936, -1.310974419149106, -2.8136231833605407, -0.6952502631769439], [-1.7893676430142087, -0.31963127766620936, -0.5728601275448133, 0.23533231443466684, -0.47174879885737386, -0.15722932607585793, -0.5748818712058394, -0.06860994060943959, -1.5050736853932538, 0.5651518839432095, -0.9869368915931349, -0.1955265410513034, 0.8597208572757067, 2.4734335427226313, -0.8597549026937479, -1.2077423227615536, -0.9778137562069027, 1.6309838471857798, -1.0322260590506456, -0.16178657175416822, 0.947248613685483, 0.6255218948987085, 0.5775356144729749, -0.5784759757263185, -1.8417678354312685, -2.2035990056506822, -0.06132845568398082, 2.163853638543439], [-2.5593232802651054, 2.4308811315527805, -2.132174280252761, -1.865262334194226, 0.06150716854785854, 0.10980008812444453, 2.6363669555850757, -1.5918001075559394, -2.470047044080435, -2.990993849561008, 2.0303271920004713, -0.7493038155016398, 1.1159481948942451, 1.2434521016899973, 1.1061633207555506, 2.3021209230743764, 1.0693487977597034, -2.296087328692196, 1.5818645556827438, 0.07041648505938447, 0.35263722126023467, -0.9747302956533686, -2.2377898518082917, 1.1812329190045343, -1.9391360936583557, 2.08664787975166, 2.55085105284343, 0.3233044086508601], [2.1362011178463085, -1.6294550265926189, -1.6357378455305551, -0.5254391354993366, 1.4755904616979771, -2.2841548389741453, -1.104022002435422, 0.761595384177236, -2.073041247913311, 1.6969569035370355, -2.575236869290534, -0.3455314336582669, 1.0021815181214624, 1.394647387223646, -1.5366468375250804, 1.6526676557064537, -2.745209436618226, 0.38821904067074, -1.7422371324599029, 0.9275707780917797, -0.41498026193170023, -1.9092882934880617, 1.1992257936924666, 0.06444694306386278, 1.430280102465419, -1.4668905175733484, -1.009717833927383, -0.3486178455447204]], [[2.1533172926735187, -1.3346349672167603, 1.9755274528313969, -1.4374812910377568, -0.005053113759529104, -2.707838784024762, -0.7018272569273591, -1.1189668206004375, -1.106629571831301, -0.25927581155143864, -0.33368996789839134, 1.6653040026694272, -2.408822382348464, -2.2276257054969273, 1.8757148480127182, -0.2681731679149846, -2.91270527915175, -2.65055700750979, 1.0573387462959039, -0.10213058604641034, -1.8702547227211923, 1.7179061045973656, 1.7012616000163732, -1.1715106290231831, 1.6725775400190033, 1.7764934337349354, -0.9813988588980416, 2.4211373056494407], [-0.333783572171666, 2.5307853340231974, 1.7857604702657879, -0.976986482822114, 1.5113082571697154, -1.8588115591202568, 1.8468316739529067, 2.9960085733746844, 1.9833717830404733, -1.4056760025540993, -2.3047945941794254, -0.3568891811052888, -0.3952762199315907, -1.4715656548121874, -1.7521110797022232, 1.9113458101075214, 2.8500402587991056, -1.8872597901163526, -0.6025724595144313, 2.297498652584813, 1.590362797672455, 1.0241261588825221, 1.2059179690898407, -2.2536871457741405, 1.0061578995845144, 0.49563071657451063, 0.7553255322961236, 1.8813023683244694], [-1.2638357788394585, 2.8659700845929255, -1.2535178038467474, 1.9110801858153508, -0.9913513572370132, -0.658816087835933, 0.3096027764247422, 0.08720908160385799, -1.7762988502032464, -1.5181158705002193, 1.367776654232495, 0.6227547890474243, -1.6211184431528536, -2.627260967924282, 1.5986069083463752, 0.6681203116841989, -2.105923877700877, 0.9005589417671649, -1.9278824168207163, 1.8539166183727485, 2.3140122310619606, -0.8448980073968881, 2.5351412736122807, 1.2649344635758322, 1.5908820414547868, 2.1661989339827503, 0.40451684875565697, -0.5713432985674185], [-1.6353915954850178, 2.467673214124945, -1.549509633351938, -0.13208367391656495, -2.7359553474461977, -2.0968941021364342, -0.33236223680611765, 1.2971766887570526, 0.45162886118360923, -2.334615952868846, -0.4271704221650605, -0.7304586844953551, -0.8165652741669329, -2.6222405182031543, 1.4734321236953454, 0.2391036549523875, 2.2429615107556486, 1.847187986132501, 1.2533892479866937, 1.370861370409207, -2.83614071144241, 0.7232571734497402, -0.27123373371690196, 1.4287160131673957, -1.0099636545593202, 0.8783284179112161, 0.6762537672971449, -0.2450437959037428]], [[-0.6238573927798319, 1.2543952680935213, -2.9301836218592765, -2.107978902902319, 2.9784863158120825, -0.56693975365204, -1.1695201132185664, 1.1655067245367707, 1.1568741796952464, -1.4351291728687539, 0.9580874646041542, -0.8507937363966755, -2.3254669017648557, -0.06853891183329885, -2.662091935061529, 1.469114330312669, -1.9838128200631011, -0.1226472892372712, 2.0429324705357947, 1.3399975637847046, -1.826756426882803, -1.1597690974708605, 2.7799313308158524, 2.5475012077719814, 2.4736263322152103, -0.8613396859824061, 2.3095756546517237, 1.2311913868012994], [-2.144779019973715, 2.3657887883956565, -1.6314951435335832, 2.978252296254003, -1.5249142509982987, 2.5536084349673756, -0.0003392687735987998, -2.368897327766927, -2.6087114762210746, 2.124449300612259, 2.0815015345106413, 2.9349742654014612, 2.0992062121425983, -2.062354842569218, 2.027562485110323, 0.0122809195897009, 1.7571616783067192, -1.5754285576103289, 0.931456370151797, -2.205893176057767, 0.12876463868617005, 2.84967645271718, 0.5661149721809515, 2.4944691694107117, 0.7253464365057427, -0.8494849292683435, -0.5739802042061557, 0.3081618387694842], [-2.189713524835211, 2.3596414267536705, 1.8002649628716227, -1.9192366139987094, 0.7138013389212094, 2.837736640066547, -0.8575350450311205, -0.6734310788914737, 2.7962375441517135, -1.1636955429712936, 1.9401943452540902, -0.7738423311767013, -1.9587611875978486, 2.728692691604641, -1.2142118553191372, -0.8676293891784139, 1.7939791937864502, -0.7084270254982359, -2.765946735892096, 2.6536426933971784, 0.38841712151298413, 1.9606233863073097, -1.1844018751295124, -1.1745855860585521, -1.9322056400374348, -2.161088333187964, -2.0868595867074013, 2.203103229421056], [-2.636156979556513, -0.8336151143339405, -0.4753279114424642, 0.011714297556320474, 2.192916823498731, 2.010067460815085, -0.15155872959768057, -1.2824264680161788, -0.22140731925104795, 1.0275954155846332, -2.9853373049978806, 1.3163099781784293, -2.3910847745190464, 2.7687273486194224, -2.3371564586502016, -2.19839133937876, 1.0407634583501242, -0.298181904288918, 2.3368760952328174, 2.4304859963765457, 0.37395449432748995, 0.9865092107811506, 1.0426293049749447, -0.22582461522572395, 2.8879218874030066, 0.47556374169044524, -0.7073555822162976, 0.35750441928708376]], [[0.29014395277656435, -2.903955687243657, 2.511376370335646, 2.464782647749823, 0.636462105885303, -0.9664981669850432, -1.1095798018523426, -0.21198069360677918, 1.2972926895201482, -1.6128584244538597, 0.5162991733296858, -0.11280913963566164, 0.6369763108161077, -1.3735143434138513, 0.6496273167605593, 0.3109125458429558, 1.3832506834531788, 0.13528460421437005, -0.31492347598507386, -0.26422476800680794, -2.7043439844197508, -2.6271336118407147, 0.4081831982085542, -2.608419868543148, 1.5486957321854433, -2.247246039901829, 0.07798626150317034, 0.4101143850487823], [1.633618376216397, -2.217525152948203, -1.2631736115121153, 1.1570654269930642, -1.0636952744107588, 0.6696381472380439, 0.8206188860287171, 2.80611442584814, 1.7145991038326152, -0.4673617202096003, -1.6139233182525163, 2.7966232221842784, 2.386271578287129, -1.5421715800254856, 2.832049579752862, -1.2394419204439249, -1.076575569852234, -1.747594820615644, 0.7645560211345641, -0.6165546860854816, 2.383856337979659, 0.248245124662823, -2.655918126098201, 2.754888464325811, -0.1033436646515753, -0.13183145145458308, 2.5843604283782255, 2.0349386321458915], [0.13419148629827893, 1.20787861615117, -2.2694343549114016, -1.5360762881716545, 2.7462813337749985, 2.232544211244182, -0.45105901428322914, -1.606261743473305, 2.8834996152118038, 0.11712662783393046, 1.099289816717934, 0.20107108240118254, 0.20169379762910555, 0.6882793109219989, -1.4057127447235562, 1.1320702305597905, 2.019795596433629, 0.587354677461235, -1.2883298338744396, 1.1520634476237674, -0.6724248844080165, 1.6801388617887127, 0.3125331494846799, -1.162545453750899, -2.6073731286509068, 1.9939847074013013, 2.941309833570732, -1.708069708719376], [1.7120480667341766, 1.6608422770752869, 2.162707143498743, 2.7128610832794475, 1.3720261342730797, -1.6461031510379565, -2.3392640872797505, -2.187325114545082, -1.9644535612281548, -0.11013141221267553, -1.1989978972301503, 1.4196405652373203, 0.5454384015464724, -2.8256553705531395, 0.7560763339226346, 2.5691915955887623, -0.5736162295307388, -2.9359425778942843, 1.101728446565442, 2.58310557473457, 0.20938041006403685, -1.5376530869649432, 2.3071696390481637, -2.233984215969054, 2.1862596743367826, 1.0204157986814373, 0.6131954934919639, 2.0274913115947495]], [[-0.7780803639175682, 2.4354790416601313, -0.32101906060384966, 1.650392502274185, 0.3481675022738142, -1.711936969374198, -0.34100167454145947, 1.711233764468103, 1.5692846445080058, 1.5879061422573537, 1.2255362633972187, -2.866191132812557, -1.260489722555048, -2.0488146534861604, -2.783422796466618, -0.23962689515837265, 2.8353659937235864, 0.5143583860074479, 1.9224551734974735, 2.4790413618629916, -1.0174496136597464, -1.03363405392072, -2.1150462753376464, -0.08809001819566209, 0.7117581554454118, -2.4620334581649805, 1.1869488224610354, 1.9678248129339595], [0.6111663138140209, 0.4977271768380045, -1.5325951356402807, -2.8191226694683102, -1.308207533648355, 1.140804242562254, -0.8975514913795557, 2.4488356797149997, -2.5942598828745203, 0.7826821853532051, 2.8490011299881974, 0.9245103953398086, 1.979720577302488, -0.7353681000766397, 1.2037857899218114, 0.4970659166202305, 2.44391259037981, 0.17739468773298883, 0.40887644967210246, 1.2929549537341387, 1.464338458014291, -2.7171232186873073, 0.2445804152777371, 2.0552537567190816, -0.8116600264637519, -2.0263634910379835, 2.9894298649748006, -2.4630090513818126], [2.5880339769649714, 1.7804271592737075, -1.8380581445279731, 1.372551963576127, -0.2037968033357771, -2.1917158763136, -0.5839260945647293, 2.1996155791861263, 0.6415639481198561, -1.9470663486043867, -1.3405726731626213, 2.4565141679611013, -0.12494160776285845, 0.18283232274737982, 0.25232280258379935, 0.573874516057149, -2.744576932620782, -1.5294026798624734, -2.7947018900186302, 1.4903387253081197, -0.07067329952780632, -0.7721781542417832, 1.9994619844532444, 1.4725017588867626, 1.9530650119429556, 1.7204703639107874, 0.2700143107119617, -1.0233848912995651], [0.808661595796857, -1.9122787405669772, 1.8749874520246381, -2.8694580927050923, 2.676491810362392, 1.659954178967003, 1.3353293799246941, -1.541009321895146, -1.6810563592140577, 1.7555730279745694, 2.3782107584563734, -1.1367520161839861, -0.40249699529633576, -2.3710796932351554, -0.6943930241445768, -1.7223264179434516, -1.6396875007611773, -2.283495907238412, -0.7535455107316906, -2.0351973023026835, -2.5604535526364445, 1.3002126497675555, 2.655464649525104, -1.8830855788672831, -1.7122898846373298, -2.3449237298409393, 1.2235721757755318, 0.5374469152997672]], [[-0.8650133791308177, -1.631457457388879, -0.1918082813062547, -1.9211620852160112, 0.02559803621348644, 0.6745907227872303, 1.445950595121369, 0.5685093343485588, 0.6430515597770672, -1.9899578395096464, -1.1957835187394585, 2.389342999863999, -1.7599561942132054, 1.5899602610838084, 0.48011179718766606, -2.8571883623900347, -1.5540356203581518, -1.1263601926924616, -2.548491980065644, -1.9179545893581318, -1.5315102428354783, 2.526295950819848, 0.4972850606749626, 2.965538104675737, 1.9544377711611993, 1.1080101837176706, -1.4176693636166642, 2.906053084757832], [-2.735790024926559, 2.5839818248215387, 2.320588557019091, 1.905115931162248, -1.791954699150844, 2.724863622848745, 1.2155396044221005, 0.6737367106987424, 2.1896049687302455, 1.9988190572706737, -0.16286389676180413, 1.4521433373768264, -1.9513130207961535, -0.36588821640205804, -1.4628674567970723, -2.6190359193421537, -0.07625954231421606, 0.3318080373426513, 0.7126319923761129, 0.22094735699509505, 1.8562717510733258, 1.08448690036255, 0.732546329906385, 0.9196105182001535, -2.6776314489695587, 1.1937241168891264, -2.778253801720948, 1.2456701638736076], [2.001385570284671, 1.7488406315444394, 2.229589735946572, 0.6596326058329036, -2.6044748521086074, -0.371323772783247, 0.37542226618222463, 2.021873907268086, -2.5123233645913055, -2.2987892164067, 2.398191143695912, -2.5942981082849688, 2.6022488501864087, -1.1284830698508896, -1.7800304545266523, 2.487164328040758, 2.421441475584481, 2.939945835299631, -2.787373581356303, -0.2559467682034615, 1.8538480584790804, -0.8545603805873148, 2.7976334165248318, -2.5212165212097397, -1.8684113251202636, 0.8697461512991849, -2.2883305604060915, 1.5433840675784314], [-0.07668239681219102, -0.6826008185983223, -1.014658438070628, 2.864128474442884, 0.10218475587486342, 0.7032145800176663, 2.08828389996032, 2.231587234620127, -2.5537184058745153, -0.5061926860279717, 2.882047710449518, -2.0512488074813158, -0.4987822703579061, -0.33164301503477933, -2.4794888771762666, 1.5961158197278076, -2.1040731175637735, -2.832642121912667, 1.645680953566349, 1.9413265183403947, -1.565351227348514, 1.9742253178098546, 2.264897478973987, -0.3916491412056464, 2.5493938496175588, 2.040974594837248, -2.4875960198950313, -1.22548129551416]], [[0.41246090807883373, 0.7072625590774884, 1.4858361714637942, 0.9395847320777886, 1.060825048951556, 2.9594104644930717, -0.00031190541848324926, 1.7718398145780014, 0.26633155502239836, 1.1099881181066351, 1.7953870796833993, 2.883542268633085, -2.5692342366694922, 2.3364793620271698, 2.4145353752351415, 2.8293680925242537, -1.254878560096958, -2.1372629202885287, 2.5084222752397967, -1.806069893344375, -0.7000359499052227, 0.32892661365470977, 1.0683054749476852, 2.3352654087763174, 0.17687435250976336, -2.7347857596497636, -0.04982167208933097, -2.152402575354984], [2.8955353760425195, -1.9772112140073568, 2.4754601904786693, -1.3028980663709742, -0.45679441620301997, -1.660447272282626, 2.9707136409973076, 1.340013329851372, -2.9683733908196155, 2.474049238573313, -1.8058294277122113, 1.5086879872800765, 2.8642330250767536, 2.0981788000596264, -2.137287760633696, -1.8134732141636665, -1.889256937554549, -1.0053325350319877, -0.3418268755984224, -0.707799138302577, 0.6671308079972458, -0.01278874121944007, -0.9066584440897287, -0.7890711579768985, -1.2198378187050285, 2.9751874294640785, -0.1801068606864975, 2.413945830674267], [-2.9323301645873965, -1.7370238587943134, 1.9200550153392522, -0.6236755158031659, 2.527189501977661, 0.9535846001633503, -1.6181258487806696, 0.6326493656173455, -0.5033093851749211, 1.3753607272068873, 2.7101009671065297, 1.857662525916128, -2.779925172165318, 2.257593125418543, 0.8134961131619924, 0.4563762380520098, 1.0174740875271313, -1.6122050253782558, 0.9927095397258263, -1.0020041034066314, 0.8226167017701913, -2.8889598984419136, -0.8081602438412601, 0.7174450808702391, -1.6836836830686284, -0.31682716972007885, 1.4422207367730033, 2.896807594385936], [-1.911716194285685, 1.1353710304427782, 2.194953187808979, 1.553228695165414, 0.3699390777842515, -1.8869233672196826, -2.2174470642910684, -1.5742857766536391, 0.545801038053968, 2.071107637723479, 0.9961206818777804, -0.22029592730318726, -0.09991922921525553, -0.473751490413572, 2.2010993423344045, -0.929853046979658, -0.4870901935288501, 2.0005029473365807, 1.4866363360378525, -1.7655250488564724, 0.5669842362816464, -0.03805952070787555, 2.1599935816803946, -0.7573840448931635, 2.1500774166483385, -0.943638916871846, -1.9584167979545641, 0.18603990163342665]], [[2.6472805375612927, -0.6443779307428033, -1.6301090172227874, -0.12558153042831943, 1.6773560971727406, -1.730716177968933, -1.7526652966953875, 2.0952021772592815, 0.557854262987695, 2.48132284823095, 2.2810792452282858, -1.0843933325147332, 2.977074159629672, -0.5309659479474034, 1.7586019020015904, 1.979131608244657, 1.2894137067629456, 2.1557003501167324, 2.4561384477675094, -2.1130084253902033, -0.2564269232685903, -0.9269086639029722, 0.03788046292066749, -1.5276121737022719, -1.795015630664335, -2.3303557240055803, -1.886718179411293, -2.148848872788504], [1.799046493503817, -1.171335642708479, -2.7852483941923314, 1.953498420564392, 0.10644137275760368, 0.11803690557666568, -0.05829234981622733, -2.5003940983869253, -2.044112470623155, -1.4794894320795475, 1.7756704084099537, 2.966035460427409, 0.7926176095149535, 2.534027894664911, -0.7961094116619964, -2.9032455951189933, 0.20766671006997717, -1.3759186556898633, -2.837358650389903, -2.530222234005774, 0.9669687419626962, 0.4876542076742201, -0.41264971303931164, 2.987656352919678, 0.05224945195901398, 1.827995642952473, -0.4165964315876849, -0.18027614784339496], [-2.8852683570507, 0.4852003197971273, -2.688819084884912, 1.0210890606768093, -0.4528352638976001, -0.7326292158509817, -1.3234109960912943, 2.8800140378630745, 2.531663801836488, 1.5211465155451265, 0.014404745455466994, -1.371630936707905, -0.28921591960286364, -1.6875103255810602, 1.3665987366029135, 2.3802788658223797, 0.8148805381962956, 1.5982845075486631, 0.6819979823866364, 2.8090579558736453, -2.2733506951847495, -1.5036809875894097, 0.2331315756309995, -1.9380541657647652, -0.7175744372129076, -1.915813434288583, -0.287126260049714, 1.8231774086897445], [-1.18239622460552, 0.07272990464869356, 1.8909693781523416, 1.7412787514027794, -0.9685293430846307, 0.9327547525791706, 2.517633070918813, -2.1874825903063955, -2.730954122226973, 2.014879637042757, -1.8343629605879697, -0.1022251536804184, -0.4426311295158545, -2.061738011644591, 0.9744752751907586, 2.7099824085462494, -2.0958960226646015, 2.050148287598038, -1.8764643091325337, -2.5667224508689017, 0.10744976697670783, 0.08990391055386482, -2.2125219511746095, -1.806332084872555, -1.9629699667242866, -2.38628468351654, -1.03596478272545, -0.5320968168492799]], [[2.578051616520834, 1.7236623576972647, -2.2760707298043332, 2.836764884516013, 2.894936444258555, 0.41669883480952574, 0.685358676460031, 1.7622835131559746, -1.8511353776718713, 2.5546716610231197, 0.6511768808313709, -1.4754387116673737, -2.6629215164179936, 0.7433066152358698, -0.09186259404005259, 2.4471547436010415, 2.7088408223325677, 1.100367035108496, 1.3503395917781438, 1.1276092678978742, -2.576539848462418, 1.6603182064512794, -2.694405418052253, 0.6137793641356781, 1.777179244918786, -2.734747344644796, 0.7756929555490188, -1.2076337271426263], [2.0649924796232346, 1.9900978252220547, -2.690732763773097, -2.228959991577587, 2.8347835148565093, 2.745028563953131, 2.4968705087625764, -1.2241663912602332, -2.4734923477947173, 2.5775763106855907, -1.4678178975768001, -0.20304596878511472, -2.553107716671125, 0.59445964908421, -0.16876683655405778, -2.1394249322045695, 1.8905075939066958, 2.7082629489478975, 0.06010581316812402, -2.8306809153626586, 2.6991142711570166, -1.640666979808524, 2.7996800022377863, 0.8250039955458677, -2.5057198665736533, -2.8916549206377145, -0.683125431609056, -2.7111340717783623], [0.7990195834954124, -0.8546803045228866, 2.862184250123402, -2.588030890453445, 0.7314288123449897, 0.05544821271536282, 0.490498159126183, 2.867082343316871, -1.2583609135612437, 0.9764599543197452, -0.45332512866694463, 1.54646661525386, 0.8481556446150029, 0.34157088543425207, -1.760192994838298, -1.175104839262679, 0.9864765061682639, 1.9097683418264566, -0.6020732092121981, 1.923715340890955, -2.893128934954514, -2.1171000248716094, -0.6370443690063539, -2.219680816990823, -0.43281711629301167, -0.1322573185011331, -1.9421626008423258, -1.4456228524918202], [1.4269079650838252, -2.180205133943497, -2.3126924939266735, -1.0795329072319597, -1.196693362327721, 2.2612011334709985, 0.5044793700773758, 2.9270746797838756, 2.980485060130473, 0.12140376919872375, -2.610593674974849, -2.4568559294635213, 2.23714470912014, 2.909002113886931, -0.2126691096085338, -1.7510618979221289, 2.852504550995544, -2.9612646167602756, 1.938407822448256, 2.6355146368621885, 2.0967205665666953, -0.6702508425250127, 2.795954215970342, -0.7045967056623628, -2.472617338070829, -0.24257622217029784, 0.34241717284363204, -2.5931455017126863]], [[0.5354999535934946, -2.5221553138381188, 2.730536633027982, -0.27138808257570357, 2.7994391553236557, -1.2700589285994588, 1.864151432592207, -2.1915917383274692, -1.2827091562453892, -0.15483475250802226, -1.6153217075649828, 2.2156853906734835, -1.239545608966864, 1.1312255541056695, 2.6262316737308007, -0.3275022513635726, 2.2340115794242035, -0.4779851646524689, 0.26693447777426416, -0.3417775546914239, -0.31238561748915794, -0.6955880039570137, 1.3561886347549326, 1.9922099090932743, -1.959988872469726, -2.3717990576652754, 2.6233510076476634, 1.285336343374337], [1.5854437282707465, -2.101464794727084, 2.198098809862291, -2.3775123871137573, -0.20637304298203274, -0.6737284963144763, -2.0254203516406672, 0.9210696004675505, 2.9696164233671762, -2.80032923529269, 1.9433730686357027, -0.40765873213678727, -2.6138022299774812, -2.7860132435699327, -1.446391037357044, 1.7104630084382428, 0.9726828672756431, 2.872102265123357, 2.3749845195794625, -0.3126903814057531, -1.455685542090404, -0.401720432862966, 0.3232768047836774, -0.7288368968023295, 1.3472491564859554, -1.9310574129177438, 0.46576412761093344, 1.2761090803677968], [0.907124945579616, -2.7125772565587596, 0.7173108022109131, -1.9080176423367752, 0.809716055248999, 2.9594356408178797, -2.7492138951779177, -2.159703128858978, -0.7807129767047201, 2.023620366897525, -1.0582374140484914, -2.0124863323964273, 2.2553678208522463, -1.0591355225405736, -2.6745998078612243, -0.6079751938658089, 1.4095749880405428, -0.3008193367760166, -0.035913521925336145, 1.8478924288759329, 1.2805749331154352, 0.4894647984536844, 2.2319728494314646, 0.5519455142947676, 1.2247163420884455, -1.1638362941129154, 1.3816773191754557, 1.896400156980981], [-1.5671429677696702, 2.6181497263312092, 1.1372085842988202, -1.5489974295396967, -2.7593729777220135, -2.287316316406285, -1.2561546771587788, 0.058620271135707114, -2.230958972826413, -0.40504335304863215, 2.2439444231354786, -0.845209250322235, -0.03908607900188166, 0.2497499637819951, 0.9544072186441919, 1.2104428226517348, 2.926215002373632, 2.2575420309130187, -1.796553764487526, 0.7696817063011627, -1.8937368770455139, 1.5172376934556944, -1.2556881478237778, 0.6142902642889041, -0.9611506622148207, -1.3750756201296805, 1.2889569230080946, -0.7396863589301379]], [[0.4507584548033594, -2.6013452620203483, 2.912143204137399, -1.844820651209767, -2.76899280264107, -2.9551795908174103, 2.2733004243764823, 1.8038607354521385, -0.7541180426669034, 2.9857901894133896, -0.17760548192770464, 2.2900304612025817, -0.29012667538002024, -2.70148520820094, 1.503090352822559, -0.9500042799366133, 0.27674375647967864, 2.823780220197853, -1.9867876999720395, -1.9456429587967334, -0.3413306803784826, -2.457141069374753, 0.2848011987968144, -2.4310988990735747, 0.42306263676891653, 0.6867832876315045, -2.499117700220223, 1.870316372193753], [-0.8624543030009999, 1.507842990068463, 2.9777904495660046, -0.08617588967660605, -1.955492802110554, -0.038808750778668966, 2.1143484471386023, 2.881218062950924, -0.4052118502824724, 0.5804050682108848, -0.10441736917325262, 1.5820918308781318, -1.5211532957059615, 1.9318701131575438, -0.4951490342527922, 1.7985013848670803, 1.963914903750859, 2.6011463767436016, 0.8278449674324602, -1.0940612818409292, -0.3626757719493785, -1.5922006018243062, 1.7068319332104966, 0.7584563326321598, 1.5473959459361604, 1.3315127342805457, -1.1671121530292177, -1.688885294258787], [1.1235470319556065, 2.4540464776122555, -2.6204627213355236, -1.278020895460144, 2.656623017276326, -1.6907127420173689, 1.165340467128984, 2.329840885327359, 2.4629941191306113, -2.6447037179390707, 0.45046836878140173, -1.0465015187781372, 0.8227441614105961, 0.5789561147288698, -2.0067606154471465, 0.53864703971868, 1.312940812082105, 2.4960411878413433, -1.3890356645512851, -1.6425577701336278, -0.20537530365953272, 2.3764999006327923, 1.4245349925815205, -2.693972184946084, -1.449117119897737, 0.5240957512753459, -1.653849475029471, 1.201618452888055], [1.1333977104485404, -1.0723786596449554, -2.433097105553548, -2.410311884175262, 1.9629113260806186, -0.7622524998590441, 1.3326757630616388, 1.827276935862936, -1.323916876691216, -0.07210457673876469, -1.8408537442599961, 1.3734100301096577, -0.16396583712181023, 1.1491777169184552, -0.289249845461661, 0.11251870597904601, -0.8445751853556449, 2.484466504381987, 0.7849133653420335, 0.12830491890670093, -2.371730105350087, 2.381573629494831, -1.0170160114131939, -0.9740822325700993, 2.6186342426633518, -0.7882818137001584, -0.5315782303859509, 2.2084886913562354]], [[2.1308716872971765, -1.6709567214611984, 0.17932813871026143, -2.258514884318756, -0.24753906691643834, -1.065435431312597, 0.9620852916505482, 2.824725476493567, -1.9674568215588593, 2.54887434439501, 2.360541123824751, -1.8577231775196288, -0.9958825882664311, 0.8000058647280164, -1.1587789303034082, -2.379229150364243, -0.2750370775624864, 0.408976886885581, -0.3037484440322791, -2.538330544958275, 0.06739505611827923, 2.5369007253104865, -2.065571934579863, -0.5901227655994861, 2.83783338446092, 0.32983765861654346, -1.6941052136027508, 0.8188209592298445], [1.426868975250744, 2.731892104820222, -1.6433144090500846, 2.8252924940790987, 0.7571367933990767, 1.9183120380805425, -0.9560508978226232, 1.881924992553242, -1.19772735047504, 2.7313535631128705, -1.6078706432283998, -2.749164761974966, -0.14922468325045557, -2.4319085519496904, -2.6849676046148714, -0.9850495440453706, -1.5359922631281762, 1.8768780308413895, 2.653761815359376, 2.9003622922185475, 0.7314550088930805, -0.19468559783897987, 2.58316270485149, -1.7169838534259976, 1.143537817844999, -0.467332097226294, 1.346809786719259, -1.271439527010294], [0.13315753488089488, 2.6290330839059113, 0.6267076087514125, -0.9395780629051007, -2.994341728327938, 2.73683383677057, -0.8735258216163482, 2.5077779933344733, 0.3349438151325046, 2.3865177107892146, -0.34479491029324016, 1.9828607095494517, -1.6830296857461051, 0.18207200905293774, -0.3025029771320318, -2.008751297577275, -1.2154621958197285, -2.9483198494307334, -1.8236175022318555, 0.5754198325282269, 2.437463602775151, -1.6159087076267502, 1.2419255242662341, 2.483582278929216, -0.21194794729076794, -0.4589271531912389, -1.7763147358632725, 2.6886400472862855], [-1.1469153444312092, 0.2730735075910182, -0.1081693128887462, 0.21525092540160706, -1.0507777049080602, -2.9251027976345183, 0.6494481707553823, 0.6521335724957185, -2.507781154077838, 1.2695791262434213, 2.111751755107427, 0.5094885436089913, -2.0297416398994748, 1.0988856784318806, 0.42984937545448965, -1.1291838079462624, 1.242931405850098, 0.4092259467132404, 1.807357102435919, 2.709167310992651, 1.4481897938929027, 1.0601476639467853, 2.969570284714548, 1.5673525956881988, 0.9164006677764256, -1.2664903307231832, -1.9797227519954268, 1.035359860724098]], [[0.22257691328373408, -1.8776239065774634, -2.5108613670167665, 0.5415090161259712, -0.4503561316178297, -2.4859966040269397, 2.1627918658454464, -2.7255069038652784, -2.589907109694196, -2.293261127149256, -2.638924272893638, 2.106931351443997, 0.2071801983906454, 1.8717509401379973, 2.703752527855193, -0.43783276395967263, 2.363574052049583, 2.4591737977901094, 1.8198119000149928, 1.817838863777486, 2.1810719238473535, 2.5402569164279463, -0.7743067283844507, 1.7940708207254383, -1.9616148750504425, -0.2658008169887678, -0.42126075938005947, 0.7276540051514298], [0.802494633293394, 0.20928721267208505, -2.886179088250766, -1.164956877979639, 1.754238716711571, 1.7446983409004977, -0.9190022860466334, 1.327263149146586, -0.7207388481440709, 0.029516685240328133, 2.5904173877229892, -2.519450065046131, -0.20953334317234162, 1.4519090799164278, -1.1054400582787896, -1.405989879735963, -1.3473254075671284, 2.776160754271185, -2.6942235002756334, 2.2693445819608105, -0.5417383298523037, -2.6648242594901284, 2.8484316687963247, 1.4887233788142904, 1.463624438367118, 0.5440256648758153, -2.940831079712436, -2.1503297180654606], [0.26011926180164213, 2.8878285814354356, -2.3784185868623062, 0.431200896233114, 2.0935604941959323, 1.0421532003043712, 0.02402859486758402, 0.7147695069022371, 1.949478111385929, 2.361429385501326, 2.54921762255631, -0.5049082549360486, 0.06832908784156366, -1.4995732426612687, -2.7650154718942304, -1.633763886574458, -0.9990277686823075, -2.996562564858299, 2.96783037608032, -1.314435189339486, -0.5690882667038779, 0.02518078343613972, -0.07810182849522862, 1.8122062663703815, -2.9058844066327003, -0.6677717639234872, 0.259765865292644, -1.8499286867872298], [-2.177007820781914, -1.9176020941756602, 0.29311801375246915, 0.7737626617805571, 1.5690707139137805, -2.845315780099482, 0.41072141503144977, -1.5246408135463625, 2.2053661034439367, 1.5000679633460008, -1.8446412292545071, 1.169886757353229, 1.406366701982006, 1.5509517969298523, -0.3849603844911722, 2.5866275316761964, -2.3848609623736765, -0.35110163521271875, -1.28231584524107, 2.436634533194944, -2.1494288914086024, 1.4124613571189668, -1.699770260113206, -1.648187273706965, 1.3666961739561412, 1.0700300997911594, 1.6255713776401048, -1.24104634222755]], [[-2.0131254946497776, 0.247507612379799, 2.9661265258773053, -0.6187945395333072, 0.3752216641363635, -1.017132463061784, 0.44265036325540263, -0.4205534747239499, -2.3856593053895243, -0.4858839886073465, 1.7593238296044653, 0.3932467669466311, -1.0709128885067731, 0.09590873288869961, -1.9281745186014803, 0.8575550760926758, -0.9061712192115103, 1.9042439246543656, -1.7984208225319585, 1.3509108387007824, 0.023523106606046618, -2.915164179764207, -0.7738452689634032, -1.6346550388641274, -0.3898809557338758, -0.79628717635737, 2.059790147716825, -2.1122669703963206], [0.8190154500507916, -2.1366564876529752, 2.4708410939253858, 0.9781024352415644, -1.5111953096288433, -1.6673690432837804, -0.40965974420131346, 2.8709244755770404, -1.3282726289300217, 1.8723387924268788, 2.426182892918307, -1.691066145810228, -2.558224531628985, -2.2571322015654074, 0.10213310134898457, -2.2933552049305312, 0.33376080616455717, -0.3198767002525491, -0.277177701825984, 2.488370424796984, 1.8033023463660243, -0.5652543736018991, -2.900596367600439, -1.6129295353841133, 1.1675606501830051, -2.4467716801272097, 2.3432854994534837, -2.6810871806799637], [-0.976101737579329, -1.3423773392223897, 2.2883201026658275, 2.430420349728907, -2.121028728518522, 0.6905802073327143, 0.3914239100971604, 2.4351634438487944, -1.9337950551936558, -1.1407831212424413, -2.0557042913352443, 2.846984284284888, 2.3112144749846637, 0.9785081976764616, -2.9864543277024835, -2.9775962920233043, -1.3831610251670705, 0.8112986987058672, -0.011229611062379519, -2.473288878351333, 1.5547707958056884, 0.5508881171135944, 2.8239442711477487, -1.2159300409013944, -1.9230814015719824, 2.0759011008656554, 0.4590436495054391, -1.586728622123591], [0.712316824366976, -0.4510554206475845, 1.1048919045025194, -0.38113165860361775, -1.7764202257868869, -1.076714561248345, 1.148056112650897, 0.4336501976803646, 0.4675524458531881, -1.1724847604502273, -1.4719828889922324, -2.1135329371140816, 1.347807509235361, 1.4568272155777686, 1.8407699602625796, 2.5288305557644666, -1.3587381554225697, -2.959807227480933, -0.04278989639470865, 2.6124798157524154, -2.2527534907240825, 2.9130543430440543, -2.445027192291092, 0.0930689848950661, 1.1797917510230764, -0.2479990193934256, 0.5990891628683377, 2.6695313699619607]]];
t = [[99999999.0, 12.451762699030601, 6.496088330639166, 10.201378331211213, 6.750308005498377, 14.764617355102356, 11.38301229783281, 8.932821765971966, 5.26288054799196, 8.657860850795972, 7.8329431970433285, 5.408210738238707, 6.563473422633867, 14.239590824079563, 14.262956737753935, 8.303539283693846, 14.307025095189038, 14.08039116519192, 12.390621371490582, 14.064578234914467, 11.268768233227764, 10.265438881862067, 11.11093612074254, 13.104425898444436, 9.156393172851441, 8.397047071325774, 13.316630198208793, 5.512189303480156, 5.837429073780747, 11.043232845947237], [12.451762699030601, 99999999.0, 7.06242794635288, 12.316131353240932, 12.410103677132472, 6.099446578060052, 14.855573545402512, 11.72925371493686, 13.761783883952571, 8.116958200831851, 14.950835635348078, 10.285559609630301, 13.27555837697773, 14.088819077458696, 9.15311755439511, 14.54065366038501, 5.43428823853631, 14.20091103395868, 10.84952064454867, 6.46851407520515, 12.802396856799152, 12.903433571997908, 10.07219532268073, 9.865161306070771, 8.333412936015508, 12.310226689679348, 10.831394361274832, 11.536919886687983, 13.078150120558744, 7.888781195165776], [6.496088330639166, 7.06242794635288, 99999999.0, 6.619177522844292, 14.70047366201159, 6.75858972991005, 8.48552735256489, 6.751989689031095, 12.027691914519723, 11.792135870682086, 13.208777642094283, 6.093906999099642, 6.165777483254652, 10.915497055851578, 14.105557618045415, 8.910525252787801, 7.825988295541883, 13.6623656914879, 13.911333185939178, 13.265784964149768, 10.047283873325611, 14.398054173946424, 5.400540696120199, 10.301188978941909, 9.395707206845145, 10.978649432909213, 9.17034978356017, 14.620876330742544, 8.933427403870736, 12.740096217909091], [10.201378331211213, 12.316131353240932, 6.619177522844292, 99999999.0, 7.163389707243063, 10.377644027763118, 5.773774922376024, 5.769214725846573, 7.568702865595399, 7.492062688894373, 10.698788566613283, 6.104637055402586, 14.647818677807164, 13.605684781356693, 8.882453620982172, 8.932331301504533, 13.33454318454589, 11.21590293770993, 12.998090812668703, 11.697175315809062, 6.482168398052707, 9.169497973981407, 13.883396452840884, 12.56878736601994, 8.226283692035057, 14.533029567232628, 12.565870055371777, 14.464736852576673, 13.712428120952158, 10.166578744647854], [6.750308005498377, 12.410103677132472, 14.70047366201159, 7.163389707243063, 99999999.0, 12.070703729708303, 11.830571354569589, 11.991857724345074, 10.390265580100676, 6.312410820317703, 10.630913726236043, 9.33915272578401, 6.177288348861464, 7.551500745792915, 7.597615319820564, 10.639966062732544, 9.105290656710439, 8.531327597141527, 9.714288135391147, 14.460036815756865, 5.611430771341855, 10.257867135169741, 7.926749412390758, 8.628420641872372, 13.549625146670284, 14.65463082351272, 14.141187348310787, 9.213424563133644, 7.21012560339953, 12.359380303784683], [14.764617355102356, 6.099446578060052, 6.75858972991005, 10.377644027763118, 12.070703729708303, 99999999.0, 9.956994631730279, 14.189539437317404, 9.70629743740642, 11.346752762749405, 13.723791607399535, 14.796269583036972, 7.874317804471163, 10.262326594077864, 5.834780998456203, 10.39027225585213, 6.318511706238717, 7.5111801878119895, 7.582547379783895, 14.61046239169163, 14.505543587191312, 12.837471807492978, 6.050851281503007, 9.15045732073217, 5.656099472551512, 8.734836703712753, 6.567007050423611, 6.12637039183351, 14.57530506855123, 11.11826091327477], [11.38301229783281, 14.855573545402512, 8.48552735256489, 5.773774922376024, 11.830571354569589, 9.956994631730279, 99999999.0, 9.845302915799934, 14.5346114596982, 5.141552288533374, 7.6145842159376755, 11.892605609054979, 14.582733750827636, 7.094135783215897, 9.093025953998055, 10.518447845538214, 5.449887243324425, 11.462053061723228, 5.931269920214659, 13.950946988083748, 6.32904858766902, 14.147939861610029, 5.3182915649692575, 10.253373063356591, 11.092000228424748, 6.733695312035085, 7.276952402999423, 12.668863328600498, 14.528397971595275, 11.905132424638936], [8.932821765971966, 11.72925371493686, 6.751989689031095, 5.769214725846573, 11.991857724345074, 14.189539437317404, 9.845302915799934, 99999999.0, 7.31513790440566, 12.50379236124636, 6.4920500178584595, 11.650160269985246, 7.526696490268624, 12.30649773983955, 6.720752105477992, 5.395430734313216, 12.692725281052935, 13.48909326589238, 12.517247840195719, 5.411864402530374, 5.717003643659159, 8.131017097994851, 13.18495686386992, 14.309864947735413, 12.979797621231185, 12.416584126555165, 7.379675294490324, 14.969704998819894, 6.133403803106771, 11.27750864949185], [5.26288054799196, 13.761783883952571, 12.027691914519723, 7.568702865595399, 10.390265580100676, 9.70629743740642, 14.5346114596982, 7.31513790440566, 99999999.0, 5.850564783925915, 7.029262877225325, 12.555941844709857, 12.901780502944863, 9.028129909196068, 7.740616913042596, 8.984069619032748, 11.65757980108225, 13.220309654622357, 13.508293072946119, 12.216629009054786, 6.699727213160883, 11.092256457758166, 5.946933227454173, 12.508858902646827, 9.259362746123578, 7.856132197891252, 14.227131481604228, 12.862145622086203, 6.759756243661325, 14.5881265767569], [8.657860850795972, 8.116958200831851, 11.792135870682086, 7.492062688894373, 6.312410820317703, 11.346752762749405, 5.141552288533374, 12.50379236124636, 5.850564783925915, 99999999.0, 13.006966061579257, 6.1216236860424456, 7.015889699140525, 6.234206876703362, 13.622089813784758, 14.160123636546915, 12.115787955184455, 11.13251158702317, 9.359948957401087, 7.928335073054413, 5.697172556876781, 12.683112659309188, 10.149020501829332, 7.2477870767278985, 6.4232872693000385, 10.559148755509124, 13.897791303726553, 10.185754108907954, 7.755735284949466, 6.78568016597465], [7.8329431970433285, 14.950835635348078, 13.208777642094283, 10.698788566613283, 10.630913726236043, 13.723791607399535, 7.6145842159376755, 6.4920500178584595, 7.029262877225325, 13.006966061579257, 99999999.0, 13.294196320655141, 13.230304043104413, 12.202186182972223, 7.179681811321645, 10.25860772026316, 9.020300570487507, 12.47067887600645, 14.87392565848471, 5.502596797904666, 11.793866198541245, 8.724769276553133, 7.164910468582607, 11.041878406971584, 13.301964101511487, 9.644780330886727, 8.637609081673697, 11.541606092733137, 14.308677051298398, 8.854767873943626], [5.408210738238707, 10.285559609630301, 6.093906999099642, 6.104637055402586, 9.33915272578401, 14.796269583036972, 11.892605609054979, 11.650160269985246, 12.555941844709857, 6.1216236860424456, 13.294196320655141, 99999999.0, 6.135732373263884, 14.649704726845256, 11.158080462806339, 10.895096988281558, 10.652229086502114, 10.108557432607633, 8.963606426581851, 9.324900761352817, 6.258941282138405, 11.547805959416916, 9.629564372093755, 8.381807959115987, 7.355324301465628, 6.963165576349183, 5.612652698332342, 12.777438817836126, 14.92064560503893, 8.788262100752071], [6.563473422633867, 13.27555837697773, 6.165777483254652, 14.647818677807164, 6.177288348861464, 7.874317804471163, 14.582733750827636, 7.526696490268624, 12.901780502944863, 7.015889699140525, 13.230304043104413, 6.135732373263884, 99999999.0, 5.939516739887686, 6.305762935795267, 8.54533141847257, 6.947568394405128, 11.371777680864238, 11.098559626653888, 10.26297061031355, 12.947784163349045, 5.207568137312808, 5.201528222478153, 7.474406543783604, 7.7456138903520975, 13.571188317745758, 13.008302252064903, 11.143360439878535, 14.11980783199374, 14.712583971538338], [14.239590824079563, 14.088819077458696, 10.915497055851578, 13.605684781356693, 7.551500745792915, 10.262326594077864, 7.094135783215897, 12.30649773983955, 9.028129909196068, 6.234206876703362, 12.202186182972223, 14.649704726845256, 5.939516739887686, 99999999.0, 12.84998101901538, 10.704962898745407, 8.164887266571075, 8.159205177891991, 13.877804752544282, 7.024834044470979, 12.064633517774546, 5.019856353478915, 6.834857506943513, 5.219574272543937, 5.40792968666839, 9.338527811123129, 5.67087446999314, 8.906484029818794, 11.53400578162369, 14.229605198343652], [14.262956737753935, 9.15311755439511, 14.105557618045415, 8.882453620982172, 7.597615319820564, 5.834780998456203, 9.093025953998055, 6.720752105477992, 7.740616913042596, 13.622089813784758, 7.179681811321645, 11.158080462806339, 6.305762935795267, 12.84998101901538, 99999999.0, 5.996666086952839, 9.743982854561235, 6.167135262739166, 7.235693427884092, 14.861887275490776, 12.952409795670265, 12.256846762548564, 11.17248642607241, 9.753380767258493, 9.453823972021507, 8.605656433208864, 8.294282320464308, 7.967808149618978, 11.788322769681104, 11.973287727118471], [8.303539283693846, 14.54065366038501, 8.910525252787801, 8.932331301504533, 10.639966062732544, 10.39027225585213, 10.518447845538214, 5.395430734313216, 8.984069619032748, 14.160123636546915, 10.25860772026316, 10.895096988281558, 8.54533141847257, 10.704962898745407, 5.996666086952839, 99999999.0, 14.407612002664749, 10.283021372656272, 6.8662876664711705, 11.185008702416052, 10.641865529237608, 5.435376182696089, 7.839581615705221, 13.874099742392897, 9.510291613523746, 5.361190308454225, 7.420715186949048, 13.184751963126748, 8.502318739458204, 10.170594168036933], [14.307025095189038, 5.43428823853631, 7.825988295541883, 13.33454318454589, 9.105290656710439, 6.318511706238717, 5.449887243324425, 12.692725281052935, 11.65757980108225, 12.115787955184455, 9.020300570487507, 10.652229086502114, 6.947568394405128, 8.164887266571075, 9.743982854561235, 14.407612002664749, 99999999.0, 12.587887949402177, 10.600908603295384, 5.720210548899923, 7.905426928886935, 13.10152809835236, 8.222972018730914, 12.982594158018427, 5.170378225641122, 14.028190131137785, 11.947471588265005, 14.005882102255557, 13.012443595085832, 11.118786097661692], [14.08039116519192, 14.20091103395868, 13.6623656914879, 11.21590293770993, 8.531327597141527, 7.5111801878119895, 11.462053061723228, 13.48909326589238, 13.220309654622357, 11.13251158702317, 12.47067887600645, 10.108557432607633, 11.371777680864238, 8.159205177891991, 6.167135262739166, 10.283021372656272, 12.587887949402177, 99999999.0, 9.339418591469045, 9.362581265870556, 8.370615585450086, 11.22175969054698, 5.377870597203508, 13.500179309747152, 12.594482576257285, 7.594163830040769, 6.5275068480882545, 14.17543478397011, 5.579497777365536, 5.607749992248499], [12.390621371490582, 10.84952064454867, 13.911333185939178, 12.998090812668703, 9.714288135391147, 7.582547379783895, 5.931269920214659, 12.517247840195719, 13.508293072946119, 9.359948957401087, 14.87392565848471, 8.963606426581851, 11.098559626653888, 13.877804752544282, 7.235693427884092, 6.8662876664711705, 10.600908603295384, 9.339418591469045, 99999999.0, 14.371274803747404, 13.427467097994265, 14.60767103031248, 14.524920840254058, 14.323459940701742, 12.495013388097156, 11.987344873164714, 7.6434926429060575, 12.185184264882981, 11.783103286312489, 7.912760334275984], [14.064578234914467, 6.46851407520515, 13.265784964149768, 11.697175315809062, 14.460036815756865, 14.61046239169163, 13.950946988083748, 5.411864402530374, 12.216629009054786, 7.928335073054413, 5.502596797904666, 9.324900761352817, 10.26297061031355, 7.024834044470979, 14.861887275490776, 11.185008702416052, 5.720210548899923, 9.362581265870556, 14.371274803747404, 99999999.0, 5.592132981609913, 14.950624980644069, 10.906959523726378, 12.739830849964989, 5.173457852916281, 8.879686364453775, 14.528433688152475, 10.174988796088618, 12.571058282535256, 12.341625792790342], [11.268768233227764, 12.802396856799152, 10.047283873325611, 6.482168398052707, 5.611430771341855, 14.505543587191312, 6.32904858766902, 5.717003643659159, 6.699727213160883, 5.697172556876781, 11.793866198541245, 6.258941282138405, 12.947784163349045, 12.064633517774546, 12.952409795670265, 10.641865529237608, 7.905426928886935, 8.370615585450086, 13.427467097994265, 5.592132981609913, 99999999.0, 13.542082199612823, 8.28762470114139, 6.5180375498214, 12.570277807903686, 9.609810621074395, 7.531041811853604, 6.882823624835562, 10.971488952251963, 13.742141184115338], [10.265438881862067, 12.903433571997908, 14.398054173946424, 9.169497973981407, 10.257867135169741, 12.837471807492978, 14.147939861610029, 8.131017097994851, 11.092256457758166, 12.683112659309188, 8.724769276553133, 11.547805959416916, 5.207568137312808, 5.019856353478915, 12.256846762548564, 5.435376182696089, 13.10152809835236, 11.22175969054698, 14.60767103031248, 14.950624980644069, 13.542082199612823, 99999999.0, 14.527204411817236, 5.622819574062267, 10.822347788940966, 9.42411030011721, 8.491648353265376, 8.724032246636266, 10.333822608493527, 10.768712158382863], [11.11093612074254, 10.07219532268073, 5.400540696120199, 13.883396452840884, 7.926749412390758, 6.050851281503007, 5.3182915649692575, 13.18495686386992, 5.946933227454173, 10.149020501829332, 7.164910468582607, 9.629564372093755, 5.201528222478153, 6.834857506943513, 11.17248642607241, 7.839581615705221, 8.222972018730914, 5.377870597203508, 14.524920840254058, 10.906959523726378, 8.28762470114139, 14.527204411817236, 99999999.0, 10.31733174199011, 8.20770892101585, 12.005572999733937, 8.726552569982388, 6.380822282623882, 6.5702950102303, 11.183205689339689], [13.104425898444436, 9.865161306070771, 10.301188978941909, 12.56878736601994, 8.628420641872372, 9.15045732073217, 10.253373063356591, 14.309864947735413, 12.508858902646827, 7.2477870767278985, 11.041878406971584, 8.381807959115987, 7.474406543783604, 5.219574272543937, 9.753380767258493, 13.874099742392897, 12.982594158018427, 13.500179309747152, 14.323459940701742, 12.739830849964989, 6.5180375498214, 5.622819574062267, 10.31733174199011, 99999999.0, 9.951366333815201, 8.506081980142577, 7.90199373433948, 8.125006786286349, 14.69104489658625, 13.955668462636616], [9.156393172851441, 8.333412936015508, 9.395707206845145, 8.226283692035057, 13.549625146670284, 5.656099472551512, 11.092000228424748, 12.979797621231185, 9.259362746123578, 6.4232872693000385, 13.301964101511487, 7.355324301465628, 7.7456138903520975, 5.40792968666839, 9.453823972021507, 9.510291613523746, 5.170378225641122, 12.594482576257285, 12.495013388097156, 5.173457852916281, 12.570277807903686, 10.822347788940966, 8.20770892101585, 9.951366333815201, 99999999.0, 10.2026091062109, 14.015039877968634, 8.498282370753447, 6.884933093739418, 10.273131492751642], [8.397047071325774, 12.310226689679348, 10.978649432909213, 14.533029567232628, 14.65463082351272, 8.734836703712753, 6.733695312035085, 12.416584126555165, 7.856132197891252, 10.559148755509124, 9.644780330886727, 6.963165576349183, 13.571188317745758, 9.338527811123129, 8.605656433208864, 5.361190308454225, 14.028190131137785, 7.594163830040769, 11.987344873164714, 8.879686364453775, 9.609810621074395, 9.42411030011721, 12.005572999733937, 8.506081980142577, 10.2026091062109, 99999999.0, 13.321830365616457, 5.293765577863767, 5.281666185455663, 10.777444599959868], [13.316630198208793, 10.831394361274832, 9.17034978356017, 12.565870055371777, 14.141187348310787, 6.567007050423611, 7.276952402999423, 7.379675294490324, 14.227131481604228, 13.897791303726553, 8.637609081673697, 5.612652698332342, 13.008302252064903, 5.67087446999314, 8.294282320464308, 7.420715186949048, 11.947471588265005, 6.5275068480882545, 7.6434926429060575, 14.528433688152475, 7.531041811853604, 8.491648353265376, 8.726552569982388, 7.90199373433948, 14.015039877968634, 13.321830365616457, 99999999.0, 7.777910066029713, 6.815796689505232, 7.046444178727319], [5.512189303480156, 11.536919886687983, 14.620876330742544, 14.464736852576673, 9.213424563133644, 6.12637039183351, 12.668863328600498, 14.969704998819894, 12.862145622086203, 10.185754108907954, 11.541606092733137, 12.777438817836126, 11.143360439878535, 8.906484029818794, 7.967808149618978, 13.184751963126748, 14.005882102255557, 14.17543478397011, 12.185184264882981, 10.174988796088618, 6.882823624835562, 8.724032246636266, 6.380822282623882, 8.125006786286349, 8.498282370753447, 5.293765577863767, 7.777910066029713, 99999999.0, 14.78646004123528, 11.690512305009875], [5.837429073780747, 13.078150120558744, 8.933427403870736, 13.712428120952158, 7.21012560339953, 14.57530506855123, 14.528397971595275, 6.133403803106771, 6.759756243661325, 7.755735284949466, 14.308677051298398, 14.92064560503893, 14.11980783199374, 11.53400578162369, 11.788322769681104, 8.502318739458204, 13.012443595085832, 5.579497777365536, 11.783103286312489, 12.571058282535256, 10.971488952251963, 10.333822608493527, 6.5702950102303, 14.69104489658625, 6.884933093739418, 5.281666185455663, 6.815796689505232, 14.78646004123528, 99999999.0, 12.319644626159889], [11.043232845947237, 7.888781195165776, 12.740096217909091, 10.166578744647854, 12.359380303784683, 11.11826091327477, 11.905132424638936, 11.27750864949185, 14.5881265767569, 6.78568016597465, 8.854767873943626, 8.788262100752071, 14.712583971538338, 14.229605198343652, 11.973287727118471, 10.170594168036933, 11.118786097661692, 5.607749992248499, 7.912760334275984, 12.341625792790342, 13.742141184115338, 10.768712158382863, 11.183205689339689, 13.955668462636616, 10.273131492751642, 10.777444599959868, 7.046444178727319, 11.690512305009875, 12.319644626159889, 99999999.0]];
