M = 99999999.0;
numWorkers = 25;
numRoles = 4;
numNodes = 30;
wStart = [0, 220.5295428754319, 190.5429059928794, 21.549502885271544, 140.95629473865256, 144.57959435580514, 1.480173928446369, 105.18036435186035, 80.60125948908, 338.45115717706034, 290.75603301438167, 323.86934595037803, 41.783401620066286, 203.99547474804822, 287.9227450750648, 127.82700175901506, 414.62922003328146, 195.5544914675054, 48.97183830152085, 415.89683839191895, 151.44957636191018, 110.03220970466072, 284.7177814521389, 87.88699068219086, 211.26253954114375, 344.18389268062316, 287.3667334751086, 376.8556575075832, 270.6414559154163, 0];
wEnd = [0, 255.5742270533907, 229.27969988471324, 53.723398393955335, 178.1896121210441, 178.24500483230878, 32.64166390705524, 139.58350095629322, 111.62997946811882, 371.1016485331242, 326.4848079669839, 359.12279781264226, 68.16217091212505, 230.79298444248843, 325.41332371049936, 154.81716944784932, 442.4535755732494, 222.1486177613273, 82.297113724233, 441.8463341398064, 182.42071046536321, 136.30016147845524, 324.2453146398648, 116.51541369493995, 249.06830130972526, 383.254506934267, 318.6194601367797, 412.54160762755686, 305.26086744072444, 450];
p = [0, 9.46849112085492, 23.256021189166145, 15.919694418957283, 14.1973103696578, 17.322699250995072, 16.02754461845416, 15.538311587165401, 11.840655866404449, 8.82422886558613, 18.762185859441182, 20.78303954930301, 7.907970340827263, 8.797771916252817, 9.81805574794559, 9.006895527940785, 16.60846674487249, 15.994401442942554, 13.83323555057277, 11.73487009364501, 12.965416510843001, 10.539902619577278, 16.981907121758343, 18.043964288983503, 19.605171423811935, 10.450481438464633, 19.317139010289456, 12.404471944613945, 14.929204654979925, 0];
e = [[1, 1, 0, 0], [1, 0, 1, 0], [0, 1, 1, 0], [1, 1, 0, 0], [0, 0, 1, 1], [1, 0, 1, 0], [0, 0, 1, 1], [0, 1, 0, 1], [0, 0, 1, 1], [1, 0, 1, 0], [1, 1, 0, 0], [1, 0, 0, 1], [0, 1, 0, 1], [0, 0, 1, 1], [0, 1, 0, 1], [0, 1, 0, 0], [1, 0, 0, 0], [0, 1, 0, 0], [0, 0, 1, 0], [1, 0, 0, 0], [1, 0, 0, 0], [0, 0, 0, 1], [0, 1, 0, 0], [0, 0, 1, 0], [0, 0, 0, 1]];
d = [[1, 1, 2, 2, 0, 1, 0, 3, 1, 1, 2, 0, 1, 0, 1, 1, 1, 1, 2, 1, 3, 2, 3, 3, 3, 0, 1, 0], [4, 3, 0, 0, 3, 2, 2, 3, 1, 0, 2, 0, 1, 0, 3, 1, 1, 0, 0, 0, 1, 1, 2, 1, 0, 3, 2, 1], [2, 2, 1, 1, 1, 1, 3, 0, 2, 1, 2, 0, 2, 2, 0, 1, 0, 2, 0, 2, 1, 2, 0, 0, 2, 2, 2, 5], [0, 2, 1, 0, 2, 0, 2, 0, 2, 1, 2, 4, 3, 1, 0, 1, 2, 2, 1, 0, 2, 1, 2, 2, 1, 1, 1, 0]];
r = [83.22775957048162, 71.31466136328413, 197.773150913146, 190.49851700251835, 153.40065126630705, 185.28497053179285, 187.710613784952, 104.24822166508675, 73.55737342671601, 171.21889565629263, 111.67717404630122, 57.24941232206891, 164.38839817106904, 93.66702518949117, 131.04816730700492, 184.44823111751435, 173.72083372405777, 168.3768384780824, 116.01023628500366, 199.25896832823804, 172.78352419417712, 69.9743946193177, 73.80454482333998, 161.02114999762776, 134.64102820721848, 103.00285699895755, 127.61748884262894, 164.13215589381917];
b = [[[-0.6987198993759218, 2.4574092218308135, 1.9066015576345645, 0.430267438889663, 1.2938986100858756, 1.255775440683788, 1.069412312185511, 1.9855330103771216, -1.60556835634082, 1.8005926276091238, -0.05911244752619549, -2.802878134892923, 1.0587223807622612, -1.5147653759979662, -2.270242690723655, -1.2384369383379359, 0.5434895461769416, 0.17542910469209438, -1.5511751640002955, -2.5074193464796326, -0.31261749502121816, -1.4731790948744703, 2.033411785639127, -1.9527072169041064, 2.9491900353056817, -0.21555638455039716, 0.5486901636446913, 2.84297694856157], [-0.14974852528271088, 1.9790328289943337, -2.7901962616584157, 1.59638248606994, -0.8706068778388429, -0.8614606890044865, 2.3251930859788006, 1.5520722103176343, 0.26243746309267824, 2.732607582318937, 2.8252825358872364, 2.763366897165679, 2.1153204840083495, 1.7849179396846342, -0.7136768454410372, 2.599068585927066, -0.5561579846830798, -2.671466114118174, 0.1537888202075206, -0.8500788120539822, 1.1358993814980956, 2.218721523524767, 0.9788279818439216, 1.251005990416152, 1.2391856504657124, 2.7531079679764785, -1.5282969686005168, -2.931852896884431], [-2.634422791140009, -1.2163885131933934, 0.5037602715799716, 1.5511055390922754, 2.2498824693101627, -2.1270278521089554, -2.8231230158778025, -0.6063381174495239, -0.01928557216234461, -2.0841064187045006, -1.247687740016654, 1.6799368318119736, -1.0245958129276975, 2.167934854215874, -2.302672738633272, 0.00476167007014805, -2.0489655116750534, -2.589837761004126, -1.5344196132689412, 1.3129496600903412, -0.9739727234219222, -1.3502125335015758, -2.667698281274345, -0.2641104816358686, 0.7517108393890002, 1.5881537427371253, -1.7688947289055934, -2.1792118280661725], [-2.236875948772547, -2.2182741302903715, 1.5803703195530527, 0.5169748239764771, -0.46073174824285257, 2.8509990454711467, -0.22922909336444075, 0.7227043993605489, -2.336289771196106, -0.06677928419961354, -1.8499909623858737, -2.5863480814468076, -0.16652590787864519, -2.262806305672259, -0.3332569878088325, -1.548020967642423, -0.7329866271324068, -0.9546549022706339, 0.21085387191594052, -1.5409474348794392, -2.8717822477286514, -2.591179337323623, 0.3231224895680205, 0.027126961467102362, -0.18999067858377927, -2.9912220152353037, 1.1644593120971116, 2.09441679605775]], [[-2.9982442712891215, -1.8490164903607824, 1.3724460896881476, 0.5597182128402896, 1.3700686157082638, 1.4226354736009075, 1.7995896235508937, -2.9352638183938593, 2.7123795716655046, 0.3210451640742584, 2.6265325257296723, 2.5529462637262226, -1.0533204919428338, 0.7621989629593662, -0.4536287890046262, -1.1578287682110684, -1.0419922348310846, 2.720974808182894, 0.8388716377526553, -0.8275790614919787, 2.6769548765812843, -1.3243502014341044, 1.6668998554711019, -2.9305987807538765, 2.409646835314696, 1.5951169982985816, 2.3442754036748212, 2.505058676708659], [0.8517692161694139, 2.389380437949108, 1.9620562931496464, 2.5689795673908167, -0.521142690453849, -1.6510789264330812, 1.049467976217901, -2.8725489385113208, 0.5428875931833419, -1.5312483497402514, 1.1478743084025114, -0.7680672566133504, -1.2475074753616635, -0.2634345375626208, 1.217503613271278, 0.37215148269717346, 0.2893942068728781, -1.2472601712599911, -0.2254283508896977, 0.8011783909783703, 0.36725155141831234, -2.6079410803892227, -1.6721818060565272, -0.5448693694810043, -2.0397131598106775, -1.2053224487694871, -0.654350441299882, -0.7507424450012583], [-2.3910542089966116, 0.060560326965982014, -2.5748763128612797, -2.2112356377228823, 1.9258540858767113, 0.4927025557472988, 0.9904015260076191, -1.8713897966100008, 2.9441589762430436, 2.2807075586706667, 2.487906539249815, -0.599320223070281, -2.063326702744398, 0.6135016128751971, 2.168065291708279, 0.203812910002803, -1.764970705644949, -1.3794499989234508, -2.129959894051474, 1.9393116993979866, -1.6537189020763992, 2.8050605148480603, -1.3756962765063816, -1.0367511846532202, -1.1320347920495746, -1.0391874711413955, 2.6266439885748643, -2.2350265506408373], [0.3368065280538657, -1.0360902456661858, -2.4189854196488385, -1.7449259455312904, -2.4921384120960868, 2.5387735132749736, -1.4804227725830328, -0.2799504385847986, -0.3480743802593391, 1.8822835074746163, 0.10067000288298633, -1.6070256316488363, -2.5216102717388766, -2.5781565075238433, 2.901635206477109, -2.238467247383732, 0.6408039931276601, -2.298198164676135, 1.6645627803864844, -0.8627082946691376, 2.5995703140063284, -2.5480332052031476, 2.646065760420945, 1.1586200926161476, 0.19598508018556782, -2.4974849950390436, -0.7955688576485067, 2.378094568842105]], [[0.33408671549919866, -0.4041209782670432, 1.2707612174499587, -1.1925457463342193, -0.16586684926111372, -0.3741434048706225, 2.369913181190361, -0.16670151597253557, -1.3887614776108044, -2.2443744739997564, 1.5841185125435047, -1.1053627660277487, -2.8587226762630245, -1.8319029001999276, -0.1250917140891108, -0.5913481131923906, 1.095266618200906, -0.46330448264395585, 1.4445445773448693, -2.0035924001613843, 2.963397487096186, -0.9140051627055024, -2.9941755972189616, 0.99089167004899, -2.7673958871216477, -2.8373066852724556, -2.153207870024321, 1.892103136284943], [-0.5324971453142222, -2.427032744948333, -2.6528834557122174, -0.4855457628936124, -0.53879053290356, 1.3558302614640239, -0.5839168268436286, -0.8595731987649686, 2.8865789671887807, -1.5493580242931142, -0.8426160167329941, -0.4723938399481691, -2.853325299025655, 2.5693650614869252, 1.0177652505352226, 2.4869496049410325, 0.011423645569256013, -2.3166154657175673, -2.5960064385341797, 1.2472331785544561, 0.3893961837436706, 1.1418382438814199, 2.9000744263130054, 1.5397395739209756, -2.194973320680938, -1.3070396368521657, -1.6198056640948952, 1.0472766406802467], [-1.8057845152994445, 2.5379075103686644, -0.015782540782385723, 1.4537629636322666, -2.028604811468047, -1.7500519753983643, 0.42543128599119395, 2.1986459460123022, -0.7686120981321825, 0.11990607990996027, -0.2484199427795577, -0.9017284772879508, 2.135542291529572, -1.5186140382010176, 2.2772567561747055, -2.565484875724815, -1.0652964803441864, 2.9071375668510617, 1.960299034014243, 2.3623860869355546, 0.6632173640239838, 1.3670296242513018, 1.0391128807233487, 1.3091983104261535, -0.7835290201794907, 1.127021097553861, 0.40345497036407263, 0.7200596372404657], [0.1133145275611005, 1.9990497714859865, 0.9209834218289519, 2.8214587142436836, 0.259759973290941, 2.2687771093641107, 1.2796141050518681, 1.0212673362717082, -2.874189936768037, -0.6190029072197651, -1.4916494521937056, 2.2766942673871506, 0.9802284929547858, 2.785683142410699, -0.6989043794162715, 0.3249862454891592, 1.8598933959829207, 1.0159241079387957, -0.7438666783516155, -1.5307941037487267, -0.4586580267114204, -0.7905999591479751, -2.477300507955235, 2.6267577189450595, 2.573726448698025, 0.8977470010745141, 2.6970984243831033, -0.40708064060876925]], [[1.9891884469957342, -0.5800652817933485, 1.1959053873246663, 2.4750494750555063, 1.2927724232938198, 2.013489831592614, -0.8411027470836636, -0.3875531475464129, -2.001395417089477, 1.8077013714685135, -0.5709806084270603, -0.7045702587677196, -2.631240729037585, 2.9705625384430885, -0.10115915844802892, 0.13870491215717884, -1.8279529767890168, 0.9800444165155158, -1.7761574713080595, -2.140855629000816, 2.4089949661383407, -0.5355350276770059, -0.22214832546723162, -1.2283617788718009, 0.19916272299616367, 0.036333526283938156, 2.188496625213962, 1.3696823846734745], [1.7885003820804144, -0.8642292560542666, -2.913570459818555, 1.8981023829654946, -2.941952397887512, 1.070521661143811, 2.6036697161155766, -0.4105403894827653, 2.334430216263705, -1.9175685079613731, 2.9961507617108696, -0.8214742312494847, -2.060935781160021, -0.800964922290063, 0.6443253184971729, -1.3214781444557033, 1.6138863070972782, -0.9290625657158911, 0.8483816728152842, -2.55856894970527, -2.7288791564062755, 1.568597728867858, -0.2303730405015738, -0.008632217112374274, -0.7047118500446965, -0.32866175612538395, -1.4655682448429153, 2.371362433578925], [-2.8917482871121916, 2.8496080338557315, -0.3367975580648457, 0.32882612051729154, 2.3384937778715233, -1.4397292617757251, 2.6095147909960446, -2.562381797231457, -0.7019872970981131, 2.774895519228135, -2.362721724709685, -2.4334836883187183, 2.904842042181186, -2.634651401462003, -1.5815007595479262, -1.4790909496426667, 2.0958907943972616, -1.3074369135354156, 0.7320010123219922, -0.3469855263320021, -2.587366038876263, -1.3531736443728934, 2.784496726600146, -2.407569512611123, -1.5226188042522828, 1.300201881639202, 1.5034662717163307, -1.2286417367633427], [-0.9764328688793267, 2.4601294903621582, -0.018691177580028473, 0.8829413882598147, -1.1890713062857943, -0.6732564435236541, -2.9332360726820346, -0.6594030152718502, -1.6839624188685243, -2.3516281910047647, 1.4680484212072802, -1.565915904868004, -2.7089916920627397, 0.64779204633416, 2.565619457040855, -0.9554340442471139, -0.26842893915608856, -0.524463541020868, -2.6698734523429364, 1.953867709184375, 2.9675672039568166, 0.446977418076862, 1.1636857898314696, -2.8037508197950034, -2.1548101022807895, -0.21840196921948518, -0.09493522878724736, -0.18905284804847522]], [[-0.5313012572398277, -1.9358940510470783, 1.5368050030687623, 2.2739208249850185, 1.0018935214802118, -1.855878332309072, 0.7152271810416067, -0.19529391013018005, 2.9863240318588087, 0.6565511446844052, -0.9251708650571624, 1.5024594303896368, 0.5717977919709423, 1.176044896233714, 1.919764250147355, 0.4085031507599872, 0.9208171177945754, 2.8151501641967585, 0.8055556696985189, -0.5347861285565205, 2.9646848859494863, 0.505690271515129, -1.5354740132299989, -2.5027423621882248, -1.446737591497618, 2.087802758790419, -2.483139819318833, 0.8154367612519211], [1.0937193053732823, 0.8765666994795716, 1.2439196138700543, 2.6007161628584647, 2.479447481808787, -1.288711231612598, 2.023151533301365, 2.2966720888745815, -1.801680551464173, -1.6204398338576012, 0.5613403826062449, -1.7413287821485932, 0.9507012044757537, -0.468509120877302, -0.564906186096684, -1.4701381263147186, 1.8340699125494284, -0.08335151090896176, -1.6792469391451603, 1.379892548959793, 1.6071221834188876, -1.139818302072254, -2.850494987056289, 2.7143354612964607, 0.19017777474241093, -0.24422384699424526, 2.614838170469091, -2.461537074980744], [-2.311823033810839, -1.414006923835974, -0.8906367884869706, 0.585975200666065, -1.4743238351959171, -1.6634865678993396, 2.516478562514383, 2.0008895476805666, -1.930525256988244, -2.5577566059784935, -1.258639348649215, 1.159090944233876, -0.5813975334463573, 0.7291727609869105, -0.6100475448307154, 2.721731376698414, 2.290695217848958, -2.936514722652141, 2.253538139038864, 0.005375494503004674, -0.8832429239181239, -0.9845933085392486, -2.4376754586914835, -1.3070855786340505, -1.931132631180616, -0.9956213861558343, -1.0472626818733357, -0.25972357022487724], [0.5409726268503965, 2.61959419089757, 2.38982023279455, 1.7572156944743824, 2.5793524161939265, 0.38342741910134137, 0.9422161432735701, -0.9332565358242082, 0.23957540858859705, 2.0621752606926247, 1.082880058500387, -0.07014318255148622, -0.7362288477375687, -0.8970481023180428, -2.095812698907191, 1.8254837869728036, -0.3199854840211098, 1.9547114774153949, 2.0675766175739145, 2.9780121444233956, 2.1018711511629613, -0.39599286820620483, -1.7748460816401508, -2.7519161434430957, 2.031349257033912, 2.442540904838788, -1.922105486912697, 2.672991786032278]], [[1.6587387967560527, 1.764374395666053, -2.028990174373936, -2.61626263165102, 2.8068004391825205, 0.18248298094795024, 2.396480195845145, -1.9428402655282695, -0.3432177088367201, -2.401131237623235, 1.9635195542528265, 1.3814406066669074, -2.247656190463087, 1.8298593358311983, -0.9589429360930173, -1.424429847432833, 0.15391203703528555, 0.18361026129212776, 2.725036943212409, -2.8291684294258017, -1.817295799336456, 0.10228610634678503, 2.407003138811442, 0.6246629493023521, -2.2904794415375456, -1.8184569738106608, 0.7378278563468035, 1.428708898132565], [-2.33534359924146, -0.9958389379822803, 2.179472267279034, -1.9931902320312258, 1.2543830182108069, 1.630057861870399, -1.6808895488676219, -1.9192495719939375, 1.3509586376550828, -0.16156402392491653, -2.4968291640726643, 1.955142099610085, -1.2897134684661955, 1.7920057259910624, -1.4564616035887876, 0.20525979279009388, 1.5972781100005369, -1.5534538161129654, 2.9646338703528885, 1.625453571413205, 2.0474737892064905, 2.5696944772589534, -2.4858507864545976, 1.6453546751104247, -0.15402548958014517, -2.855008519913522, 1.124415326512893, -1.427481848055571], [-0.881696265451823, -2.2022893919988835, -2.853484412082247, 0.16882997593644422, -2.551034513839225, 2.7869015454229373, -2.342780905776906, 1.04008706915379, 0.8415189911087593, 1.1309588815407157, 1.7242710960018854, -1.79056149231398, 1.8343799430413403, -2.399218468272086, -0.6718046897226242, -2.71789836059546, -1.0799041898209625, 0.643568741717905, 0.06260426364498217, 0.6645569964953402, 0.3799058897954257, -0.7795273495537369, -0.41521320257768934, 2.9358199114965533, 0.7462347948436068, 2.741562417596537, -2.8542300671261582, -1.4645556878393304], [2.9808200355352605, 2.2622490675016316, 1.2121641785252626, 2.027487662137081, 2.0268662782250306, -0.608730376837709, 2.221089583764666, 1.7925654935109954, -1.4548486645033234, 2.4647337609679987, -0.8135466370168061, 2.2808742407609213, -0.8072373214999784, 1.3442026413589403, -1.8243513064215835, -1.9013087929700698, 2.0162900851032193, -2.369344314998614, 1.512399561092602, 0.740410641451934, -0.9952018559272533, 0.7698734067568243, 2.6218490046723746, -0.42147660741730064, -0.6895886859266556, -0.7226397622628467, -2.3711289555954473, -1.755594571446621]], [[-2.4206150631024643, -0.1516693951181889, 0.8021148036352272, 1.147283041353834, 0.43105009773452796, -2.935379829170076, -2.978306796991612, -1.6291596628267009, -1.9098007029802302, 0.07808970791017433, -0.7600175528028221, 1.2353555555059206, -2.5480522246431763, -1.6421270835818755, -2.3998953418001503, 0.8408232306088239, -0.7873319924331352, -2.8319564470449987, 1.1489610040868872, -0.7823126909552593, 2.6466375446655945, -2.815564856152477, -0.14347013730223068, -2.0830305313439035, -1.0401286694213023, 0.11043086209020636, -2.2135818348666065, -1.4493111943627743], [0.6728495340133342, -2.591810821243576, 1.6288109416609, -0.5574544368903154, -1.8267621784022783, 2.6525373386728788, 0.4936549824034877, -2.5512020188363835, -2.0994028452866127, 1.903152521927387, 0.4449914017423451, 2.744203747516405, 0.4804593905446519, -0.8409412276538806, -1.415780140821966, 2.591666304648813, -1.1670853079132835, 0.5241012938040441, 0.8145757993305018, -1.7400708428940572, 0.6403879813243147, 1.7431836346766332, -0.08826795487437433, 2.7787574276748517, 1.890282844252578, -2.8702937024223685, -1.116615314676051, -1.4704404113627694], [-1.0963946792757753, -1.3212679767110938, 0.9651092033685562, 2.0409349953460403, 1.9318819173610962, 0.7035295981884833, -1.2770063771011344, -1.9391355954491771, 0.20391950209309462, 2.342478733621867, 1.5812221844153216, -2.6783136934119938, 1.5414701308593237, 0.7031648396738701, -1.8559360508224367, -1.2920341159493858, -0.8444070436987978, 0.7141009929156645, -1.6831869377082576, -0.9468499309310019, -0.4407675550245349, 0.18717428502239297, 2.07787118468889, -2.6154292838134072, -0.49016584188794843, -0.23709887565141585, -2.429846633486791, 2.9543720146093673], [-0.18215860822395324, 1.1169300798724642, -1.4996902256556282, 0.5368774402460987, 0.09645861449568649, -0.19220120998293577, 1.273660264548881, -1.6789248742497582, 2.140829205743927, 2.1608043346011643, 0.6702245690731061, -2.6733748303960443, 2.626381658136679, -0.9522458420979039, 2.651087962591922, 0.3349822545628114, 1.3918865277967525, 1.08285459760513, 1.7793525422795629, -2.296249768004837, 1.8882402317908618, 1.8584654768794815, -0.02810054881684021, -0.6898931856880921, 1.6212045963774848, 0.8758615941623633, 1.5028668119503736, 0.7108161965812894]], [[-2.862104931257556, -1.634175169695961, 2.4501624340752937, 2.616798197373594, -0.380135467068317, -2.498684209331298, -2.452947092406723, 2.5747288254884193, -0.35704597457288845, -1.0432184042064272, 1.4014612446448682, -1.2878823301581257, -0.06907470780394576, 2.0633583528664703, -0.10153737075197089, -1.928621277392582, 2.452237585104033, -0.05095708900377671, 1.2219481344339762, -2.8435178695015306, -0.13398799122004235, -0.1234029684025102, -1.2782209017039614, -2.0374170387660033, 2.503236093678046, -2.309067544107287, 2.927689596695698, 2.397866413622939], [-1.2410979464747727, -2.9168375302149943, -2.60654248858974, 0.24888013855622626, -2.4509260648585234, 2.979975061129717, 2.7390372143654327, -0.7053312908519747, -0.6872263575523201, -1.8289782621422872, 1.3215114570851183, -0.7123766804568503, -0.22274713714917027, -2.7742490482514794, 0.9336838493406736, -0.760305042766988, -2.3446030068167483, 1.7586190118158669, -1.5242433959653512, 1.1466309903927039, -1.0152191940871365, 2.346474678150104, -0.49337500627125674, -0.9912266870588642, -1.7590342389209472, -0.39917165842823366, -0.9011764678782477, 0.5224553031206209], [2.969983998262596, 0.3343389465254454, 2.749117703705396, 2.342700356515392, -0.3842394134860463, -1.7308642303053763, -2.286195503435867, -2.9698593180686177, -0.7928331739002075, 2.699522438229412, -0.9681483772484567, 0.5465172477496569, 2.156420582477324, 1.1679660804353142, -2.8154042756700064, -1.697526388066119, 1.0450541698386484, 2.8455967755612086, 1.502924058041958, 0.2335210890679118, -0.6801107704071025, -2.5079699577622243, -0.5744527970196702, 0.0009895576329590483, 0.8690935399053972, 0.3632546160915391, -2.5632608222111877, 1.0180243134003364], [0.9648290427286588, -2.73575557305296, 0.3170939069576333, 2.6591206220945365, -2.480833737499146, -1.9057405615810898, -2.164112689460949, -1.1368524348941413, -2.3295746478959685, -0.9193614157633458, -0.6394859367842791, 2.593619228085516, -2.0791795159234256, -0.7682276604024905, 2.1484418560321403, -1.0481343100211167, 0.5873002627741206, 2.1959175072262624, 1.9427801766587969, 1.3404036505553076, -0.5140797484599142, 0.052171063380227256, -1.3928878743103734, 1.6506480192613573, 1.252991595528652, 0.8614621468492412, 0.09181678366981716, -1.587703823307547]], [[-2.112608884560202, 2.7794400453824517, 2.6278442813752214, 2.503192495344593, 1.6456405926693307, 1.1731512081949447, 1.4140920087885203, 2.2721958597422978, -0.9769411758176574, -2.6364336336379193, -2.374756611159974, -0.22845834284749156, 0.903567221406723, 2.082812296441676, 1.1775212096080754, 1.6653895081734085, -2.1974780650645585, -2.101018653132516, 1.9073781729997288, -1.410498146809999, -1.2177380717935142, 0.21795065047391304, -1.579571420179872, 0.9483040114533114, -1.617966181409459, -0.3641665507023668, 2.3155532587808674, 0.4412355259398888], [2.214121539851866, -2.3873088236635542, -0.11621678333731733, 2.530738856615221, -1.252683970271925, 1.020958064736993, -1.658981766444096, 1.2993118480837733, -2.532805787397358, 0.8942339553920235, 1.8832947829218387, -0.44271121211029074, 0.7023104068764878, 2.3616032205220616, 1.1321616651079625, -0.47332156798626546, -1.7317862974079627, -0.13140740470195444, -0.41863500649888774, -2.0530032291098586, -0.8790678994924557, 2.5958277856331975, -2.8205396915300005, 1.5645684565622826, 0.4994526597145459, -2.4302352924698933, 1.1424239913985854, -1.4192275180487666], [-2.6959028145861743, -2.8426414005050975, 1.0590542824869864, -2.265924448381864, -1.668794155215076, -2.6780537394260406, 2.646112479924465, 1.059955183313738, -1.8561543613869986, -1.8449027769575586, 1.4224831583926054, 2.761890631555227, 1.1764955358723395, -2.023463163632254, 2.0627886713088195, -0.14858091451044508, -0.0694307551011466, -0.20975049584328564, -2.0783155639754587, 1.5245413089922, 2.062585284145901, -0.03023005518281119, -1.770812138165868, 1.1767500002999842, -2.61509073758162, 0.38765868198808295, -0.6192287363070159, -1.6572472274901966], [2.3307400300243675, -2.8157535251433616, 0.9936728682776663, 0.12983403001772054, 1.7876767001903744, -2.7199222983530706, 2.691863881142196, -1.9685265149027151, 0.26639654129089285, 2.209699642240996, 2.364356188194807, 1.2511200113917909, 0.02035066424275289, 2.9360004330805296, 1.272314496976115, -1.8583001332012192, 0.17668123982669126, -2.730729021107928, -1.023278979862063, 1.0927293000035414, -1.9162574652715074, -0.13769234975080202, -2.2161494494354645, 0.2523632865462244, -1.3753168628434347, 2.2078257403161006, -2.712663545394639, -1.16387722870602]], [[1.8603673435929569, -1.1243484704248705, 1.0905689830088798, 0.6623752135935064, 0.1930881572422587, -0.9789074447248378, 2.755286277984352, 1.1221015825354694, -2.8778734152870546, 2.4024775396356137, -0.059675648041953355, -2.125420262217223, 0.9617342568177563, 2.409029894632024, -0.26126468056499963, -2.1849288101315683, 1.0831535955628047, -0.31356743271911913, 2.9030984583325345, 0.8649684654237086, 0.9430048902843162, 1.3717141514675015, 0.44833725679996705, 2.118473875904038, -1.3764914895695266, -1.515431781858428, 2.0894085887182205, 0.9362506785663602], [1.7137154454404024, -1.1340337002779486, -0.8677048577602973, -2.064692428515655, -0.49768766553808685, 1.7686158893873625, -2.8615967592346143, 1.3380209560976475, 0.2920564651465858, 0.6614446058397068, -2.437434528824637, -2.7453702663167627, -2.978356013395702, 0.03728296134809206, 0.18170602583247497, 0.33335251411980327, -2.735420781381314, 2.0542666633155555, -0.8826413641338515, -1.7695310809663103, 1.3274685679790519, -2.8184101476511003, -0.4601069456867739, 0.20898401406945855, 2.580856633448743, 1.8968615433927436, -0.8173401569617718, -1.4733486103829778], [0.26921622919274135, -2.887778179200586, -0.3303162036615328, -2.6797823554692815, -1.4438818372523217, -1.3948881842076324, 2.4184166125308906, 2.5849001885347604, 2.779021482667546, -1.3239055611077304, -2.4445832907727034, 0.7084414129497514, -0.40682385665197796, -1.313469823133784, 1.475812770716466, -1.9524738295805506, -2.18113670150365, -2.9260806334918796, 2.877821268730928, -1.5061756914392304, -2.7365565473685844, 1.4003936707940223, 2.6960717491021473, -0.8801142764689311, 0.9300205960665457, -1.8785189834168807, -1.2709951322278032, -0.37153130856987504], [1.7224880428793643, 1.1483711876012057, 2.4788135000796414, -0.9469187429867905, 2.4081469731206235, -2.7910549702831684, 0.8126960686461162, 1.3396551183007865, -1.456156823977726, -0.671292727429694, 2.5664557049309202, 2.0695684112031945, 2.1240286681715244, 2.224613432720857, 2.7550836185863066, -1.9593508467991105, 0.7523844523628869, 1.17724398236372, -0.7039396157481783, 0.39102057303382676, 0.019793272124251082, -0.06696969953224219, 0.14741102319771215, 0.20720008939242973, 1.704093924934682, -1.7367411688357404, -2.0177024830262464, 2.473576667009546]], [[2.492476911770912, 2.3036062460395703, 2.884718622547169, -1.4420022541805573, -1.460696002905984, -2.506905613200498, 0.08446711939625917, -1.1541341764914563, 0.7566335698497548, -2.6605520503300246, 2.040726545202503, 2.166461049899997, -2.2089587454809823, 1.8160930142306313, 1.0122144162582414, 0.17574827714280605, -1.7478161152466631, 1.906691545253036, 1.8496140714946945, -2.9313067013761014, -1.4247926181275696, 1.5693355588494757, 1.7067365807687267, -0.2305365268465005, 1.2298369359641539, -0.12574891671385746, -2.4607015831532966, 1.6502801244463186], [-2.077631025479948, -2.728366340834791, -2.2448632024420734, 0.8813715926962402, 0.6709989180252212, -2.819316481027304, 0.6448731374822145, -0.4062995736951782, 0.04238316730934688, 1.959307793995336, 1.5538098563428795, 2.6205728934992543, 2.250838638129342, 1.3212581593236337, 0.9297444632944467, -0.23992723730527343, -1.8451393431333598, -1.9218294512768948, 2.3478711396478555, -1.0305993677862764, 2.5552531017138733, -0.7771529169984852, 0.7868301757231775, -2.5502836728059495, 2.2477071104737547, -0.0892669377874693, -2.2581614785345896, 1.091340364857377], [2.737499216427369, -2.3126344503773186, -2.9098983563922594, 0.12650715532857104, -2.624976074552941, -0.512826170266357, -2.3921929924227916, 1.6200099627767992, -0.3329604013357943, -1.0728432362000586, 0.21064476787731667, 1.1440666143641955, 1.521616805012405, 2.0142013970170307, -1.6155781923547703, -0.18259794932783846, -2.1508280442098693, -2.148149591948771, 2.4352319186993956, -0.8568114308958941, 0.9516120546667999, -1.7119304814303624, -0.4026972153363313, -2.0716032084370384, 1.8812793962761951, 1.5506558573412166, -2.4845006964493916, 1.9330776554389493], [2.182596195021376, 1.248508914447628, 0.9641844071378003, 1.0167899938067073, -0.9113098816487422, -2.8864172752579633, 2.8485172289170304, 1.5460841397711498, -1.6771213353103676, -1.3975912109687538, -2.618889082302558, -2.5672090846034816, 2.9982984055514716, -0.6627737269489042, -0.886611675342893, -1.40298705597758, -2.2719425429109843, -2.1409341579779273, -0.6864210211558937, 1.4138436280486566, 1.9454549122402165, -1.8731023131654867, 2.8377449401165205, -0.2430759831051197, -1.2901062876902856, -1.9484606707501604, -0.17145407509848942, 2.616810847917642]], [[1.6599186769785135, 2.8602590967092816, 0.6530248107974783, -0.36557645394074934, -2.235334428584819, 1.5593370084350227, -2.029942802289298, 2.297832787130405, 0.6560994282736461, 2.719965607885662, 1.6786047004341373, 0.15153280194997354, 0.166088729574839, 1.3410805725592914, -1.428855233805996, -2.3266758580569182, 0.6681841461142981, 2.503259644303127, -1.5994488244509366, -0.5282258109064584, 2.0204274402887963, 2.939032457422609, -0.1767507195928033, 1.376043411929956, 2.056002636309943, 0.7598340253903855, -1.964885274682484, 1.9139153611092645], [-0.779327262893065, 1.5153858554332231, -0.12936055181217831, 0.8530154011105733, 0.1777646836668767, 2.2346994868029224, -1.8033124479321083, 0.24185520749047384, 2.3519642485161274, 2.971553374236948, 0.401539232924768, 2.690132612978151, -0.18395094002130197, 0.6950999041966144, -2.707594289132879, 1.9456435173744362, -0.4985243567550066, -0.3871085200990887, 1.1417137015507786, -2.3805023115355293, 1.3423938713396764, -2.8863011846837536, 0.8637317107845712, 2.043887891318132, 1.4776197546043672, -2.670190831163888, -0.6400618918782621, 1.924819304552182], [0.6568538103972852, 2.8796055328051224, 2.3659483478217247, -0.1510295457274573, 1.4689700163737163, -2.0762594138631814, 0.5131860357515761, 1.125171013936015, -1.9516412388633997, 1.4272494933246405, -0.7318581016252379, 1.6632251904306896, 1.1843465063613374, 2.5323674945110763, 1.6867249379677967, 2.0671842390760498, -0.14265560376568232, -2.362081243016746, 1.6456562482637969, -0.6544242802919009, -1.4449289567686583, -0.13685253343344073, 2.0784262176972383, 2.4595108150968263, -1.497446067166276, 2.024084566159404, 0.28673563346028796, 1.0904005190344161], [0.673624217092589, -0.7235427768884617, -1.1832662649706462, 1.7829880661956015, -2.427621345947898, 2.696217685544635, 1.5257124828261803, 2.3609555206235537, 2.5403811964166634, 0.4672307195885086, 0.1270109653739393, 0.564713617716631, 1.8036758378754039, -2.528877515067064, -2.7650925266929254, 1.2758528442002994, -1.4190720363403417, -2.1734480270057563, -0.6377808611711826, 2.6892860918479506, 2.988442112612061, -1.3427850066065765, -0.35454258765213975, -2.966010088471193, -1.7698373460530976, -2.75554175310045, -2.5674861252863277, 0.369083181354684]], [[-1.898516437343176, 2.167882005563442, 2.645677158506593, 1.4320719436390448, -1.4088808110206732, 0.7629906440235596, -2.1045828111955496, 2.802211815480618, 2.3624787464875876, -1.8736254082506902, -2.3961855201595266, 1.4810842742406987, 1.6236721624653931, -0.26395455228556974, 0.9830727888762247, 1.907271598381021, 2.0241627515252834, 0.8444408993832337, -0.5292677183603516, -0.6372495128350462, 0.770507061033646, -1.7684308307477046, 1.034094317325275, -1.5104738434236387, -1.177406817102019, 2.4108623343637685, 0.6377511943762473, -1.5010067134744416], [0.9503743171355254, -1.280896876392002, 2.1582885357793513, 0.03367859185553579, 2.6195628669591224, 1.410187785373843, 1.4792638391637425, 1.414262163029882, -0.9323523884942446, 1.029342925885918, -1.1417597616579351, 2.271726243541508, 1.4608755544773402, -2.6975164055994503, -1.5651893950479823, 1.3614902723207152, -1.4062303541629582, -0.25703033403523623, -1.0160860028938565, -1.316742009097724, -2.263755425537123, -0.6533874629572205, 0.44937333500797605, 1.7362011074498973, 0.9588064782178285, 1.6781204986393154, 0.83963844358549, 2.4646036478525604], [2.245658322592395, -1.1040303086206642, -2.744566732393449, -2.7950499022613844, -2.0296426276419686, 2.505782049090831, 0.3395964773211757, 1.7543938519052276, -2.656310968646756, 2.140475473598233, -1.7341469557749938, -1.4769935177579374, 2.6910032459882007, -2.5573911406880923, -2.8110115641908413, 0.3428974838131662, -2.1188422173001995, -0.22003239246434791, -0.18301570671811973, -2.667337754453296, 1.0349441827251011, 0.9127223308156127, 0.31722747424649755, -0.828470570111075, 1.5031643645243076, -2.48786709960819, -2.538501683468451, 1.7759895480554944], [0.6893312278577435, 0.17501126181745352, -2.147251372763605, -2.3933745436543123, 2.0194629257001857, -1.8682931652065828, 1.6762870869002935, -1.3854686578981121, 2.8117235623355317, -1.4416692673581044, 0.5382204373146608, 1.0369652710476647, -0.5975849298912648, -2.3921716946060556, -1.904819470900548, 1.9307637112990435, -1.5010026148562148, 0.8618975995682785, -2.352257130677411, -2.026060120637803, 0.9398172956008586, 0.6961250480139989, 1.7275286564049264, 0.8856311153917638, 1.8971018581208465, -1.3508770630659483, 1.2762058236856832, 0.443342198559729]], [[-1.3859769216958109, -0.10276100815864986, -1.9411747580782492, 1.9344967907896429, 0.9349474359221235, -2.5249274472994934, -2.300367402490789, -1.4600680609367023, -1.9111589928486874, 1.4228994455758368, -2.5264296690038996, -2.162253205450475, 0.19387135737307215, 2.1840070877208184, -2.974225109305965, -1.1394590064010437, -1.513833031754955, -0.4894545928051839, 2.099333264037842, -0.7007117233666724, -2.270811526007516, 0.3695206070540955, -1.2302560581398172, -2.380311225316392, -2.6516777788391828, 2.2684629924751984, -0.5607540133580624, -0.1740048966331531], [-0.5285544970733822, -0.01198177033327319, -0.3544437881172904, -0.21974346566389924, -1.3240024537724666, 1.0571955604142058, -0.7936257645732372, 0.6173433405726754, 2.645633770330331, -0.9719719930591544, -1.9527374803802648, 0.46499711892662177, 0.26290226224460467, -1.4826696387552776, 2.0757328172791123, -0.14214140495650884, 2.4156518015492336, -1.8701933032018045, 2.752813078905401, 0.4918521590570806, -1.747694557606682, 2.3933927722686743, -0.724138950249865, 1.3421516536752485, -2.6591299502584587, 0.9879763585649721, 0.4927884328522403, -1.0330524042458775], [1.6417829889287106, 2.5754584053332286, -2.568256952169925, 1.8688911002124993, -2.777012524089654, 0.8549932064241612, 2.757104510704666, -2.1852916765867807, 2.0781919725293365, 1.3839813170518518, -1.7060107774245248, 0.85261214341143, 1.615396225043896, 2.066313484377919, -1.5071434809995168, -0.3839882074507157, 1.217947902542777, 0.5593059603900405, 2.2755467996074765, 2.5631968906177374, 1.9311523625785512, -1.9286565811080822, -2.2151231782250447, -0.32776245320328634, -0.8506409739343677, -0.4595045236405175, -0.4872937837788607, -0.10437412724279227], [-0.5264838918823047, 0.3889858657925833, 0.39027673031643495, 1.7117240247108203, 0.851151133742126, -1.5331367369679287, 0.05320514723064784, -0.4042598444154293, -2.494850234625588, 0.5708746870654471, 2.1349767091621246, -1.6339778191158199, 0.44515475493413037, -2.1423815488487232, 2.2425268531048053, 2.984977086173571, -0.2631016084214801, 1.6540846985048425, -2.0985668615331075, 2.4852762171959126, 1.6805917729828268, 0.3804024136823454, 1.248618222308874, -1.3731538505466119, -0.46597634390023934, -1.2246426784789433, -0.6442220224319435, 0.8106832768854026]], [[0.17026992395950113, 1.9999105933524204, 0.3710500425056802, -2.117645463558132, 2.507660161380138, -0.10724006249678997, -1.8746869663695171, -0.5069094242205123, -0.20702591162004857, 1.1964201716696072, -1.5475845109387392, 2.080455018765691, -1.062610440893073, 0.09410178212491616, -2.6055257346085603, -0.7699776997252608, -2.855933984504234, -0.3766961983734589, 0.8553281962460777, -2.060857417600916, 1.3054583950141865, -1.2390571902834384, -2.802381058564089, 1.553587019735022, 1.7674070147295788, -2.449817751394331, 0.4973775774106244, 0.4037355583903368], [0.41136314358615245, -1.040488535327456, -1.1743382450699815, 2.1196063799055143, 2.391636704981048, 0.4091989377608467, 1.8637879379099633, 2.580069734404815, 2.8722686845934273, -2.0357848916954637, 1.4198456895347462, 2.551415853054717, 2.2120943864068563, 0.23032455465162194, 0.2182270868546352, 2.8440454246633635, -0.10997177566815886, 2.4077553960391462, 1.8345520933842137, -0.4464613694980031, -2.086676992752646, 2.1946635572614603, -0.7022364530481138, -2.58515722777251, 0.6219393961948523, 0.9956594521270095, -0.2092043373873791, 1.62686333536693], [2.5977936782152042, -2.8558486742989446, -1.2118709231347795, -0.2660942609182735, -2.8525277480375646, -1.6833990494880746, 2.073683706704511, 1.0204033986061525, 2.1855767231764727, 1.519611205653785, -0.5010771560967866, 1.1734761840661765, -0.029572716214450345, 0.5745232287501958, -1.6353089908088538, 0.7014143584528263, -1.4513176116039532, 0.6392114612438182, -2.445981158717945, -0.15562446915547534, 2.783227540033626, 1.6079489750948177, 2.0748699515661597, -0.6385258724006979, 0.925808744189351, 0.2922883319415104, -1.667348304754522, 0.010987231398284614], [0.7494974733266848, -1.3484262836085836, 0.9068826219229034, -2.342361465670992, -0.07361848082661648, 0.7492289260143439, 0.1294794455091628, 2.9032955331044867, 2.7541010945686732, -0.42187941999453704, -1.2440468131773001, -0.5544871908179845, -1.305964644512018, -0.29339377514202614, -2.4766229945367377, 1.157565776359056, 2.555406490243872, 1.9375149606163857, -0.18598968602511068, -2.6037990554055694, 0.7399700553672464, -1.4131491205457072, -1.6341009384393361, 0.36302033229862607, 2.096240517369644, -2.2717403890338845, 0.9678466108832309, 0.7570225384661544]], [[-1.072780823017597, -1.7811004242520752, -1.5968636308931246, 2.527122379932605, -0.9659595113069925, -2.2333145811016046, -0.4077610376304648, 2.4026321976298375, -2.365224268114173, 2.526183695657524, 0.8045087388840075, -0.20183019927417245, -1.1635897205657506, 0.5546264328934774, 2.2735582714531137, 1.9865185701664352, 1.677999242573537, -2.4277732945302892, 0.39483486994422323, 1.9262557195958596, -0.06291075921148215, -0.16011623395273933, 1.0837354656558364, 1.4363764552368217, 2.241252108891622, 2.919933150331957, -2.682921468164494, 1.5831796359046892], [-1.9649946995892558, 0.4240944303545091, -1.547277500421627, 0.4270208529160575, 1.3517505384585888, 2.961473008108709, -1.8509981702395655, -1.580562345150181, 2.0347489515925874, -2.5099007926091117, 1.2192089065204268, 1.9090301267121443, 0.8469813166451354, -1.4674875527041369, -1.3198420463429372, 2.503731078958422, 1.5156856395298695, -0.42352108634526786, -1.0206375571993194, -1.4805106789501836, 0.22984455009376692, 2.8587309733201893, 2.6262965155120135, 2.6617753891593816, -1.3411198480697732, 2.9083589688956657, -2.4850401863795675, -1.864677546781384], [0.6351187726615635, 1.1488572859928396, 2.38315908070473, 1.4959152361434045, -1.8481089525162047, 1.0379499701565793, 0.9134701232424973, 0.9206260045542685, 1.8596382276322432, -2.0202358856324696, 2.9903593389673357, -0.7846958860504305, 0.9188438753327279, 0.94368123472628, 0.39028773670266936, -2.032644655948656, 1.7091362098151963, 2.2462498630245875, 0.2742041646249298, -1.5150300078953556, 0.5141958781602618, 2.4773133885388914, -0.19576624661072017, 0.09894840688215467, 1.891076596852697, 1.3799674560627109, 2.8260551116132486, -0.33651024349569436], [-2.508413496738795, -1.8006198143310361, 0.7918341478537068, -1.8416604616930758, -0.7940648571465783, 0.13806047119440867, -2.633777053110665, -2.067603052409029, 1.5248120718309517, 0.40679153110719835, -2.5543651405868664, -1.617707769374724, -0.6294335798208408, -2.0159253166332993, 1.2728006086455537, 2.9425855265313965, 2.419090122492344, 2.6169609768744806, -1.5865948915133068, 0.057661041749093034, 1.7744970732772387, -1.6232240550286507, 1.791810692294617, -0.9354245335176312, 1.7019219040005247, 2.13594779565614, -1.7752874579188893, 1.6045459798202515]], [[-2.681352326533416, 1.7177686462543438, 1.8315906625443912, 2.5332548874546363, 2.011082538615164, -2.8174806232869827, -2.023776482018535, -2.401670448465899, 2.0723607908941144, -2.201958191182664, -2.885008020040961, -0.6374236041834074, -1.7235943468369284, -1.2465189845951072, -1.9914548387261426, -2.813281157838259, -1.6764661397419525, 2.791248507332604, -2.6992241839955726, -0.06780972982592681, -2.8920412780569564, -0.3193183181365331, 1.8345996657265822, 1.4732056952973291, 1.568024747172343, -1.2697394719371042, 2.6154133338904044, 2.690255250792587], [0.21338752505549863, -2.374326432581837, -2.280097074291402, -0.8392468582145054, -1.8700079866019037, 1.5955695219357997, -1.6128201174384713, 0.8296856462090694, -1.443147262346434, -2.6584419064854408, -2.700503696676829, -1.416209022186561, -0.9389447858201776, -0.9365259929063443, 1.0272713992531086, -1.1894961128544448, 0.48382483367016027, 1.5145773891062628, -1.0919129144484143, 2.1579830030012666, 0.9867049364776577, 2.261447645640067, 2.893314752223409, 2.3455231222184194, -0.3937315071887819, -2.334946207635183, 0.8438824321476757, 2.773344318213124], [2.7526451839637813, 2.3265994378529005, -1.7114879703718064, -2.4058807034768845, -0.8013626723266851, -2.234598264807035, -0.6828340710064542, -1.1041492227785141, 1.6264913196741926, -0.647031415514931, 1.089764264273299, 1.4167189063372962, 2.7003843667715293, -2.764540799891953, 2.085408817321669, -2.181708674354332, -0.7407814535722004, -0.9299543629349825, -1.1712352157309969, 0.039947373470877956, 1.5852081306926662, 2.291466295202203, -0.3422992974886552, -1.1515605084745193, -1.3847907420595877, -0.6137840473635361, -2.4505455291988234, 0.6377126374158562], [0.2531520769014173, 1.3538030148464628, 1.0160353248710265, -2.259134215743571, -2.966743040964367, 2.719097388353502, 2.7829325886089125, 1.5246404208754551, -0.8117864272291846, 0.13639290219180245, 2.7148954759124724, 2.5013826820476392, 0.25366215604679754, -1.4349568413062477, -0.8944732837593747, 0.9433099405014334, -0.8155007260629681, 2.052972113949716, -2.145664611052643, -0.7658299079208928, 1.8331246218674373, 0.9838932255283357, 0.7853217682243523, -0.5748851730099456, 0.7206557480492339, 1.549827689580714, -2.019638238099196, 2.14764256821715]], [[-1.8006429683565177, 0.8234897657039895, -1.0767565542534963, -0.35318860557015164, -0.6931569379584372, -0.6480557631027777, 2.226080057159913, -1.1100049878847922, 1.0956006247716736, -2.7004646024839536, 0.8757239697108683, 1.4628395969468055, 0.7533875089739528, 2.5933395874347456, 2.742088518980797, 1.0931344386308872, -2.8303494874614277, 0.7102939610595773, 0.0001992529479784011, -0.7895045454389207, -2.902385228839493, 0.12252943986641185, 2.429401130063418, -2.644964726950915, 0.11918611686365654, 1.1321361624264759, 2.684852150452551, -0.12001116646230425], [1.450513408856187, 1.693474312072933, -2.5813385864790437, 2.272533288991699, -1.5575769635148702, -1.234201020835592, 1.3351090977421203, 1.9828271160861686, -2.604846486916455, -2.495810653333807, 0.40563119098349976, -1.3710945951966227, 0.13951494908164186, -0.7025223645468737, -2.2347371189267133, 2.112599029588038, -0.531050013123195, -0.8829764814209211, 1.9345774714669428, 2.9500734547926832, -2.5673013179695543, -2.941445122900306, 0.1408970213599421, 2.951655521039841, -2.099064936509615, -0.7609865588872751, -1.469737958149515, 1.313269288300905], [1.2550848620294222, 2.1931234008251366, 1.040819265200108, 2.1036600609909364, 1.4675774923272336, 1.3288650190768543, 2.1822237781740643, -1.1767079074232751, 2.61734578042432, 2.657812196316719, 0.417744756655134, 1.2956455295873166, 1.3931093620742798, -0.990821891023185, 0.7492738152755463, 0.9428665611889979, 0.08555761560536457, -1.9340246905328364, 1.493016714354904, -2.002462674334303, 1.2706818547811753, -2.8128367186463055, 1.4617755719378653, 0.1720477679962018, -1.6749105864194178, 2.633694430127549, 2.4867067227542528, 1.2450607377179939], [-0.010045644127053777, 2.6715553699143024, 0.21716204872651534, 0.8428010489696547, -1.0877259417773164, 2.251267242815109, -2.052619185987373, 0.6157585397387733, 1.0978922142951344, 0.4744803501735064, 2.2083666429292386, 1.6606219616166085, 2.187464357176733, 2.0665774437709725, -1.4476322472638543, -0.42782837179778355, 0.15198044278394995, -2.2857836059668464, -1.8305661604069785, -2.6694313524906, -1.474435421193112, -1.3999456190820536, 1.0837387675352534, -0.8379028584074604, -1.1948417172217534, 0.24267583993131092, 0.029502662111004163, 0.7797663708472289]], [[2.6207349838324996, 1.8784897349888343, -2.0438344984377013, -0.8543664989745894, -2.061573222533382, -2.14654854345018, -2.8399171110627366, 1.0633673518125537, 0.31859850339284623, -0.47072727116135793, -2.3985684236753193, 0.22763028524895423, 1.354717350266717, 0.8269712940278229, -0.04710325687420891, 2.8449965354317, -2.1112273346697057, -0.815019732980943, -2.3868537893916573, 0.18428338193187344, -2.92750373257367, 0.27168013183267403, 0.1320992707451456, -0.6081076994429333, -1.3344390886213207, -1.7806392871862593, -1.4199793530100258, -2.2732409808654053], [-2.6591622474941694, 1.685735742918956, 2.5827682841142448, -1.078098407868298, 1.7769957695213225, 2.0647661066246883, 0.07037737938702193, -2.041710834838506, -0.2783627253386207, 0.5368703480808739, 2.644023893636888, 0.6732517613427325, -0.5174801093591945, 2.2811977280291345, -0.0817936698138837, 1.7428112396403588, -2.334144118281733, -0.2124870902381164, 1.4603487408187519, 0.011467366149661373, -0.4795936038329831, 1.413421834287501, -1.6264968216361713, 2.9216716122489377, 0.7145248614614887, -0.6520535352901051, 1.8473819583066788, -1.51948512816722], [1.6286937698222603, 1.63283813951527, 2.4480365592346445, 1.9741663802463378, 0.9511675763960601, -2.8409666207008737, -2.2504922728688217, -0.0349571397331383, 2.381256389189071, -0.04151942911359896, 2.9466666089930245, -2.151679548023066, -1.9252048982723495, 1.506258196205323, -2.9285762388899843, 0.40440631350638956, -2.8403854680239427, -2.451212040450549, 1.2030826126134873, -1.6767769716448278, 0.7143656110880148, -1.3630496799475296, 1.6254998057827068, 0.44975902899153297, 0.6807645915128719, 2.9872755535968034, 2.812808912227572, -0.09420299906828467], [2.6069353067150995, -0.33711586931102344, 2.957970924779487, -0.1842883265441948, 0.9682624566141631, 0.20828718878389818, 1.6492796673130323, 0.9406236602032942, -2.0055093130936648, -0.5570412601064128, 1.153826140043134, -1.0332412949215277, -0.5334156505158911, -2.974173477284647, 0.04435825615464761, -2.5115611193492082, -0.3532186765367493, -1.578383159510174, -1.484978874703042, -2.2105955167731555, 2.8695276505799576, 0.5238933963950076, 0.7667744706171877, 2.020736208544921, 1.7941393226176032, -1.7818918858527721, -1.037934059245255, 2.298602339973666]], [[-2.5788845446787185, -0.8514206243798994, 0.5521141808376147, -1.5185206466806538, -1.3831753687517478, -2.4400122101129704, 1.0129012798965693, -1.682485914165603, -0.12423807566015643, 0.6495079779102424, -0.4486455011180954, -0.3062306368529537, 1.0797909088523054, 2.2591102086495862, -1.875521433682107, 1.5999161064053986, -0.7027376849363343, 2.0342152267309928, -1.9027254431487455, 1.8457652964678823, -1.9526718014212814, 0.046534910806537155, 0.38837478296666905, -1.8515902254766379, 1.7672761177707166, -0.06947608526714077, 1.6527295293325306, 0.7412137188936514], [-2.1036637963199025, 1.7002310774142408, -2.8494826064848557, 0.36335636018269346, -2.9031265385569487, -1.4147514043040894, -0.10362871505946991, 2.454024676576796, -2.332301594492247, 1.1044575319741208, -2.2984259638595335, -0.5964198394664297, -1.5836089572289027, -2.495780877375681, -1.3557605695744246, 2.1424730994975647, -2.3644528761271477, 1.8452215860988872, 2.7785870453980683, 0.29236870421583916, 2.221721728019115, 2.5159061432655276, 0.2846013442704036, 1.1072271735178667, 2.407462388081866, -0.7787840393944463, 2.93195551242876, 1.4504058120167649], [1.6655375112987958, -1.6918244314136843, -1.9275508614207266, 1.6285448202960469, 2.0516032070086148, 0.6818245841770563, -1.9513065494219644, -0.4779701630688926, 1.3354061136168625, -2.0791404659762502, -2.0043574490076854, -2.9233913250100034, -0.25798229366320324, -1.3080058717819858, -1.5937037808826533, 1.2125305549494154, -0.634661103750406, -0.0077388322029476875, 1.6179442041829484, 0.44667151468429633, 1.739251189754654, 1.0708528881051622, -1.1589897932554107, -0.5657349164721683, -1.7249154187542592, 2.9926236226050706, 1.921923750236692, 1.3789409036515803], [-0.9196695526765168, -2.394844598700459, -2.363821230877393, -2.067354255885797, 1.8257101415456702, -0.5981012958352547, -1.8610171432765146, 1.7906222752127006, -0.7137478874479251, 2.55792145096882, 0.2843030705627889, -2.331951245621294, -2.3780795881128, 1.5911767350123425, -0.7107844740634235, 2.209307865102155, 2.6069121686195897, -0.0999203787168077, 0.04635141624735617, -2.0058490568431413, -0.5316182221306143, 1.5006221560986628, 2.3716449943897757, 2.179287265305372, -1.7001540362583238, 1.67332009101976, 1.2359615228732874, -0.5254570032149011]], [[-1.716646783573574, -0.9463647160591524, -0.4629303152511186, 0.576205117815924, -1.4804101503850586, -2.9729910804610604, -1.6405630548323693, -0.18244602462099735, -0.5421268953180975, -2.3161683387953635, 2.4610639334205944, -1.0399346429045304, 0.033343797860400315, 2.411070369506068, -1.5630226275303265, 0.18618864468421226, 0.7689171948609079, 0.026093120374778067, 2.5976230521746198, -2.463936939035788, -0.7285240664201167, -0.97780701801305, -0.744417913261247, -1.9088587630357043, 0.24820190527670105, -1.5948174529120591, -0.9760585005494429, -2.361506093203397], [-2.5749490867780604, -2.0218874547316297, 1.4900404486068144, 0.056829510076076506, 0.012866785243925705, 2.3897778738901048, -1.1316336054371317, 0.23297855083397856, -1.6554062533160185, 1.1805277325844177, 2.5755603718748903, 0.4373478781965874, 2.1502251167345108, 0.9202719431996988, 2.8006302578687032, 2.085030410568553, 0.08600773536850825, -2.327692369900969, 2.151422675276102, -2.4193597997908265, -1.0848740717179177, -1.3428135479369463, 1.6590628436203536, 0.2807009909635543, 1.6223089604254293, 2.567591879470603, -2.5055733929965807, -1.2158735627732629], [-1.6925419007362341, -0.31707064668704366, -1.1333581392862837, 0.9369128330415575, 0.6637223955849634, -0.7752750925996974, -1.503984607329632, -2.846451411776841, -1.9002300353486514, 2.5081437752967606, 0.5846286326061394, -0.6535237543688428, 0.657630365690129, -1.5903567641370242, -2.858509603595434, 1.358368256924427, 2.3019503096601346, 1.4268969817539547, 2.8654623472349643, -1.2077019212464761, -1.277888720410855, 0.295382061900872, 2.7081448382379643, -0.8089209060711235, 1.7151390647379348, 1.2299538695652945, 0.2354702404544673, -1.632834997616209], [0.20878814081439545, 0.27223974835992326, 1.9914520184004019, -0.12898932759874304, -1.515882791394882, -2.121063319352136, -0.37704519157007166, 2.3755891535689706, 0.14039847223688628, -1.532612175247879, 1.2556066277232008, 2.2142402960580663, 1.1977048693163637, -2.954873767639243, 2.750038176209861, -0.3561788647260071, 0.025285221308188888, 0.3055376317873506, -1.0942004324059278, 1.430260433377593, 2.7356332963971663, 2.71616566234679, -0.3665181506940156, 1.6403637138057228, -0.9898682660008391, 1.2092378143574418, -2.6945017533366196, -1.403632824260399]], [[1.2143063590672938, 0.7649259833541966, -0.2272046786496258, 2.758788266841564, 0.608553139947769, 2.0317370881749133, -1.7525470620210937, 2.386954143573849, -0.21202371602464964, -2.51432256168997, -2.520947856770504, 0.4032798774070159, 0.9639663070770008, -0.4949424805653675, 2.034731133965498, -2.899515741780813, -2.4535144004789347, 0.15094932334338207, 2.5270465552362946, 0.42334710989790336, 0.17229346579670501, 1.0458215963270403, -2.013783729522408, -2.0262410863703253, -2.0262943526873864, 1.7856053044613294, 1.8133147450228382, 0.6777200778530164], [1.59793553618512, -2.142933603659141, 2.383336128372915, -1.351632059107914, -0.46942884780080885, -2.3226431315740648, -0.2096384174683661, -2.9667598270137767, -2.4109045741871906, -1.1919965814262778, 1.0494917742470733, -2.19063744411567, 2.1082059620902935, -2.762593891311767, -0.5859799659049996, 0.36142234680615903, 1.4345665131553549, -2.640191159870386, -0.43364670292143837, 2.4072063021419066, 2.502488191445395, -0.4796704009257695, -1.268328507522357, 0.2017234832156558, 0.9674089714726177, 1.7600644879800935, -1.3788872616656613, 2.267303318109736], [-0.6087306588887347, 0.9565497224650414, -1.0584588899700784, 2.2334945496218115, -2.2517621314104224, 2.0974894398887542, 2.9367268829762256, -2.0916588423019524, -2.0851324344430013, 0.614394178534563, 0.20572524142144477, 1.3910907402980097, 0.6695828420116574, -2.770326169591885, -0.06280022092945048, 0.4351258718087898, -2.730203895325383, 1.6865795276117996, 0.23405420719859338, -2.9393695847868004, -1.7639879063241934, -1.8399636077803128, -0.21863318528505182, -0.9463470106895588, -1.0761104899894065, 1.6460087192577593, -0.23916641138401706, 1.9994341112622065], [-2.7753704853001295, 2.377020217007761, -0.9973415941496588, -1.8982978107398363, -1.370303876852412, 2.7170678697784503, -0.9551377978757163, -2.656951542897113, -0.8611050130767541, -2.169092039804119, 1.9885332037240708, 0.19046903326569264, -2.856621368893785, -1.627271856236493, -2.2232435048852546, -2.0814112911638816, 2.8142225636915903, -2.5924673163607026, 2.166238861972576, -1.3259951385356734, -0.8744713735017573, -2.1818561246322297, 0.6769873002623759, 2.4231951545672743, 2.55043545443729, 2.951655273648706, -0.36805072010118334, -0.021670124281862435]], [[2.768011707660195, -2.835846116734444, 0.8348647196158225, -1.6245213631188749, 1.4152013561869516, -0.27589274134939634, -0.7032615823326718, -2.2463211753941694, 0.3859033639834992, -0.2866921152876669, 2.775405037446234, -0.6140718791496607, 1.618581328243108, -2.624748575061194, -2.824216726867184, 1.290231346498726, 2.4061777509803264, 1.5527737682492857, -0.14123394837391512, -1.2410377924199048, 2.9334094923928227, 0.7766097296337344, 2.964582768335087, -1.276047500366646, -1.5190220550573583, 1.285419329342976, 2.000457702917867, 1.6497276894775537], [2.6598001276695635, -0.041950734232239384, -0.47594390983682944, -1.1490579283351268, 1.5840105013448582, -2.33865458057884, 2.91085941532857, -2.348018120267703, 2.58967356582004, -1.3663345829975937, -0.4281426811216118, 2.216990360285431, 2.8879555503071987, 2.85295594950924, 2.1353349039348695, -0.7320901627429564, -1.3559849961989197, 1.9112685461919696, 0.6426939646264569, -1.1191235541619948, 0.01403183867977642, -0.3112714628172095, -1.0779920921708324, -0.2149015137606014, 1.288067313335036, 2.464652984633327, 1.887895120646096, -2.889984020677279], [0.03367310215566821, -0.23665895094105727, -2.2119978946735532, 1.3471379709897935, -1.7523520047835637, -0.6558260656376884, -2.986101292005147, 1.9594153481921266, -2.512222555979542, 1.1759015471494045, 2.5530479570788316, -2.7318996918846836, 1.018858746666944, 2.5158942077635533, 2.971399203913447, 1.6501581659757507, 0.6124267168414779, 0.2111709890430422, -1.362763766353406, -2.489862780004932, 2.1431122193778442, 0.968904675752611, -0.2346496034599248, 0.0796417032345742, -0.16161928094021505, -1.5562288701511615, 1.3183539551606582, 1.1117934199828783], [-1.0555326454930891, 0.4258369007347307, -1.5762436206977701, 1.4300971108998448, -1.5195414246017973, 1.9548340866922782, 2.6470844726375216, 2.780201526517712, -0.49303365684358713, -2.9867447675992187, -2.8968677852970686, -2.11432884463366, -0.42535384779054963, -1.0599252013385538, 2.1998594096595783, 0.06032891563765119, -1.5881034479565606, 1.654672448395992, -1.0358985744491158, -2.230432729554228, -2.394507897915423, -0.6876190582292399, 2.8028243726919513, -1.3268119369200042, -2.9671942505625806, -0.7217785037827076, 1.7596051838240463, -0.9233103417303123]], [[1.1413096009385075, 2.475914341577302, 1.287209736862141, -0.4474880961333634, 2.126123326841059, 0.43380513122193287, -0.33609655118662474, 0.933689359723048, -0.23717721491738786, 2.506633159236194, 2.3956192935875444, 1.6731647817566362, 2.379721392708891, 2.8214747493659704, 2.5148569339193614, -1.0127872121405737, -1.4352304326920036, 1.0585117186284654, 2.1074565845406745, 2.2911444415386004, -1.7587926436033177, -2.268640715931534, -0.437778778034593, 1.2295152937423133, 2.459029951237093, 1.1654729165652018, -1.3444311813973826, -1.5678658051997305], [-1.985261091172494, -0.17742806669507516, -2.491199992690126, -0.8018430546852393, -1.1934051128704302, -0.19788202854479575, 0.670528121488005, -0.7067357117260675, 0.39375250700493414, 1.5481097768322893, 2.331004606673167, -1.6659888498881739, 1.878127553823984, -1.9309237828488481, 1.715893993077879, 1.1267195412364384, -0.0789950948635072, 0.06982559265865973, -2.264551821517283, -2.427056422470014, -0.08001864663760916, -1.7723205454539381, 1.6209756284120855, 1.330133985441738, -2.8565417741340258, -1.6589857009116151, -2.5332394964018503, -2.1568568549551745], [1.18180421106986, 0.654119025642423, -1.9507612692383745, -1.536381506747035, 1.7719572018101157, -0.26206481040236174, -1.3011678721040216, -1.568271785984073, -1.2164977761876183, -2.4399735504589994, 1.73332145921837, 1.5758411447946195, -2.578261132624748, 0.6182943409249297, -0.19922882539940545, -1.7603173049713678, -2.457856290489399, 0.9008497384445411, 0.08397605608960212, 0.6757281503816492, 1.252055135550953, -0.5152655640112282, -2.683769433929619, -0.7045942962494154, 0.0694565556648481, -1.2139941861179864, -0.904047721851887, -0.5179614951902192], [-0.5377814590275118, 0.0011809115151226734, 1.5609158876915004, -0.12441066250539823, 1.9148719251593533, -0.06662379216591541, -2.788122464150975, -0.40791155686208835, -1.460794869371042, 1.3738720710408234, 1.2741284366884873, 1.8829153326691532, -1.6426314716740378, -2.1656328120801795, -1.8241630175393377, 1.1723857452169977, 2.894185590189746, -1.3191884176672184, -2.5727232545442074, 1.6605576475015127, 1.5524848291182964, -0.5170200791860595, 0.8031833534853412, 1.8006554531447403, 2.7327949777755194, 2.309277173871741, -1.6496687796820406, 0.2503923034118145]], [[0.516397112872264, 1.8720989503187138, -2.9223351049125528, 2.7909056254965154, 2.1216409458102943, 2.7766253451614364, 0.35319513637299327, 0.7615279089512299, -0.3609778461189612, 0.3305646237393747, 1.2053448673735323, -2.087802206038479, -1.145871251848465, 0.10887042955113824, 0.8483976010630268, -2.965243084867603, 0.6127893094155121, 1.9917920766724375, -0.7073980497491181, 1.3954801091699816, -0.23917308010094285, 0.8887704476317726, -0.6662200842382635, 0.36403345407277454, 2.7252265453522613, 1.2127646156606184, 1.8847791050708356, 1.9750857792940772], [-0.3588680517234861, 1.6746530921694571, 1.7072303663419213, -0.3583796535986994, 1.8892578322145503, 0.30542757610352833, 1.2031404877194065, -0.9154983191741897, 1.4802364271696486, 1.1915965656210306, 1.5426909354161742, 2.7538371054368493, 2.0037091553984867, 0.00911628760750105, -2.7593882778845726, 2.705794739044727, 2.4761146257228654, 0.06087401998877251, -0.9204928000168828, -1.0694767778198473, -0.2860763548922707, -2.3836310577687234, -0.0040975897670390005, 2.1854965809748883, -2.8647087035100536, 2.5511455543329262, 1.4085468202810256, 2.6614940715813917], [1.6054285351633517, 2.087039138328443, -2.3051742092832406, 1.0623261593114348, 1.775988113575301, 0.046767138191051494, 0.8019746295872672, -2.2642357069616956, -1.4873928014567772, 1.7143333031516486, -0.7677052838241787, -1.4908386783603396, -2.775179685465835, -2.5562143126652925, 0.43559105497605444, 1.0054883522610707, 2.4979344634767218, -0.6143811291063876, 1.4040907468033712, 1.9053113885367807, 0.496214528503399, 1.8456210381341691, 2.885227280478727, -2.9568635837661965, 2.099377474807236, 1.656386419405803, -2.418031026179856, -0.036683272025007874], [2.478489307642012, -1.550281603738391, -2.0365532415486935, 0.11658761069304457, -1.1417813564116837, -0.43408485939290475, -1.1678879720926552, -1.7394742595063464, 0.053977737320651364, -0.4946785645590306, 2.5670290380478917, 2.329893255499587, -0.9594014900878811, -0.4937250359109484, -0.517190681363402, -1.1439268880020161, 2.0803110595661813, 0.8292688521394891, 1.7077847065811413, 2.2158184727548678, -0.5121587452676626, 0.28647753094977935, 0.25871930802770393, 1.7892430430490904, -1.295106965587859, -2.25093712693912, -1.399707603709228, 1.7984993037540722]]];
t = [[99999999.0, 5.709536125511518, 12.41674674476192, 8.765475197939958, 8.46960480307484, 10.997372958394589, 5.637516927759327, 14.715950529288962, 5.3940245489967324, 8.316572265989901, 14.345006741237667, 9.153859712776983, 12.779176318642639, 11.47066179718648, 9.088250218146294, 12.564190450197124, 10.107860044811439, 11.144879089204014, 9.97010486147165, 8.137252227747814, 11.150283679467883, 5.467112039013643, 9.537825663743185, 11.48925968971754, 14.31079340854926, 12.067328650161214, 8.804833625024223, 12.294649011670082, 11.793864080363981, 14.858488793303447], [5.709536125511518, 99999999.0, 8.798722232968764, 6.626330970924286, 14.421000447200456, 7.764182005047628, 11.000373198127155, 5.13637910739914, 9.16882978070723, 14.201866883712864, 9.830445038084706, 12.710559331544705, 9.74935531783526, 8.05234236632322, 13.892686503870847, 14.641563757782786, 13.433860102566879, 14.468571723364487, 5.6984231088611645, 9.324442221209658, 12.783960267637752, 12.950846364466468, 6.875651520092499, 11.173931699119208, 12.545587761073413, 14.159436322958447, 9.871738555396146, 14.83305755469589, 6.846460217948232, 12.58383685909015], [12.41674674476192, 8.798722232968764, 99999999.0, 8.230671277307536, 14.657465051181086, 5.275759772550138, 7.400831860862781, 7.634076980083194, 12.528023351254426, 11.833770328793921, 13.93895789800934, 14.675874733842935, 9.251663339175945, 9.333062746477516, 5.984628485386702, 10.450252138462687, 6.4670089834016675, 5.00925906546958, 8.66723877496329, 13.110747964939485, 7.726555330276637, 11.871657753061964, 5.593647730871648, 14.02060792923175, 11.73372289854342, 7.688689453525344, 5.616670864290826, 14.22444475471911, 12.734965328380266, 6.742159183712876], [8.765475197939958, 6.626330970924286, 8.230671277307536, 99999999.0, 11.001831883692613, 9.301575563116966, 5.630270203625805, 12.512671807133305, 6.314047178380634, 7.599572128230988, 8.673852275242359, 14.844985226750406, 7.905949338042001, 6.568095919011892, 7.883603901163162, 14.324209576171922, 8.463148670104564, 9.654096027254973, 5.357666106526887, 7.574445343249607, 12.152195535049835, 8.214219219379602, 8.262289400471083, 10.722976022035482, 11.4445621528448, 7.2990705920411205, 5.655185266223217, 14.209851721627414, 7.274851326831556, 12.613715299225222], [8.46960480307484, 14.421000447200456, 14.657465051181086, 11.001831883692613, 99999999.0, 9.407518916150213, 13.76832093531577, 10.660049272662054, 5.6237144787782505, 11.641487289580562, 6.0914257147912085, 14.372409769782584, 6.505286682499039, 11.833891168629034, 13.714237938452406, 8.622820476069823, 5.655707433988674, 8.018332351964805, 10.080225785684135, 13.69896869533666, 13.128817147301818, 12.26203326287543, 9.63229519305953, 10.167365487268006, 8.716098050915082, 11.978199925361814, 9.690063318132381, 14.853195504073934, 13.229718599119884, 14.01807454607534], [10.997372958394589, 7.764182005047628, 5.275759772550138, 9.301575563116966, 9.407518916150213, 99999999.0, 12.407660867551828, 9.123462707492369, 7.8071622556734965, 14.929950268681193, 14.00058808056248, 6.046911541848359, 14.585855142708564, 12.406580456886397, 9.254654967491136, 10.54983934606776, 11.459314224325574, 10.931021869078634, 7.688871524785057, 8.510240147972128, 12.966610673113653, 7.267491965100562, 6.1691122518461015, 12.575495036109732, 13.868677894713011, 14.442556032805992, 12.94567913494187, 8.302820870923213, 14.861028019792139, 6.8458589428228205], [5.637516927759327, 11.000373198127155, 7.400831860862781, 5.630270203625805, 13.76832093531577, 12.407660867551828, 99999999.0, 5.973064175186016, 14.551422052769382, 8.78271967312298, 11.797765358048432, 7.284401846493712, 12.079534091776354, 10.341750863875674, 10.70106690533025, 11.628302719804875, 7.4070692770955695, 14.67299397820959, 5.477745387347469, 6.575706360412848, 7.538356383917787, 6.945024033527335, 6.606053288879798, 14.08981735292638, 10.003728672821763, 11.777544410616036, 6.270220886493613, 5.014633635461872, 8.045324481133278, 9.23760371529098], [14.715950529288962, 5.13637910739914, 7.634076980083194, 12.512671807133305, 10.660049272662054, 9.123462707492369, 5.973064175186016, 99999999.0, 8.331138391401808, 5.922154309981975, 6.424134548494129, 12.315830734049865, 9.410281092164785, 11.408107016787518, 8.378181163721479, 6.494782780936635, 14.875437409312395, 5.332190932009848, 11.84612280549224, 14.149847452359916, 7.040929974762637, 5.9171832404069855, 10.947697307002695, 14.911643290097226, 5.02265387629342, 6.0543856480616745, 7.450195227748921, 7.590518585053616, 9.538845875439907, 12.046712559872375], [5.3940245489967324, 9.16882978070723, 12.528023351254426, 6.314047178380634, 5.6237144787782505, 7.8071622556734965, 14.551422052769382, 8.331138391401808, 99999999.0, 5.59259525744282, 9.701515100590026, 11.906795166111593, 12.70635110354718, 8.098927165258587, 5.216276101066802, 6.895771103785746, 8.497952733584587, 7.923436168450404, 8.328959324930514, 5.207476091571907, 10.669009512177968, 14.003296067624067, 7.868474541751987, 11.993508883255847, 5.398645785559601, 7.917558069292687, 10.882924385868368, 12.903326366941084, 14.769231289479434, 6.1969050207935386], [8.316572265989901, 14.201866883712864, 11.833770328793921, 7.599572128230988, 11.641487289580562, 14.929950268681193, 8.78271967312298, 5.922154309981975, 5.59259525744282, 99999999.0, 13.742778562565796, 10.417289286977274, 12.51590790924168, 10.943232482022328, 8.090424086923134, 8.034594276899885, 7.868365206103806, 6.435547194949045, 8.523650141160168, 14.505956752269073, 11.97139542655092, 12.65852041468732, 11.044897903025891, 7.551653334548336, 6.44176984995617, 7.345692958103832, 5.838123322296079, 7.7133917236813385, 5.451661907039526, 5.160290834644993], [14.345006741237667, 9.830445038084706, 13.93895789800934, 8.673852275242359, 6.0914257147912085, 14.00058808056248, 11.797765358048432, 6.424134548494129, 9.701515100590026, 13.742778562565796, 99999999.0, 5.233297328092218, 13.245071016137448, 5.873565992325557, 12.606853115885865, 7.125850412397937, 10.588906592615189, 10.25081631001882, 8.867928005648452, 8.546206945587631, 11.860201802103592, 14.005023024011152, 5.03732264079026, 8.607907498541483, 10.531404615969251, 14.677964415324043, 13.937374116094738, 5.900088291760387, 8.033359790371627, 14.3862081400095], [9.153859712776983, 12.710559331544705, 14.675874733842935, 14.844985226750406, 14.372409769782584, 6.046911541848359, 7.284401846493712, 12.315830734049865, 11.906795166111593, 10.417289286977274, 5.233297328092218, 99999999.0, 12.19231369251478, 9.046139789981588, 11.270039305028302, 10.811265087064736, 13.091258329329985, 13.491305630212128, 11.491932574534431, 8.520872591742908, 13.995941870708666, 14.09930592139848, 8.77598448670394, 10.774556872642972, 9.995048773327301, 12.22181878702885, 10.243177960308138, 12.58585760937699, 7.250186257973738, 7.090539911797421], [12.779176318642639, 9.74935531783526, 9.251663339175945, 7.905949338042001, 6.505286682499039, 14.585855142708564, 12.079534091776354, 9.410281092164785, 12.70635110354718, 12.51590790924168, 13.245071016137448, 12.19231369251478, 99999999.0, 8.242459946621846, 14.725216676739606, 7.360628439567124, 12.061041670501233, 14.91747174928361, 10.097743178700455, 14.821059447338513, 14.491122003680657, 8.401447165040954, 12.807990432816405, 14.391376584709285, 12.899064364401477, 10.247024466301536, 6.91026133591492, 11.099569402831788, 6.0358046679955235, 6.105729919373255], [11.47066179718648, 8.05234236632322, 9.333062746477516, 6.568095919011892, 11.833891168629034, 12.406580456886397, 10.341750863875674, 11.408107016787518, 8.098927165258587, 10.943232482022328, 5.873565992325557, 9.046139789981588, 8.242459946621846, 99999999.0, 11.387050603644038, 9.747554568520211, 9.791009827666562, 7.185268227867233, 13.643797861220268, 7.815078833262318, 6.405111737779816, 9.24364004048611, 13.533570956607864, 8.829660820766618, 6.70711630110527, 10.394227613973506, 11.039481706424406, 9.297036096934878, 12.242766718129605, 14.637968832835215], [9.088250218146294, 13.892686503870847, 5.984628485386702, 7.883603901163162, 13.714237938452406, 9.254654967491136, 10.70106690533025, 8.378181163721479, 5.216276101066802, 8.090424086923134, 12.606853115885865, 11.270039305028302, 14.725216676739606, 11.387050603644038, 99999999.0, 14.950871603990514, 14.856500649930904, 11.492076269720155, 6.856266039940195, 13.152715413275443, 13.401036983191286, 10.930574140037107, 10.730854681396167, 5.0376619546473576, 9.69574210720074, 10.668008492857703, 8.831090931790543, 14.286440939141261, 7.490761891178276, 12.65562481707067], [12.564190450197124, 14.641563757782786, 10.450252138462687, 14.324209576171922, 8.622820476069823, 10.54983934606776, 11.628302719804875, 6.494782780936635, 6.895771103785746, 8.034594276899885, 7.125850412397937, 10.811265087064736, 7.360628439567124, 9.747554568520211, 14.950871603990514, 99999999.0, 8.682066615340185, 11.63388266240561, 5.484403598380741, 6.55080328097963, 8.63065592231121, 8.059532702273259, 12.054323047904786, 7.064044228419412, 13.327452487907719, 8.710225845366951, 5.648049267691189, 8.650457158685711, 6.112190409606908, 12.831619623708537], [10.107860044811439, 13.433860102566879, 6.4670089834016675, 8.463148670104564, 5.655707433988674, 11.459314224325574, 7.4070692770955695, 14.875437409312395, 8.497952733584587, 7.868365206103806, 10.588906592615189, 13.091258329329985, 12.061041670501233, 9.791009827666562, 14.856500649930904, 8.682066615340185, 99999999.0, 14.340697494446605, 6.633001807313117, 13.076749843757066, 9.153654352246646, 14.793085405977054, 8.962761532381979, 6.370839228290207, 10.956455736594798, 10.29827510960208, 12.886256087722428, 10.28455863317543, 12.006561667116419, 9.337870258302523], [11.144879089204014, 14.468571723364487, 5.00925906546958, 9.654096027254973, 8.018332351964805, 10.931021869078634, 14.67299397820959, 5.332190932009848, 7.923436168450404, 6.435547194949045, 10.25081631001882, 13.491305630212128, 14.91747174928361, 7.185268227867233, 11.492076269720155, 11.63388266240561, 14.340697494446605, 99999999.0, 6.186353570343412, 11.975495610111029, 12.609886743290797, 14.854029955642615, 8.926766292213227, 8.318628129833453, 7.917303601025755, 14.623870173114762, 7.173099064775928, 12.196561841406002, 6.100749586047025, 12.380933847317381], [9.97010486147165, 5.6984231088611645, 8.66723877496329, 5.357666106526887, 10.080225785684135, 7.688871524785057, 5.477745387347469, 11.84612280549224, 8.328959324930514, 8.523650141160168, 8.867928005648452, 11.491932574534431, 10.097743178700455, 13.643797861220268, 6.856266039940195, 5.484403598380741, 6.633001807313117, 6.186353570343412, 99999999.0, 10.632706751320434, 8.925466546494215, 12.714886725971184, 14.224456248211945, 11.78383825688763, 7.616181889849976, 13.033277633812727, 11.474623903746528, 13.87170639231881, 6.353471746768245, 13.108750605370082], [8.137252227747814, 9.324442221209658, 13.110747964939485, 7.574445343249607, 13.69896869533666, 8.510240147972128, 6.575706360412848, 14.149847452359916, 5.207476091571907, 14.505956752269073, 8.546206945587631, 8.520872591742908, 14.821059447338513, 7.815078833262318, 13.152715413275443, 6.55080328097963, 13.076749843757066, 11.975495610111029, 10.632706751320434, 99999999.0, 14.665273976857518, 11.794327409175642, 13.098653687964742, 11.855976139525719, 5.294683801074954, 11.358438330583114, 14.596353834955229, 12.279716517909742, 12.493015018384545, 14.310027845184168], [11.150283679467883, 12.783960267637752, 7.726555330276637, 12.152195535049835, 13.128817147301818, 12.966610673113653, 7.538356383917787, 7.040929974762637, 10.669009512177968, 11.97139542655092, 11.860201802103592, 13.995941870708666, 14.491122003680657, 6.405111737779816, 13.401036983191286, 8.63065592231121, 9.153654352246646, 12.609886743290797, 8.925466546494215, 14.665273976857518, 99999999.0, 7.413560877085006, 8.70499562933258, 12.293423124384704, 6.476901142695823, 13.734141899569831, 14.818562161908922, 8.078909930084556, 12.088787363670352, 13.181093759896719], [5.467112039013643, 12.950846364466468, 11.871657753061964, 8.214219219379602, 12.26203326287543, 7.267491965100562, 6.945024033527335, 5.9171832404069855, 14.003296067624067, 12.65852041468732, 14.005023024011152, 14.09930592139848, 8.401447165040954, 9.24364004048611, 10.930574140037107, 8.059532702273259, 14.793085405977054, 14.854029955642615, 12.714886725971184, 11.794327409175642, 7.413560877085006, 99999999.0, 11.681295496564395, 14.085512530124563, 14.665644338123759, 14.529589138440112, 13.392184944564983, 14.223473035008675, 8.894255696992921, 9.293103064751431], [9.537825663743185, 6.875651520092499, 5.593647730871648, 8.262289400471083, 9.63229519305953, 6.1691122518461015, 6.606053288879798, 10.947697307002695, 7.868474541751987, 11.044897903025891, 5.03732264079026, 8.77598448670394, 12.807990432816405, 13.533570956607864, 10.730854681396167, 12.054323047904786, 8.962761532381979, 8.926766292213227, 14.224456248211945, 13.098653687964742, 8.70499562933258, 11.681295496564395, 99999999.0, 7.293481275416801, 12.345274329048356, 11.472121577989926, 8.933348081572325, 6.483199819988394, 5.85050430979147, 13.571369453479559], [11.48925968971754, 11.173931699119208, 14.02060792923175, 10.722976022035482, 10.167365487268006, 12.575495036109732, 14.08981735292638, 14.911643290097226, 11.993508883255847, 7.551653334548336, 8.607907498541483, 10.774556872642972, 14.391376584709285, 8.829660820766618, 5.0376619546473576, 7.064044228419412, 6.370839228290207, 8.318628129833453, 11.78383825688763, 11.855976139525719, 12.293423124384704, 14.085512530124563, 7.293481275416801, 99999999.0, 6.317111571759936, 10.016962105659623, 6.226078429398952, 5.482437365474269, 14.257837519105369, 9.516098616795556], [14.31079340854926, 12.545587761073413, 11.73372289854342, 11.4445621528448, 8.716098050915082, 13.868677894713011, 10.003728672821763, 5.02265387629342, 5.398645785559601, 6.44176984995617, 10.531404615969251, 9.995048773327301, 12.899064364401477, 6.70711630110527, 9.69574210720074, 13.327452487907719, 10.956455736594798, 7.917303601025755, 7.616181889849976, 5.294683801074954, 6.476901142695823, 14.665644338123759, 12.345274329048356, 6.317111571759936, 99999999.0, 12.915944708687833, 13.916204977669368, 9.814032725074355, 7.567425704585124, 6.768550968667428], [12.067328650161214, 14.159436322958447, 7.688689453525344, 7.2990705920411205, 11.978199925361814, 14.442556032805992, 11.777544410616036, 6.0543856480616745, 7.917558069292687, 7.345692958103832, 14.677964415324043, 12.22181878702885, 10.247024466301536, 10.394227613973506, 10.668008492857703, 8.710225845366951, 10.29827510960208, 14.623870173114762, 13.033277633812727, 11.358438330583114, 13.734141899569831, 14.529589138440112, 11.472121577989926, 10.016962105659623, 12.915944708687833, 99999999.0, 13.281002596722816, 11.508510167532751, 11.358515199472716, 10.347578399768107], [8.804833625024223, 9.871738555396146, 5.616670864290826, 5.655185266223217, 9.690063318132381, 12.94567913494187, 6.270220886493613, 7.450195227748921, 10.882924385868368, 5.838123322296079, 13.937374116094738, 10.243177960308138, 6.91026133591492, 11.039481706424406, 8.831090931790543, 5.648049267691189, 12.886256087722428, 7.173099064775928, 11.474623903746528, 14.596353834955229, 14.818562161908922, 13.392184944564983, 8.933348081572325, 6.226078429398952, 13.916204977669368, 13.281002596722816, 99999999.0, 8.035431131600495, 12.299713246862215, 8.979408458035739], [12.294649011670082, 14.83305755469589, 14.22444475471911, 14.209851721627414, 14.853195504073934, 8.302820870923213, 5.014633635461872, 7.590518585053616, 12.903326366941084, 7.7133917236813385, 5.900088291760387, 12.58585760937699, 11.099569402831788, 9.297036096934878, 14.286440939141261, 8.650457158685711, 10.28455863317543, 12.196561841406002, 13.87170639231881, 12.279716517909742, 8.078909930084556, 14.223473035008675, 6.483199819988394, 5.482437365474269, 9.814032725074355, 11.508510167532751, 8.035431131600495, 99999999.0, 10.562795331943573, 12.878443466594582], [11.793864080363981, 6.846460217948232, 12.734965328380266, 7.274851326831556, 13.229718599119884, 14.861028019792139, 8.045324481133278, 9.538845875439907, 14.769231289479434, 5.451661907039526, 8.033359790371627, 7.250186257973738, 6.0358046679955235, 12.242766718129605, 7.490761891178276, 6.112190409606908, 12.006561667116419, 6.100749586047025, 6.353471746768245, 12.493015018384545, 12.088787363670352, 8.894255696992921, 5.85050430979147, 14.257837519105369, 7.567425704585124, 11.358515199472716, 12.299713246862215, 10.562795331943573, 99999999.0, 9.455525760036359], [14.858488793303447, 12.58383685909015, 6.742159183712876, 12.613715299225222, 14.01807454607534, 6.8458589428228205, 9.23760371529098, 12.046712559872375, 6.1969050207935386, 5.160290834644993, 14.3862081400095, 7.090539911797421, 6.105729919373255, 14.637968832835215, 12.65562481707067, 12.831619623708537, 9.337870258302523, 12.380933847317381, 13.108750605370082, 14.310027845184168, 13.181093759896719, 9.293103064751431, 13.571369453479559, 9.516098616795556, 6.768550968667428, 10.347578399768107, 8.979408458035739, 12.878443466594582, 9.455525760036359, 99999999.0]];
