M = 99999999.0;
numWorkers = 25;
numRoles = 4;
numNodes = 30;
wStart = [0, 242.48635261061588, 170.3670820982325, 312.9280832030559, 271.45535784896816, 2.6002263808094055, 393.20300006536957, 248.2373820439274, 219.38761475367286, 295.3639741793637, 404.0257700134972, 265.9043282534268, 402.0889685538574, 188.521975568574, 95.78272060123773, 209.564513927021, 286.3080397092133, 7.954260777089771, 144.55826574686438, 7.279868925544442, 239.32796399966358, 176.1837324473621, 280.89171922536235, 255.94443169834992, 113.07857908781206, 253.8440094997998, 300.8156128387352, 205.7917864466447, 46.17586416635585, 0];
wEnd = [0, 277.0195344603876, 203.20265182735494, 346.1989416710368, 308.676959805026, 41.65937589339502, 424.85342508622404, 284.8427880142272, 255.98606125721517, 330.2272768857549, 429.20792389702143, 298.6988391840149, 437.2497095750299, 224.42110141031705, 130.24658915481544, 239.0104987287712, 325.5093142386686, 45.52941154793753, 181.91774723190417, 33.96515112404414, 277.76768350090106, 210.38995948881762, 315.92452743025046, 285.68178721751883, 140.738755420886, 288.291203702703, 328.37120781155363, 241.51857226038967, 78.8561308008079, 450];
p = [0, 20.09123878390664, 16.207942996960902, 16.16821114975218, 12.491019516287398, 12.890380182394884, 16.04699542991164, 10.452282845138056, 15.38131441368925, 15.380575146641796, 12.530175557576902, 15.545886529606504, 21.04836822949802, 17.48163674104348, 17.34710249519839, 10.464336020857594, 20.0528171559163, 10.62038410567257, 13.983340047480741, 6.843389257215843, 9.76561382023074, 17.758355622998703, 14.601113441401793, 17.182816622374382, 15.866723066177073, 20.87741442781456, 10.32848546065406, 13.693782557811206, 18.024946483824753, 0];
e = [[1, 1, 0, 0], [0, 1, 0, 1], [1, 0, 1, 0], [1, 1, 0, 0], [0, 1, 0, 1], [1, 1, 0, 0], [0, 1, 0, 1], [0, 0, 1, 1], [1, 0, 0, 1], [1, 0, 0, 1], [0, 1, 0, 1], [1, 1, 0, 0], [1, 0, 1, 0], [1, 0, 0, 1], [0, 0, 1, 1], [0, 0, 1, 0], [0, 0, 1, 0], [1, 0, 0, 0], [0, 0, 1, 0], [0, 0, 1, 0], [0, 0, 0, 1], [0, 0, 1, 0], [0, 0, 1, 0], [0, 1, 0, 0], [0, 1, 0, 0]];
d = [[0, 2, 2, 1, 3, 0, 3, 1, 3, 3, 2, 1, 0, 1, 2, 1, 2, 4, 2, 2, 0, 1, 0, 2, 0, 0, 1, 1], [0, 1, 1, 3, 0, 1, 1, 1, 2, 0, 2, 0, 2, 1, 2, 3, 1, 1, 1, 0, 1, 3, 2, 1, 1, 0, 1, 3], [2, 1, 4, 0, 1, 2, 2, 0, 0, 2, 1, 1, 1, 1, 0, 0, 1, 2, 3, 1, 1, 1, 1, 1, 2, 1, 3, 2], [2, 0, 0, 0, 2, 0, 1, 1, 3, 2, 2, 2, 1, 1, 4, 0, 1, 0, 1, 2, 1, 2, 1, 3, 2, 2, 1, 1]];
r = [155.64093960965073, 85.70580586726636, 178.2871525830575, 161.5973464243055, 143.31240180789973, 50.693400636603286, 60.72340136819588, 164.42008065310029, 180.07549248159742, 198.5647990563007, 88.7456830358248, 186.60379852902233, 154.75729520085616, 137.17115506145484, 114.82058827197189, 75.53251615468163, 95.86872670134667, 163.6789339353499, 156.29093812108124, 166.8298997162535, 103.9594780179271, 177.31634784137214, 196.8074761604044, 156.22429163976742, 193.99212241583675, 64.00440463266699, 189.38129471727763, 64.72168841123427];
b = [[[-0.35480816625777845, -1.3064097153416379, -1.9008601222160442, 0.15693606795920934, -0.43134668370661755, -1.618117956125706, 2.9112021548761904, 2.6314167195018356, 0.3331233443759669, -0.7276264826847667, -0.3889602210999197, -1.8364311522306027, -1.5273642992952459, -2.6136434871183285, -1.689290242173806, -2.098471474281838, -2.8222688540969103, 0.17412805086480798, 0.7162359438086598, 1.2070260439419158, 2.674981482056282, -0.09412789777924147, -1.969191611201647, 2.1770003598133902, 2.8591625537532472, 2.1822700709590723, -2.2894800121800696, 1.790263581644525], [-1.8352551067981784, 1.3801148100530174, -1.3100254175874044, -1.7765025148043336, -1.7479416650950115, 0.0640282747474803, 1.6441123920660958, 1.084589281863348, 0.5843147048790742, 2.040710566497249, 1.584104328897265, -1.2841041112479965, 2.5154388904376006, -1.950478265059056, -1.621634278220919, 2.707363796631766, -1.1489345327993181, -2.977845790429308, -1.6750391796349724, -0.7014197474381136, 2.474016276538441, 2.0594756062106594, 0.4370408868046969, -0.8587916517414489, 2.3864173089590786, -1.7310339653815139, 1.6167894690391904, -1.6832692403705602], [1.4191470376930058, -0.8343667377098356, -1.0551826374779343, -2.582852927776118, 0.3564332091009912, -2.579836746891125, 1.4063905011833553, -1.614524588292648, -2.4019800202674046, 0.6147069428904324, 1.8502578937348026, 0.35938474447661983, 1.8384534963964754, -1.2194227264377067, 2.802421902534526, -0.933465125866241, 0.29935024541935285, 1.5589277522389784, 2.0513587272252423, -0.8440549198449414, -0.022705466657045204, -0.6029937213926169, -0.9102833923115128, -0.335110520993275, -1.3447400142029182, 2.9794416345977517, 1.4175140583029728, -2.07417586243509], [-0.058011260073034254, 1.3103454402058272, 2.8021466345492296, 0.23616051969087604, -0.6355746416631862, 0.35806388774233433, 2.0473549911283957, 2.138483522043847, 1.1960112214590222, -0.7555854510506355, 2.9018582454485964, 0.5556384609798721, 0.49886322119883353, 0.07816661350021548, -2.0898663630115433, -0.15362329570166677, -1.9958678509443144, 0.11945506194305056, -0.7093627906570585, 0.6119121078643319, 1.6354157589826084, -0.1832703430918956, 2.9587654784629613, 0.7783329568847681, 1.8154263624608555, -0.185421923370928, 0.5903324589297609, 2.9153373810382206]], [[-2.030015956957473, -2.1952224345660047, -0.5782280954972858, 1.5414891116091125, -0.7920890175178394, -1.4815722233575193, -2.094464177844825, 1.5273586227902074, -0.9153420006777653, -2.9948992984326894, -2.7397173438318334, -0.11169181871879896, -1.2597854383837783, 2.886704661135206, -2.1428359558443044, 1.505134615371265, -2.7959868589484675, 1.5738869321834859, 2.250050133636372, 1.1343854607354933, 2.7416989561289213, -0.16124535960506314, -2.0614990481533884, -0.11213092749757081, -1.1061797434741227, 1.3018743703240885, 0.964485249701359, 1.2826044550578803], [1.9088331238548442, -1.2173390292477282, -2.4539087006860405, 1.35344488485989, -2.6455912940567634, 1.9801509783190063, 1.1096413381178172, 0.7355971521158651, 1.457846991874053, 1.6690739106394785, -1.9989161486510947, -1.0182704580023842, 0.443452589089802, 0.8885454476418637, 0.10137311121171866, -1.8820449100837617, 1.2167833485096278, -1.208592920954922, 0.31287148661513164, 2.254845474447057, 2.380173977250755, -1.3047865997106547, 0.2677470171828529, 2.180835030677036, 2.065950701915, 2.925645509512079, -1.9637705127111282, -2.6214439954573425], [1.4592351925283609, 1.4152435675642412, 0.4488181033995904, -1.0343786629258298, -0.7168361609156131, -2.2151566751744918, -0.6275354211156037, -0.0739859315038971, 1.9323816803501668, 1.890485980051908, 0.16243156258261404, 2.5844409926300873, 2.8539159389093394, 2.27006301296678, -2.4838901727890765, 1.1810876236932444, 1.7606129253515652, -0.21356087636428445, -0.38835935070159433, -0.48606903542789537, 0.6281849335678968, -0.8997243472125676, 2.167416011424291, -1.328733137154468, -0.21761092977923369, -1.202689865970007, -2.869708201436656, -1.0232150294161462], [-1.0312920817706481, -2.6566641538106532, 2.3002986993784695, 1.3765254214293083, 1.467857434179451, -2.5975343569460585, 0.9952917796523195, 0.48611194205182384, -0.7674495294559618, -2.178640846892204, -2.253710218793045, -2.853311951127081, 1.3898198091369753, -1.5733493409830932, -0.9551452049761098, -2.9769218979055942, -0.21463702961423703, 2.9367926934255086, 0.16548812407628466, -1.2549939654329056, 0.34538603237671683, -2.4154888662246354, -0.2094066275517963, -0.4870971612840611, 1.6669372699680993, -0.8938780686130299, 0.8068387475873604, -2.3802550212552855]], [[-2.013977828714671, 2.8607543929328765, -0.5078895461705772, -2.5013279947010023, -1.377360186329208, -0.1347868260510916, 2.458807756904063, -1.439935386807357, -2.049022503185103, -2.6670562306760237, 2.807879162726941, -2.1329800747091636, 0.3425358830082512, -2.4442094928924774, -2.4952112208257224, -0.006830051344858923, 1.2363055365174187, -1.8666736509171646, -0.6610015165937568, -2.2865720649005175, 1.2779064769270283, 2.585380453025236, 0.6029961815274412, 0.1418103043218073, -0.378622382219282, 2.8761506414788682, 2.3157266746543606, 2.8029300693333496], [-2.7204108825249635, 1.425199050512795, 0.3188574051596893, -0.08502953007675096, 1.943764382273753, -0.7411055797657449, 1.1672479301631355, 0.671358627678381, -0.9811472285128282, 0.2541388064574246, 0.05481288572836007, -1.2868480921085823, -0.36003907550873127, -0.18616534188519385, 2.2516176862110795, -1.817278330843059, -2.7413974238429466, 0.25569701838481507, -2.893008268571049, -1.62175939096988, 1.8913887410202186, -0.4682127130134317, -1.2889827320622236, -1.9043696143102145, 2.6926604634964066, 2.1029460575473156, 2.8608296387697782, 2.8469768340499586], [0.6729282951731026, 2.8631278790353543, 0.1013574968859885, -0.18888092375920174, 2.6564245143804275, -2.9500089196475434, 2.9384745537794323, -2.479287132204232, -2.3600027742348653, 0.6650284488254687, -1.5962225092666633, -0.4450921963890102, -1.4644922281469461, -1.6768198795492026, -2.6433563757744682, -1.1161911323223015, -1.929984748628796, -2.0872269669619015, -2.8750502412992867, -2.2588522592913574, 0.3273799051097921, 2.054141492752829, -2.7782973111684743, -2.24934237635253, 0.5175291677188918, 1.4063739200448149, -2.9518468230538017, -1.4294850207942407], [0.44293336132071515, -2.4861229417444957, 1.1239752397469545, -2.130499475456787, 2.0931650590795927, -1.5814704806110584, 0.9689021295155635, -1.3946360067928623, -2.9094665985894212, 2.237673968375696, 1.6687138440117995, 1.4018400422251434, 2.277557513971783, -2.097745683249812, 2.8076788314069905, -2.1476892232999742, -1.218058089735744, 1.4351594454710694, -1.2567147131745449, -0.6126259985178102, -0.494169814544986, -1.8375813147301434, -1.3960326149065823, 2.097054931717035, 1.0488589985283054, 1.1090085718661484, -1.3902959514942015, -0.8649073869362196]], [[1.0106182829315404, -1.0404292537845141, 0.144631805905572, 1.9634606124758367, 1.4121347930364543, 0.7778613589959744, 2.1417802773789987, 2.3445367246062894, -1.9654080989913163, 1.012795245610369, -2.80819568652512, -2.9386335602637628, 0.743683388011319, -0.2762652310698086, 2.0571750505321242, 1.9579388790015049, 2.1650688997108762, 1.282017698382175, 2.1131379186845223, 0.6188269638052244, 2.7765862433329573, 1.0375322573676673, -1.639130239652642, -2.001475180192781, 1.6362341767679087, -1.0935683017735172, 1.1660289856737087, 1.1605690900694476], [-2.4805226983116455, 1.8127825958200932, 0.8403618700305175, 0.7769821962524865, -0.21237974869733556, 2.693074512649498, -2.4959941686291933, 0.4525454403864062, -1.6296696106788402, -0.380112110711603, 2.8315024810440184, 2.3041971522151146, -2.887439565632761, -1.640637804515879, 2.491822832119169, 0.9806685522845777, 0.3968571675417323, 2.303893025286598, -1.985387750513099, -0.49694704380492905, -2.350499407404379, 2.9452418890420873, -1.4111999649272884, -1.062777156072847, -2.62484819280613, 1.4118039204487562, 0.1284206801205423, 0.6102454343292845], [1.8477924778068342, -2.2748631198517866, 1.5327031887519826, 1.4790030582882618, 0.5710511388981265, 2.328369749042362, -0.6286427622681652, 0.2665962030720279, -0.8379464562647874, 1.7828894329419107, -2.923714809774536, -0.9899386615709775, 0.0028590657066027703, 2.4512876715112037, 2.3004296326363116, 2.451910481775508, 2.85792018318858, 1.0724722500287687, 0.3106921828501257, 1.525782515976581, 0.17864414910353332, 2.7887242679321043, 1.081099827438332, 0.10910264632291256, 1.415357732971077, 2.3226517517708736, 1.9554317657549305, -0.468260719340754], [1.6300225694756847, -0.4271249108516284, -1.7500870902663757, -1.8420947473726472, -0.20075450333222067, -1.989972215506075, 2.1909919944764678, -1.3926803113676107, 1.83607267164503, -0.9900195192788255, -1.1060409903519448, -1.269956569040113, 0.6754201544553129, 1.8674820481222447, -1.1283854240851432, -2.6909820501033264, 2.909106981578846, -2.1720724947839996, -1.2203551022941517, -2.5478262032047065, -2.7377955749829983, -0.8106146124407041, -1.5925286348815617, -0.7950563860159594, 1.5283972544275777, -0.6348737214737104, 1.0454157014173768, 1.3336713095453039]], [[-1.811654816097656, 0.6079943368612484, -2.01026672083576, -1.9172107750884995, -0.17965306944078607, -2.0835444234156677, -1.2649079095153233, -0.36721851156256635, 0.00856646722519816, 1.6660467905415537, -1.4985360882738181, 1.0671730311820413, -1.7521480310162552, 2.591468120218998, 2.8496012086066216, -1.0224963441472055, 1.2475225927521567, 1.4706272721617326, -2.2087154381413443, 2.0817349636187856, 2.592856473121346, 2.5182999648103257, -0.3182127032704285, -2.804110111532419, 2.551671257604781, -2.19425836069536, 1.4075408997462198, -1.0616960111155063], [-2.460966361964574, 0.9687948999230915, -2.942377612702533, 1.5034159469187536, 1.515217570493581, -1.6815463213834376, -0.9218268599205675, 0.42683373086932175, -0.6515470023208763, -0.9080625925745354, -2.0527992229885585, 1.6221116697605265, 1.3039415043598623, -0.01651119010145763, -2.110543041222309, -2.1716383579554055, 2.821315514737911, 0.987538116235199, -2.7349967676957903, -1.31946368778534, -1.633893964961786, -0.11321652705038598, 2.1809253107476056, -2.202259644236345, -0.8108711472551917, -1.5634031884917956, -2.9636079615000206, 2.451125532366982], [0.37786960215253007, 2.204246347874588, 2.7851304928978937, 1.2415232540139645, 1.481293376638468, -1.938762635399598, -0.23603384339255218, 0.3186179447715922, -0.25531430706533875, 1.08008760460919, 0.5408369526136036, -2.9327296763720243, -2.984535775818558, 1.252445590049903, -2.3992857170590245, -2.2625353039688365, 2.523647217693715, -2.152535518340481, 2.4642629988120133, -1.0380329040247485, -0.1997885860620574, 1.4365785520962717, 2.865644116612387, 2.50322996906828, 2.878998926037305, -0.5587024780963885, 2.6951184435159785, 2.916016909313826], [0.9434727549591884, 2.389865280319132, -2.177656100714942, -2.9696453472992577, -2.361479019324903, -1.0346760239826391, -2.5473581276062767, 2.666805461162257, 0.7132945367034975, -2.0047577150277633, -1.3394836817157945, -1.1573410727044173, -0.49792553734101164, -0.732996935557269, -0.06290832678871361, 1.302817822979014, 0.6059371373767344, -1.5595436605489863, -1.8562733097431927, 2.4078765457499465, 0.5620352847750452, -1.0933786459950319, 1.489325013146252, 2.257935551192454, 1.9322137532219745, 1.444102872102845, -1.1512719896940244, 0.03727696236548539]], [[-1.500578605157439, 0.6219216386714894, 1.5892147705469029, -1.4825321895828698, -0.6899840412866558, -2.6260124759676877, 0.05924824311936083, -1.546369591925426, 0.42112577843738697, -2.706312046029764, 2.380562995789827, 0.35327295547673687, -0.11409560646433903, -2.586732903357161, 0.5406375626199389, 1.328550791794851, 0.1809466441110228, 0.044618800399914615, 2.346890635974056, -1.832409065400525, 1.3984387973137995, 2.158499822279339, 2.931989614977061, 0.9183116737634665, -2.6744441086120294, -1.7920838759829782, -0.9280752930497873, 1.0952885894223776], [0.06039504335952284, 2.00549263155475, 0.325213406676657, -1.5394874616776673, 0.1492486267852806, 2.720010838184251, 2.861555262691706, 2.1679537101705737, -2.6769620393181603, -0.5613948845287449, -1.0311910453213804, -2.3326017359754263, 0.5723986537773724, -2.144583118770811, -1.6405967033722963, -1.623998803486053, -1.810130602071592, -1.5723297174620978, 1.705598359394461, 1.8375831070590092, 1.711013735376933, -2.4924270832718323, -2.235031852868094, 0.587519016595365, -0.8429105555492935, -1.9191242739023613, 2.3408450443318696, 2.118869088918795], [0.18768317717412364, -2.6354158495862103, 2.513675492380732, 0.5241727353437362, 2.448744806720673, 2.1280640941290017, -1.4435193368372543, 0.9966283856837368, -1.8375062277188494, 0.06432229889657837, -1.8453571440785723, 2.9740797809802313, -1.3841722514925556, 1.6052665680174076, -2.8694557069378837, 2.4533430201649145, -0.5801095995646333, 1.681335032806408, -0.24718890881002942, -0.9610606243111026, 1.1922333384447263, -0.7146661141571684, -2.9897555548576746, 1.212528749179823, 2.818834302449158, 1.9330828481040605, 2.0003463047859054, -2.9322575034454235], [-0.4113817528577335, -0.639365644787647, -2.342654922154199, -0.45559927974010694, -1.4361480633042443, 1.814342623748404, -2.3947687090894973, 2.287179540824198, -1.7120322007676856, 2.828861670784308, -0.16190229087679242, -2.4047697911882597, 1.2254940919640767, -0.18936755985026021, 2.5501213868823314, 2.4155043518686528, 0.8495336363914223, 1.5918584929252697, 1.8795515920276156, -0.32036372014345016, -1.3879323308168094, 2.4604215160154546, 1.4779033214228336, -1.9801214219121832, -2.5845751311776097, 0.3501661538076579, -2.3048428606064864, -2.469087373485103]], [[-2.7695378603023473, -2.7103777160890363, -0.6833080372344362, 2.228999723460057, -1.0414515149583197, 0.513890340894128, -2.141976977078774, -0.4829561275679586, 0.36764063071973396, -2.0387942681885214, 1.8643176265687593, -0.2062464666180457, 0.936117809659371, 0.595247045267953, 1.827140497762743, -0.8407326048597854, 2.033860530408865, -1.3357877491596593, -2.4739529973205903, 0.42424481604897846, 0.1420701399591815, 2.962135662722579, 1.7742486406037, -2.4613364858908335, -2.510367327295538, 2.929544387420818, -0.4663165192920662, -1.6995296767262358], [1.0847004830993576, 2.8745515320327026, -1.6586061376907568, 2.3079925821026137, -1.631592089958549, -1.605913490754819, 2.947459989993459, -2.444657413094899, 2.2881228804076112, 0.018076412721816038, 2.9164202582059886, 2.9577501242888253, -0.8804393648598943, -0.2761128096438106, -2.334796254192826, -2.2725147681097346, 0.7207861554080175, 2.661563318840102, 0.403641486658596, -0.1540361391242655, -1.6166738573313926, -0.773776410232057, -1.9251590559294345, 1.635874757078044, -0.39242157981376113, -1.464214395953661, 1.3700582979532605, 2.9277636620733514], [1.2493095529083522, -2.4735692102884412, 0.2380707690156889, -0.607050453905368, -0.7822760531351247, 2.4192137311603137, 0.9390479374558454, -0.5085532632506613, 0.3046083914158553, 1.9891256241394046, -2.3119517069848743, 0.27613916116112414, 0.01796619065013294, -2.882378078349416, 2.92774717016204, -1.787043665356794, 0.4088640329293458, 1.7521344694438223, -0.7395388418051478, -0.3914442540921552, 1.1770249585062142, 1.0682995661893004, 2.7444564054899985, 0.055657945432951106, -0.20922502838052237, -1.2986364530271797, 0.6001778176545889, 2.2126361595483033], [0.2427637175038191, -0.6139617944524192, -2.333462465015215, 2.357468428927751, -2.9315237278875292, -0.8380227404126246, -0.130406154905498, 1.1543993551936822, -0.02890339296280775, 0.3281336039163101, -1.8119105938636986, -1.1195105611812675, 0.7805459035952449, -2.112094105118464, 0.7461910343868552, -2.772633806306113, -2.440907606452569, -1.2978129895070456, -0.15397184964763344, 2.5594299589266916, -1.9364312094925842, -1.1935269271566915, 0.5156853381338582, -2.0199521706899377, -0.7127149924800014, 1.3488810296390472, 1.4496775936934156, 0.3130727593745357]], [[0.006218614461197092, 1.8801289848584348, -1.622937796742126, -1.1644346821317535, -2.2023588199788495, -0.8248103163537763, 0.0022711114703737323, 0.81118410781598, -1.3633129938849684, -1.2487251168226454, -1.096488474793767, 0.3098709764763692, 2.7017901745280843, 2.1584890260923713, -1.1087766616984678, -0.3697836642055421, 1.0336828347441838, -1.1412407964017837, -2.609663425594032, -1.170221335476322, 1.4063522236196535, -1.4851525043469471, 1.0399655797784586, -2.2120351761822983, -0.4587319457098058, 1.6258529922523142, 2.7936727731788693, 2.2337528213469326], [1.439963588857248, 0.7266530943421206, -2.0518117279621713, 1.0575165637193074, -2.482865774743729, 1.2853434396454402, -1.753690347059765, 0.5155140830799674, 0.5434156766520926, -0.8628882524779211, 1.7872780356296856, 0.31818351857605087, 2.292691370644304, 1.4826781698482598, -1.0746271004778947, 1.6778259698003355, 1.2962053906881223, -1.023206127649539, 1.7242485650591393, -1.0051002036785206, 2.795883111701097, -2.074759214291466, 1.4533409064336356, -0.9691051511899307, -0.022637761076951257, 1.9663670228565833, -2.9636181407928515, -0.9878674631088469], [-0.3998479173831804, 2.397992605693303, 2.298296020053769, 0.14342500612001752, 2.153989618973812, 0.8792906707819821, -2.381796027701193, 2.9622115275845937, -1.3202818509774257, -0.07604260475260949, -0.02038801350283892, 2.245130292299585, -1.1130046719528173, -2.617023084929566, -2.1038266098525256, -0.6197546441433568, 2.055786439426769, -0.15275065030027957, 0.6120397860541695, 2.806532206930232, 1.0906518422451015, 2.8315070581513417, -2.2265476857501745, -0.6495630489526478, 1.193882060223256, 2.5906061484176783, -0.08392805145443027, 0.3180461524595515], [-0.04446386008774228, 2.9419826772843773, 1.8484187424835863, -0.9010299316663684, 2.2254722116445453, -0.47789954392245804, -0.5433444612205731, -2.437151647972236, -2.7486043324464164, 1.8601684422564837, -1.6242409820437542, -0.9303996726439658, 2.8695334651141344, -1.2414954057080823, 2.541180902204321, 0.7946525944164646, 2.7463801829176866, -2.083220260752042, -1.0068219447216316, -0.339108812667428, -1.8289200865868422, 2.5125386129685907, 1.0537422161749639, -1.1611885035833653, -0.8420942149054849, 0.6361353624163852, 1.0300576483018578, -0.2967904212535659]], [[-1.1445079168326007, 0.33826070750414594, -2.23377523922022, -1.6316712183505004, -1.7187347898457768, -2.5302776344423323, 2.209530202471358, 1.9070203654556845, -2.6166192109955713, -1.5058426227044133, -0.9390849033748054, -1.0396047131271233, 0.4884427237382045, 0.015037093172178828, -1.9976798670981648, -0.9216049312261188, -2.4974902455499817, -0.6719138510425244, -1.2166458186241387, -0.27749793778793164, -1.2216529244548173, -2.572945502487254, 0.13940912004012151, -0.589668442273771, 0.614412129637727, 1.211416164767341, 2.6139052714383233, -2.138427999872331], [1.2895921382361522, -0.425839639593947, -1.0422323208490163, -1.3666009000365027, 2.5544466039575147, 1.6149903167988162, -1.6024178309234545, -0.6448620934496163, 2.1613721785683007, 0.3210185089579136, 1.7801943898871873, -2.5329709231372703, -0.3794626786901403, -2.146492063393141, 1.2606112158410152, 2.894880901074658, -2.567819176634819, -2.425218737651162, -1.4107669249251176, -0.8178318158705231, -2.0441752707305607, -1.3374551494335352, -1.3592668213277739, -2.2644661139413342, -2.389298440948684, -1.92535483057277, 1.8918304995041009, 1.0796364285940312], [-1.0787311332462288, 0.11815207701666397, -2.459264105922747, -0.5360707784923084, -2.4118109891722863, 0.9767387213497347, 2.7886489135776094, 1.70052318943896, 2.587164703445697, -0.06159305363133161, 1.2975343910943637, 2.6333919116529625, -2.8706177500512275, -2.825982104251519, 0.24788150662846142, 2.166103219635241, 2.544007053718383, -2.909393478224753, -0.5913248726871507, -0.29420296458395434, -0.03227146116525592, 0.6310767038905505, -2.6569463192945406, 2.7909642548765072, -2.1400420356812724, 0.462296886672557, 2.8309673850459705, -2.5162762109826433], [1.0121590375204441, -0.7556874559447042, -2.4301300358580544, 1.751901946425913, -1.8335300587325363, -2.063756714043282, -1.2981208864254061, 0.17356878131794673, -1.0625108255714542, 0.34562049476997236, 2.5256092596314925, 1.1314475039549334, -2.456906269553886, 2.7675405003036495, -2.0657762011493483, -2.779930232743582, 2.8547173261380836, 1.5437045972649557, -0.8687113155923001, 1.445617503132298, -2.0522438384658512, 2.0788668411215685, 1.2760076156434907, -1.0002020268830925, -0.09073725150503531, 0.46194517830552373, -0.4593984133447102, 1.0676773337126582]], [[-2.9140422382878866, -0.708016691753508, -0.3217812375425142, 2.737587791984339, -2.214111120913164, -1.2244934241836396, -2.5336340960001, 1.4201517010854765, 2.96000379415847, -0.2612075524867712, -0.9144733442214941, -0.7938777062968483, 1.1829681033189097, -0.5937159424783514, 0.29250301335781614, 1.0223068315553387, -0.5548392058205334, -1.4161894708565075, 1.471649695417427, -0.9087298754136222, 0.9117576077238074, 1.4679657732397908, 1.9088918675488316, -2.0764482247041283, 0.6194781639774893, 2.0939336724965543, 2.470502120882056, 0.4657129217250642], [-1.4999261120744287, -2.2148002422293684, 2.212275987129707, -0.6126900979068628, -2.5684898436681385, 1.001151787601703, -1.6543933543116027, -2.0269548388688534, -0.405673867647971, -2.2897974073466507, -2.768972942873313, -2.825135801590552, -0.038575125073392336, -0.16324404528331593, -0.6855003584210659, 0.7728403408939735, -2.4887115602020926, -2.6407578421244904, 2.1391647558004836, -1.3503855576371602, -2.1483783887282937, 0.03579168365538887, 2.607593282664766, 0.2912000832571624, -2.067594024765734, 0.7844581098841772, -0.11457912327858821, -1.813969232190765], [2.937291584832864, -1.000265625224541, -0.8431823429067129, -1.6855250010991711, -2.775756118405197, -1.5201817468243202, 0.6498646249319315, -0.029381927764077886, -0.7031110454368856, -2.1087701139939816, 0.6467831496580807, -2.366968131433868, 0.5314648880389408, 0.005586122050301512, 0.3560426265711336, -2.4516098084208906, -0.9941241708383113, -1.7122749740046226, 2.499324042572855, -1.2805725442640674, 1.6430818684026356, -1.3056580040137409, -0.013569854301209272, 1.1379393940716742, -0.6239418480371404, -1.637578052897534, 0.7282507878520255, 1.0809045892238416], [-0.5274776602366682, -0.2978369642945964, 1.175743246865034, -2.543005516185026, 1.2717115983145098, -1.2860305974970516, -2.1163717269519315, -0.9236045407852873, -2.7182717144193855, -1.783865623697756, -0.23507869761493083, -2.12643331224863, 2.0056893867124357, 1.954447798391282, -2.0056618307196903, -2.8533252246079233, 1.0430644358128562, 1.224962897480812, 0.8555871626416214, -1.7823235855988036, 2.45662660224799, 0.41253468322603215, 2.113019509279516, -2.981704038491949, -1.8382094493646188, 2.5542109744202506, -1.532382615267387, -2.7824516974310947]], [[2.5946331467458776, -0.2832938631238249, 2.5978525638813013, -0.5958284956187869, -0.8881272707767573, 2.5551310468988158, 0.7342087265944439, -2.4461660582418325, 2.0819755888781915, 0.3424731856794829, -1.0240006888879498, 1.8602400685107003, 1.0275184767325225, -2.6393643155019726, 2.457584086783017, 1.2393563593571395, -0.21818275793266206, 1.0667188734228041, 1.0262413026337152, 2.264477776130355, -1.077715498559581, -1.9406474271161624, -0.5431009696966154, 1.792131468350517, 0.135202176871573, 0.4260538417788431, 2.151501131901073, 1.0408846900800253], [2.572902054718379, 2.7985451687630585, -0.784513808668748, 0.7034460620424468, -0.7849284272832717, -2.4015004106654176, -0.9518820170941447, 2.374771862033345, 1.3956429894451334, 0.04990945850949613, 2.260952229610405, 0.4021417597241772, -1.6068919199120781, -2.711282393017082, -1.9827110339617737, 0.1550111329170205, 1.6997681858077787, -2.075746636879594, 0.9883743446209312, 2.7862671925050817, -0.14658909891007887, 1.9852472665617658, -0.5297587661627006, 2.1248258929074826, -0.7663138939673368, 0.7844444965013109, -2.361351610350061, -2.247366962227229], [2.5979985893533826, -2.220686255516002, 1.6639624539071036, 1.5644450337850078, -1.2881272669494983, 0.7266247114850879, 0.17253848082518886, -0.04033663723836334, 2.2178430031959646, 0.014432031619824315, -2.1037520283843096, 1.1932582498135194, 2.9985518190530724, 0.3896338591371511, 0.597131531138734, -2.876265360581182, -2.872692371421371, -0.6954217799568014, -0.919910507065806, 1.7976512582824906, -1.0151310451662632, -0.14756134163530454, 2.173042120956465, 0.879043167500007, 2.0383180101639526, -1.5245717105332914, 0.9809521870982882, 1.4465332182201118], [1.7675308445720637, 0.6471081093892854, -2.4251159206387354, 2.6715350094599017, 1.4956226844109866, 2.8493216830261217, -0.5631781670905998, -2.682054810071113, -1.0414299142562846, 1.1015084345278225, 2.3579348034282512, 1.8760711678807525, 0.3954588395187417, 2.6071335676504095, 0.24239343072449104, 1.503822036199546, -1.8249826871639054, -0.010932470376102899, 1.9654739225440947, 2.992283262938588, 0.6560934713185134, -1.9662240867876464, 0.17036595484154216, -0.9275684493428509, -2.2073561723257735, -0.09899244732436685, -0.8807014873284222, -2.6528734693661926]], [[-1.6167187382511525, -2.6966424018594424, -0.42963044587166, 1.0005840116032818, 0.424069900979533, 0.39229205878933193, -1.5716523074953619, 2.852847399977726, -1.167492194501198, 1.0553798194947417, 0.04418132180700862, 0.5609522484027059, -2.047400321565825, 1.7915500454968587, -0.4776989791274988, 2.9524481696236675, 1.7899302901856116, -0.5292319421943574, -2.0919969518321464, 1.8392552283191108, -0.48520210079081494, 0.9501749823187113, 2.6918802271138453, 2.030041687414453, 1.2124730006012872, -0.4933911782759517, -2.2971624734458986, -2.129246288740709], [1.300092767770061, -2.017598816811112, 0.7456584573066865, -2.753119002805626, -1.5541319005485448, -0.4421271018552493, 2.404140238851884, -1.3865181463033145, -0.5148365585154089, 2.8838238393438447, -0.6759105042037392, 1.8243112592356452, 2.023785484603774, 1.1097551551714293, 0.5140994918874133, 1.6452517361184977, -1.7900085620801929, 0.33747256776870627, 0.7609030800426724, 2.539640494655009, -1.3658416513897667, 1.0394415400425734, 2.656165580093087, -2.2856431296149378, 1.05431876038499, -2.8277829518882136, 1.4205870418263622, 0.5680983205912851], [-1.1458567682150678, -1.1975058167479633, 0.0422831358409268, 2.3621970088778887, -0.7009245966287359, 2.584843455791077, -1.8783053249693265, -2.0945194322244927, -1.900054439821935, -0.4878002602080409, -1.904483337520835, -1.4408557741941184, 1.7337706342908055, 1.525148134703544, -1.6527762492446154, -2.5806609757789234, 0.003976347024702065, 0.4667725826429465, -1.4715595107042216, 0.7177143617383641, -0.055198164339380185, -2.075113554582122, 0.9978542708405702, -2.558144379868395, 0.9331716091062665, 2.9102850603342514, -1.8535473719049824, 0.7111287274523157], [-1.9659756726073836, 2.4987039460154374, -1.4382386185220217, 1.4792135482006934, -2.1159189797119775, 1.6456737619002446, -2.654620801547312, 2.3342528831792233, 1.689198600638493, -1.172980628290674, -2.566466311147505, 2.625973846832573, 2.381631527223452, -1.9611413356359153, 1.508853529672649, -1.2868839100049612, 2.3591191130006655, 2.4390056402216125, -1.6049493945504323, 0.36946882068985554, -0.973580985902097, 1.263811127651195, -1.2093412067647757, -2.8787910174592923, -2.170439892137538, -1.4222480817566707, -2.953308230175167, 0.8967144745492988]], [[2.3418545061186524, 0.35485137188711846, -1.374507346426421, -1.9475034085797458, -0.7376331319873932, -2.22185838867497, 1.2816917001318133, -1.0671243559333625, 2.4853678785170548, -2.6693428867198934, 1.1859474257367806, 2.8201829609894435, -1.7640085645335732, -2.4824199334687114, 0.34653814398393257, 1.1695795091922658, 1.511446762648057, 2.7315041732615315, 2.7984476050669205, 1.5458564934084178, -2.1272374395548237, 1.7893231653814228, -1.9101611746286875, -1.4643092697471298, -1.0980757255790017, -1.5606796522867297, -2.6162206753225776, -2.9279257667987517], [-0.2729917887538793, -2.1179687987866807, 1.0606012719150977, -1.6030001687970676, -0.15552686930021098, 2.56453411996334, -2.827343645243383, -2.165465302613205, -2.3209502430116764, 1.8653052792236604, -1.8044946241700432, -2.8575051500550543, 1.6026408404358516, 0.4280562666103309, 2.1743234754613567, -2.8841687962744293, 1.8150540614320985, -0.35689161171158545, 2.4020056041753106, -0.4201331976816496, 1.849081157593087, 0.8515700962883637, -2.2597892552303147, 1.7282899621076693, 1.891843751337098, 0.8417812615006346, -0.4022108918291729, 2.007378175798112], [-1.549280684941348, 2.1113592775443184, 0.889119162513873, 2.1277878003139588, -2.0302322957246277, 1.4489732643528868, 0.9310102296045777, -0.1597566571701905, -0.5143362900185497, 2.780416984818425, 1.0472732828294342, -0.6318775121228186, 2.209750244530439, 1.2619340640060956, 1.1270421814978935, 2.064630385798644, 1.4278928151362482, -0.4072823459759416, 2.9818970778400296, -2.27330125336508, 2.012129700317244, 1.416501937845533, 0.11326010290726085, 1.2460330772198382, -0.6298542434665837, -0.5641069176844553, 2.739780446328014, -1.844886941767891], [-1.1753449986113003, -2.593349068357477, -2.930120737017867, -0.7343614867529942, 0.09693375452306618, -0.4983345338027738, -0.878074811287219, 2.756713399857148, 1.6498777203827952, 2.1200490885955023, 2.0214500388730894, 0.29395277994311364, -0.20218502479690326, 1.3286482238879902, 0.9403930990369287, 0.061208272411695575, 0.1799664501643088, -0.4671655848181153, 0.9235954510893691, -1.9270638683845107, 0.8186003186626492, 2.9416243025652387, -1.876525645967221, 1.1505306650578326, 2.548288121517171, -0.5765597964164728, -1.1273048921869346, -1.7543769169579948]], [[-1.718879918554295, -2.011120895456558, -2.21836944618671, 2.7835496521183494, 1.012752765982703, 0.22363324723810418, -0.7593321285627912, 0.7738266179419386, -1.8881722211674297, -1.1882438471262862, 1.679518463638126, 0.3672861725452661, 2.692961546554721, -0.024817709789401565, -0.11616130792010448, 1.8500399358741646, 1.247368361005596, 1.6274774973321353, 1.8335896578685267, 1.576746870615807, -1.8136691848290298, -0.12675902974212594, -0.8220692569818802, -0.14548145953332803, -2.6993275098168388, 2.756822833734452, 0.65843444149397, -1.66498227855449], [0.744790164323434, 0.644543303544423, -2.866517507972046, 0.23339070086631253, 0.9240483709600782, 2.4137256324820875, 1.1441642665417122, 2.3167236383945182, -2.00687893811838, 0.9378190671217674, -2.348945477107651, -1.138333522572232, -2.3765334288872975, 1.1541058518025613, 0.7893124109701839, 1.9097722428679624, 2.928503000881123, 2.980261216583913, 1.014494165251885, -1.9323688468619504, 1.1030016251839898, -1.0006088781658842, 2.747179156986342, -1.5065741361246399, 0.5585199646067749, 2.0693500283610895, 2.157287654263299, 0.9382675796364675], [-2.4511741361347497, 1.3655059995560999, -0.49044912173471733, 0.9599553857972802, 0.9526655625347686, -1.7494804959589703, 0.9189348739679408, 0.7276943844249493, 0.07777744869431036, -1.817026220380268, -2.76224141257977, -1.853516034587576, 1.6547151858034859, 0.05003197508739898, -2.34155582874555, 1.8036386946281615, -2.926112140050618, -0.056360316099944185, 0.7658675389068899, 0.8213571998812563, -1.112363008451926, 0.7714979884204043, 2.65765027087955, 1.6725813005314745, -0.7689690915765013, 2.323978303865343, 1.7138128089716993, -0.29057998826277265], [2.4879869599679427, 2.6037914166162874, -2.0696159810714327, -1.8218714801055305, 1.5135465018756369, -0.30277553036801264, 1.0502774535681407, 1.7841222093013265, -2.3122829461157997, -1.0742887387781759, -0.5959939242458825, 0.6010213957328601, 0.2713272577677639, -1.286566543250985, -2.1477787420949257, -0.048679976607520103, -0.6227874533011888, 2.2863395448191444, 0.01576648539243708, 2.5121420729572117, 2.4251730533274847, -2.361864755818149, 2.9617988158113953, -2.6499622432684724, 0.35963889100316404, -1.5087546983213667, -2.8942366911101693, -1.9245257998208056]], [[1.214468003983324, -0.1976039555458211, -1.5651304030961575, -2.4082080247218363, -2.3151958409394395, -1.4362519935588507, -2.5368457232237924, -2.3759943034706272, 0.3347789370125662, -2.8232982178803323, 0.2255344908356296, -1.3512672842408653, -0.23503766826183004, -1.1632870772258923, 1.8573526628365613, -0.8209390760619164, 0.6678681303455996, -0.27130983806862785, -0.8962556022175274, 1.7941630724104112, -2.2146077104182087, 1.310919122317621, 2.192491742692688, 0.23671451330869742, -1.1244539104206877, -0.3378611209968554, 1.6843471871548648, 1.2264213212932003], [-1.1483487599516817, 0.08107992685024179, -1.80674673553198, 0.4640875460755285, 2.5480459592459335, 0.5170178889016777, 1.2140996304509626, 2.2007486210642053, -1.5614510897125558, 2.45631019723918, 0.5987504120687901, -1.6550082530044274, -1.4242408405219187, -0.7310143279922183, -0.9417926355762933, -0.6939812954066267, 1.2106027157345274, -2.3974454771118765, -1.2872350166311022, -1.1636302884166971, 2.0747317640325065, 2.1902703842002875, 0.32714475036012747, -0.19035165528798093, -0.6834863484916527, -1.0572495365185166, 1.0178742530730203, -1.1636743260425257], [-0.8128105795475244, 2.5461022275692127, 2.2768232194072153, -2.0645507505401834, 0.3418404460251345, -1.1646675564185496, -1.460880781649843, 1.1048351902468116, 2.639450294411427, 1.609279170947027, -0.050998493527535604, -2.2892455204217557, -1.001772902918898, 1.8983687958647, -0.09877658929658661, 2.306108698315138, -0.11755637157790577, 0.8053100901245638, -1.0656684863036574, 1.4939568239269994, -0.5961566729041179, -2.6405804663630437, -2.3478344033244, 1.6057869798427644, 0.6893818124787687, 0.14979137078070837, 0.48690035377208485, 0.5417728538406599], [-1.3128684775250556, 2.3098440462346677, 0.7425144344945238, -0.24767104579438692, -1.5163964068643325, 1.429502843819093, -1.5010094640203286, -0.9541816943639496, -0.34867303329275234, -1.7879380243764744, -2.0305123020988693, -1.5205097264485963, 0.7517024799555174, 1.0776670534134158, 1.4441216657768994, -1.0917446042597487, -1.225245156346038, -2.736978310924461, -2.2992929613320547, -2.3491976184079095, 2.629428683350694, -1.5367834537174285, -0.12109506285657545, 2.315137646091304, 1.3839365957773548, -1.5494740324309888, -2.605760607638091, 0.08175519174804347]], [[1.1489840142090362, 2.3770849705679034, -0.011794372202996506, -0.8606498252541321, -1.1479451844465598, -2.673071411394471, 2.51471492127499, 2.2986553125575817, 0.3429067982630021, 0.3157618141830483, -0.8376604198747888, -1.2370568416286056, 0.306396954542679, 2.524933493653232, -0.7915819887616085, 1.2817913790574513, -1.099405909996158, -1.5374190971528916, 0.4889437492216224, 0.7702344346747516, 1.3724588221966734, 0.5397083378335337, -2.8326337454352783, -2.275976490258325, 0.355295914329377, 0.32420310473439073, 0.32359129379361384, -0.501752365346829], [-0.9228243667094009, -1.3715482424588525, 0.482780962908826, 1.0891034611280954, 0.767646103081189, 2.5237987407065745, 1.3369375185660584, -1.633774571701495, -2.2060437741684797, 1.131594704886976, 2.2815089773467525, 2.3310216368761694, -0.5664084628276909, 0.5913722451158874, -2.0472656218706566, 0.8910162090347908, -1.0533351712539412, -1.9269237662526855, -1.9483017455836222, 0.36550169312967107, -2.877486969854452, -2.205968976799383, -2.1798523915976387, -2.090810103799777, -1.5690040523110858, -2.5329251892760944, 1.404584328102418, 2.2427187679746448], [-1.9621764483550788, 1.4737887172597466, 0.987832342696255, 2.9920719762384245, -2.938165238451748, -1.1941985548165202, -2.016778010194349, 1.447172375413528, 0.12067546364074966, -2.9587927908278164, 2.61581779345868, 2.230135974260442, 0.2867628292440445, 1.8588825387860632, -2.882728905067801, -2.393372794862347, 1.5446869810245447, 0.17690641733974566, -2.10626195397503, -2.933505927417245, 0.4726941306707966, 1.1591345466009972, -0.715017654093379, -1.6160727020264163, -1.1056899811693037, 0.8257990458130164, 2.3504655167688053, -2.0609323742389023], [-0.5114542617847668, -2.883026428948595, -0.05759769976142959, -1.6192482891465183, -1.4634137209558682, -1.9099447254464499, 2.4414277205329755, 2.9588271809268507, 0.012173892685335197, 1.2790875454517785, -2.2769530739343997, 1.6951071510236773, 0.11139950575498814, -0.8784704176006244, 0.03586135832305315, -0.9945874404364394, -1.1872001137010983, -2.6290335485635605, 1.392986845326071, -2.8719150408879095, 2.11407071880682, -1.3982902243362847, 2.685113208357458, -2.970980778495459, 2.1332251496762087, 0.8571237985817195, 0.25407663244862366, 1.64621542599353]], [[-2.726999899764081, 1.9293259755877852, -1.9000663630788928, 1.0824850496665936, -1.0389653059448927, -2.150052544479963, -2.523028788709439, 0.5616546710922528, 1.9603937525012363, 1.8993894487420082, -2.7251432700190814, -0.9552596078222741, 0.48384022843110763, 2.097530056101988, 2.2651183126477354, -2.7684438128048914, 0.7679299392724412, -0.41261827060029166, -0.29094759691137195, 1.0615962746225343, 2.163854667255271, -0.9099197679050599, -1.0114664104710476, -2.719990603715238, -1.1534627588488926, 0.9912442995832818, 1.9723492586332672, -0.009348604440577724], [-1.0194862685901511, 1.807852725343178, -2.6182774472289783, -2.4736168808451673, 2.793317139451263, -2.945231104770492, -0.7267311572718249, 0.7171059624628962, 0.7163730278514588, -2.3734124290739698, -2.761035684231243, 0.2395438366365994, 0.5596157984164405, 0.9921361930514578, -1.5722983995933928, -2.73233776069997, -0.7705004555280057, -1.621055717187918, 2.7081301914281752, -1.5683481339029273, 1.2532486552195268, 1.0503274993563565, 1.615036095670912, 0.2749412986490789, -0.5260537040852808, 2.260073235938224, -1.0991864370935076, 0.45631199623688445], [2.5347388584052446, -1.9419999862750208, -1.6673050764200659, 1.1978514072733084, -0.14793665620086482, 0.9572734144787214, 2.6548282420475244, -2.2040734735665604, -1.924420027649608, 0.7880356198128844, -0.8151600562826413, -2.9742705569287917, -2.3270801870477746, -0.7032403006541106, 2.1512620007199708, 2.861248921236733, 2.4267064789935766, 2.502852203145598, 2.0756882118882114, 0.4328091630398312, 2.7444130301936385, -2.366402881054229, -0.2549790681618287, -1.3128148891312978, 2.0960522419834726, 1.5289199235708608, 0.2657854567208746, 2.5123595336647], [-0.7383554608518956, -0.659909060190313, 1.229287949076121, 1.1459714217973103, -0.7866929706668984, -1.3244479427109446, 1.6022009799428627, 2.5688619995982416, -2.939685810057936, -1.8657982019979344, -1.0504868449909202, 1.0747230439166602, 0.14463000919282187, 2.980282853144166, 1.1661208229981215, -0.39280096225188954, 2.9509232551285853, -2.9252369620562626, -0.5194062150223111, -1.921983227818747, -2.714365286266313, -2.525796622057097, 2.759096214020362, 1.748935508610069, -0.37747594736721757, -0.538801580929023, -0.4064038385557067, -1.226586805346992]], [[2.911022399132251, 2.462448386873918, 0.3408812825758467, -2.0379691942505724, -2.6254584534367487, 2.7740833811342194, 0.6276176226375689, 2.304323586575342, -2.399598644719159, -0.6952533010400099, 1.8512602339812503, 2.6287934832495763, 1.5924403322630996, 2.164499472309818, -2.360704446601462, 1.1170062560822567, -2.759533010000411, -2.0805438584347513, -0.36143384375670395, 2.307263422366521, -1.0646091588594995, 0.5998403764032401, -0.23842656022824293, 1.1854138737949107, -1.0098281052271556, -2.7313878072780122, 2.2579375321206054, -0.04725142207488542], [-2.630536708553513, -1.736294703302949, -1.6172274031026308, 2.6187303017009427, -1.315215033324852, 1.3493154639319949, 2.3645768631557376, -2.8918516935165455, -0.9595993113913766, -0.4942054620010321, 2.775634951990872, -0.6800806413897176, 0.24173119680128252, -2.0559055407650417, -2.365535074372633, 1.5115007326839578, 0.3994343523157182, 0.2637275077108816, -2.959660783344403, 0.6955528550002952, 2.0397658281284317, -1.500370834179264, -1.7040389978302326, 1.6764153029572242, 2.1634455598010796, 1.6202207465712046, -1.9379509186515615, -1.1423342943871015], [-0.3020359073863572, 0.5552440976097222, 1.8098432878490573, -2.9793987168618274, 2.035826697951002, -0.8395983171173116, 2.3996469692146993, 0.9385086966340834, -2.3195477491610155, -1.5448340258178643, 0.09076893200776759, -0.9611915779768037, -2.0293309328864773, -0.9377673475638133, 0.3029315007259852, -0.3319249612698876, -1.6838436196941797, 2.482326744013845, -0.5278169606322756, -2.1798280749501764, 1.9168894356319193, -1.9370226355050788, 0.19611077733916282, -1.5236253439394805, -2.911087394743838, 0.24584204831436818, -2.980746328146963, -0.4549880087947584], [0.39991986325362117, 2.0176836809845913, 1.8742309334828926, -0.6977842986430955, -0.8979044870635553, -1.8576864780986773, 1.7733310049883748, 0.6282705956008456, -2.154942005242802, 0.4687968720224793, 1.2148272574501116, -2.2158724737409177, -0.4872194683695126, 0.8270492289500782, -0.11717143184226853, -0.8855993497577157, -0.029126891532720744, -0.36659364461007726, 2.7526556177829944, 0.4462227983719491, -2.996356144175632, -1.0141479223362795, 0.44178244113195486, 1.325961059570476, -2.3115403338809895, -2.4089356400446675, 0.7659160665658629, -2.86653835808521]], [[1.4058484393709065, 0.9483217955018324, 2.416801689961085, -0.3806974607523732, 2.2339524743865518, 2.6157221124469565, -1.8972438426992426, -0.3979030523301512, 1.0720337093767416, -0.39677254491780456, 1.0723346792029451, 0.12287846265514268, -1.9440326858318702, -2.337503626235357, 0.9656894093671848, -2.4588590432640407, -1.294231747358327, -0.485912649104967, -0.6233153067806354, 0.8674249997044292, 1.301491479011121, 2.4350636810475645, -1.9881480883713405, -2.0785082293537047, 2.545468360023645, -0.5939183712194938, -2.9373110741389317, 2.866541162495805], [-2.551545607511896, -1.3737290075685384, 1.2035152070429653, -1.474921632779242, -2.0646612493447085, -1.6139571052661452, -2.082278961839155, -2.8939519139977303, 1.3390705147256892, -0.7153074382303708, 0.8051434851102086, 0.7221759239410979, 1.7959733018876989, 0.4518388137675249, -0.252345798840373, -0.32706358953619263, -2.923025381212361, 0.7870873367744462, -1.4944632463907312, 2.182144460940542, 1.3834588128012735, 2.7146916768903395, 2.3702073976046165, 0.7162321834805456, 0.014006439423740247, -0.591966949442007, 2.2671671406937595, -2.525063245513339], [-1.4305447335612729, -0.6820731209418591, 0.6255390345841034, 1.8485490863549767, -1.3407082100481156, 2.4947274448096763, 1.173280463260454, -1.8084003972488425, 0.94065444774641, 0.8377864688695249, 2.998732394950034, -0.6372481706227227, -2.227959045935301, 2.655160488877506, 0.1896925408570418, 0.6752399921993435, 0.026216751184551246, 2.5442636411759256, 0.9784714045785732, 0.4034533295324412, 0.23633940427766476, -0.6424726302650017, 1.7291921067654332, 0.9453489111613518, 2.322963631926485, 0.212373038463332, 1.0263435204386457, 2.6455554788501194], [2.3881939985688776, 0.16140397997596967, 2.818596182250783, 0.8435460184600485, -1.6646124901473769, 0.337988401611228, 1.0166928953057504, 0.9126925630339584, 2.233733815202422, -2.715286175091478, 1.9601949210693643, 2.689634576803079, -2.5844632691808274, 1.976084920838634, -0.787460551991817, 2.3342167861777794, -1.9746727187155142, -2.945929026875169, -2.2195516799176076, 0.8400032602552763, 1.606592765472259, -2.892825703539507, 1.4471763340281267, -2.129710111999443, 0.3208856141782088, 2.2117812655205675, 1.2597279099120557, 1.73423587868756]], [[-0.08952068670054292, 1.2044164940428503, -0.6208913951871429, 1.3674640641366622, 2.9289273295066094, -0.07196505044053891, 1.5566032607057778, 1.094412405996258, -1.157824997794175, -0.42242118557819897, -1.9731299982566786, 0.4908990147757022, -2.6761340072381463, 0.7984665059772897, -0.6610946622594351, 1.929250818697529, 2.0234344695225026, 1.0204308886514237, 1.9607711926857396, 1.7621852872788288, 2.035309263510393, -2.880035842813468, 0.12222376823029357, -1.8892912208434347, 0.40593234169759196, 0.12602441903181605, 0.5976063055467664, 0.43669328405789987], [2.194696826339439, -1.9219449978892968, 2.2227273724314767, 1.5426454532708824, -1.6362701096031693, 0.9654659876213993, 1.6547021521984737, -2.791868234972312, 0.35859115521585583, 2.3277254100717366, 1.7225405966758016, -1.0592671242252434, 1.302081304980348, 1.3092896213615113, -2.718325337215484, -0.06541234481976321, 2.8112963297023255, 0.9442452304281908, 2.89523631907654, -2.9259666434172256, -0.4207117842462109, -0.4635139260646408, -1.6525378564860858, 2.939145325128808, -1.0203028451939167, -0.609139129304237, 2.7585058416150963, -2.4023764561469916], [0.17937107668732377, -0.19175429578346348, -1.3714604759506235, -0.9477337121497484, -0.24533605477839515, 1.0186224909380872, -1.4802836459544217, -2.9902947767964783, -2.61786648542432, -0.400718102529539, -2.8309921773546947, -1.290667883234841, -1.0984250269838296, 1.8055854384205139, 2.901166725988692, 2.677447966413901, 2.9417418953074383, 0.1426432516933298, 2.4905456787771145, 0.3486066568533648, 2.372228550024939, -2.3442201816005364, 1.4214517004462923, -1.025252395535574, 2.49733636549454, 0.0030987310539480895, 1.2305623349933557, -1.1597878816791067], [2.730029764663973, 1.7297344578453417, -2.0197759994797595, -2.9127525443311257, -0.27223416734724193, 0.542212600215823, 2.698320970014003, 1.358156724521109, 2.9798366389097017, 0.13858676942221937, -0.16679965600737123, 2.014883986610071, -0.13211807374896356, -1.3148099497089338, -2.7528507038674555, 1.7913218711169074, 1.1142687467560322, 2.4506519882408844, 2.7557567985023805, 2.07512593248872, 1.0650063104220084, -1.1295804646718217, 2.3074972684184107, -1.6450356659004504, 2.821360349453915, -2.4821599356347424, -1.602542713850344, 2.580438552799918]], [[2.1004159591054705, -2.0878181642458027, 2.5623613899945115, -0.9215695650866516, -1.0327582108498439, 2.4859162339282133, 2.7996687287679727, 0.33856331504942716, -1.3028636009646346, 1.0775343940199757, 2.661027306503687, 0.8763243892829786, 2.5429447927079236, 0.16555641484380867, 1.2083829808870536, 0.25675181217048637, -0.3887467561980049, -2.732072781401053, 0.6128329880950769, 2.4642879219904383, 2.9483379282349116, -2.8536392058483147, 1.4121538913589173, -2.3056532005054953, -1.0732633231426938, -2.5814883790891017, -1.3047156295165672, -0.9997384383801311], [2.1378771443899556, 2.333070097499137, 0.5468728732760741, 2.0538367363500427, 1.3761589713027673, 1.6405628615921959, 2.081286184792069, -1.6625050993965718, 2.745464111084603, 0.0450308145662488, 2.673619897090708, 1.9252408121933238, -0.3250541079778011, 1.2366399028641046, 0.6004906193050568, 0.738156257746029, -0.09355893500796819, -0.5077986543435058, -1.4009479200942696, -0.5842301848088471, 0.7287725495247681, -0.274352377228837, 0.31826618368082027, -1.9440791225153267, 2.767965096304998, 0.2036875503446276, 1.4513304301304961, 1.1498247268158064], [0.5793501276593531, -1.1466591334173557, 2.0961607556066317, -0.23646411115692256, -1.6843093032230056, 2.52764166822977, -0.8157928690351852, -2.877013727512519, 2.23929355452882, -1.1863724181392346, -2.7772999714416384, -1.7347771508573868, -1.9590163881618157, 1.3005236401359426, 2.785733028330876, 2.3378002206908644, -1.656010689042418, -0.510318984968773, -0.10218618219668496, 0.5692059493919457, 1.0250632935087491, 0.4722042897285128, -0.818082799398995, 2.4491310886842586, -0.9750613502273628, -2.607566092271787, -0.06614005922311872, 2.719734938476333], [1.8137248289888745, -2.6297122916908675, 0.28322020314452967, 2.8766147120701913, 0.515960578169651, -0.03712672267720052, 1.6006582843480155, 1.529411877503879, -2.7213278081379744, -2.331017267489095, 1.853826533620941, 0.7568326644596208, 2.454211462795806, 2.047778420270351, -2.3199305102381182, 1.925903018885812, -1.769354593704995, -0.9172609541519674, 2.116718940089049, 2.3514581304285063, -1.016049669905328, -0.031575541706308385, -1.143341827543502, -1.4354897828685282, -1.5157833350672079, -1.9441065709051943, 1.612230639822049, -1.121999608215309]], [[1.5722293974516983, -0.6055329417309334, 0.6329310646320305, -2.6404268039065206, -0.5039112837177626, 0.505590196626331, 0.6821443408983026, -1.1974891123423772, 0.8878295114356867, 2.365740525322245, 2.224867203296548, 1.458553368495667, 1.4086216313007132, -2.180790543721306, 0.04754264221163984, -2.5544228092879675, 1.663893048880098, 1.8462314100820727, 2.078478371745785, -1.2655372728743195, 2.848888604307162, -2.734445785464146, 1.784934422312606, -0.7006390318290112, -1.073424436718944, -2.4030769493639994, -1.092872572989353, 0.31991268060350375], [1.548423118297353, -1.9597467400194615, 0.6516062779710854, 2.6561110941450226, 1.1135063284205238, -1.6482776695421482, -1.5821293613102168, 2.822878505839787, 0.49527950412985833, -0.5681444797746242, -2.7456407992579814, 1.8139326061811696, -2.629387965338334, 1.1393377670750091, 2.470835596291762, 2.872769428430728, 1.0854880410564078, 1.5426147665473113, -2.7423226508967904, 0.46162073361891665, -2.2447187937668054, 2.0812053911317, -2.705086066536956, -0.2592663661124064, -0.28403159959597435, 1.2443895571666959, -1.3689003543890919, -0.2901696027957237], [0.1954716145083446, 2.7433548252572892, -1.8093507101355226, 1.1102165108352713, 0.8654202371555706, 0.317347645192505, -1.3636173439473886, -1.4471365857065948, 1.6565851000089662, -0.8742767576775341, 1.4619460982483723, -1.2787120746430858, -0.8481253449041741, 0.4246096394127292, -1.4856705982321419, -1.7104645595262171, -1.4563402550611653, 2.706818012201756, -2.670712296719608, 1.3248251188652418, 2.272858793699154, 2.155900739993519, -0.3453344024319911, 2.176734014296687, -0.287769560651681, 2.937431936854156, 1.6456527531930485, -0.6743195903644543], [-1.1374844044967845, -2.1761883062922243, 2.0091426923932003, -0.5892269778873693, 1.3669072276151528, -2.6819934666614547, -2.5328515617998093, -2.108515652605253, 2.060634142085485, -0.8360702009757928, -1.4438125584604764, 2.4484045024612673, -0.48659955528644705, 1.5125814075293773, -0.24039969308853149, -1.3410176420082731, 0.8966583937480768, 1.834121061798685, 0.48252907980621584, 0.008706755595435212, -2.683854383665669, -0.07046675786657897, -2.7009497556781206, 2.606666528383159, 0.1091029525015541, -2.6693847550719907, 1.9663442628707637, -0.3627015433247429]], [[1.3784677619318595, -2.4579590548515413, 2.60673923090482, 0.8139849374999732, -2.295875010233951, 1.2745417385278577, -1.8078679571848688, 0.7587585207851961, -2.668583557046321, 2.4178605071907633, -1.0434013360120546, 2.625203821321227, -2.45056795986416, 2.691482067451661, -2.8716874620289543, 1.6918221443903958, -1.689514589006171, -2.187156859110492, -2.9999958481577185, -2.000696937569278, -1.3886166182066697, 0.8461757146047266, -0.6206670146909254, 1.3472377555143549, -2.0639868888369706, -0.36627097834674105, -2.8747219742406296, 0.5456522972381181], [-2.680393416159675, -1.4825219330953385, -1.8704584000901283, 0.4286152303147972, 2.3039001355811157, -0.979116060946887, 2.700226002213255, 2.6981149911709377, 2.9228063354296143, -1.0194134930404506, -2.5383181774038306, 2.9109467115061785, 2.673327024736783, -1.8915560036523245, -0.9734251272321393, -2.5183747262824143, 1.4568137320233578, -0.5225669565379625, -0.7703509184070905, 2.316948062730803, -2.6393424877738423, -0.3414100132210862, 2.2512543842629835, 1.058581324934539, 2.10828384538617, 1.903374524738294, -0.5421724435734783, -2.3189576372739], [0.8173951500948835, -2.7833179033070268, 1.432449410509328, 0.0014870912984497053, 2.098652246354378, -1.1748529116326512, 1.957064119280318, 0.5733196440985431, 2.0056583399488783, -0.8125938981369574, -1.7799297695040697, 1.8866271076325196, 2.0400057495325203, 2.3807877310381897, -0.2250761089086728, 0.4211068045031343, 1.8789897093932648, -1.534657208645547, 1.2373629755422666, 2.7657147920742444, 2.795288500288473, 1.849369228440577, -2.539559536929292, 0.9095089723180609, 2.511850898613689, 2.593883818533393, -2.0468303801451144, -2.070394832090085], [-0.6457135076686962, -1.7545173138818302, 0.580229674568248, -0.5871784643189302, 0.026305849496277567, 1.5730327213697528, -1.758765419945816, 1.6203342503604388, 0.7833255783730317, 0.2909866643438992, -0.2209574833978163, -2.2127374133869795, -2.6639503289341455, 2.295933427792974, 1.875699258524369, -0.4578746622488392, 0.8356940059515718, 0.23041855025284974, -2.236020579292835, 0.03878310101426585, 2.6562851980236424, 0.7882364952090399, 2.733336309877979, 2.5796860798303918, 1.8856431009215502, -1.4759859503436936, -2.4597139714015253, 1.089317642341605]], [[1.363904843486333, 2.245103676955754, 2.7312012547669164, 1.648552570615169, 0.7167027235268488, -1.242723212651572, -2.11389768426595, -2.4821688632331904, 2.3905138941460553, 0.3447520606978314, 1.5145209953470369, -1.4527644063189746, -0.36421379246847163, -1.2924513000268594, 1.4479760865253493, -1.2246966235290442, 0.7504191642994655, 0.4191290756125641, -0.0803186504180946, -2.663697756781877, 0.6048918989488095, -2.1123213537178023, -1.4672308550108053, 0.8586578909345857, 1.7523703885032775, -0.13902926622463596, -1.007772492445981, 2.3457876664740756], [1.3361170970871052, 1.0323735219171493, 1.5625922662772567, 2.508585692274184, 2.0388784658429184, 2.6201352612012547, 0.16131984416506873, 1.513610466129455, -2.6803234355415033, -0.6315501892666955, -0.9827365048030625, 2.2710118046169274, 2.929777372113561, -2.1736023419349566, 0.6774360212076891, -0.91960007747599, 0.12756993162959773, 0.6906102871872846, 2.3194817492479407, -0.08449345951867038, -2.771718227849148, -0.3634571434486529, 0.534715966632505, -0.7339696690742361, 1.5736997676307345, 0.051797854405261745, -2.3963089649084295, 1.745805359143569], [1.5436196863447034, 2.848390039328107, 1.3038631398238598, -0.42262800249096166, 2.3087700150286175, 2.7063925678647527, 0.12072625872575049, -2.0951687960115772, 2.725116730365195, 1.5922392213013596, -2.1423234651107284, -0.2770123188900184, -0.49457835092051283, -1.919616841336352, 2.2909708851466073, -1.8642694153096555, 2.0073680551406197, 2.83819040041527, 1.8326209500218251, 0.7998951746621241, 2.5553632142759453, 2.1707731443068665, 0.5056157492873932, -0.9080020720926907, -0.44778564811024957, -0.04361335856608939, 0.36468045862478693, 2.359475029481713], [-1.6637236336013386, 1.082952019298875, 2.2529592915797245, -0.16914371306030063, 0.7633432461111438, 0.34321001243979055, 1.411457251344582, -1.6442414844524047, 0.36886805054346095, 2.5347778691791296, -0.7226435984487738, 0.45578055007522567, -0.31348738615442073, 1.5925744378597404, 0.49065767068929755, 1.0314011179535072, -2.791468783754582, 2.146921989708229, -1.568800404580183, 2.6527675848239207, -0.6948083648303314, -1.871287709123017, 1.352136091814569, -2.6067314214542687, 0.7268731754565296, -1.4472978722811887, -2.3793056753306487, -1.7148006312911903]], [[-0.3768764795257482, -1.9212605155188736, -1.6354725669454258, 1.9785142002641907, 0.12809398025939345, -2.083982701076568, -1.3865973949992727, 0.08747011232739288, 2.148708324024927, 2.3131273717801974, 1.808475760254435, -2.4975111294617696, 2.8283272162231556, -1.9749280169633383, 1.822302198792344, -0.8176690320369433, 2.391344902908573, -0.10605638298800413, -1.3648729773306627, 0.09058364954384901, 0.6329569785315989, 0.602426609359147, -1.4134079259573, 0.31825794408813834, -1.9639132053992283, 2.7799930692672827, 0.8851335633627708, 0.1593005330357764], [-1.151819976273922, 1.206083995837055, -2.5522617021779563, 1.475435843794103, 0.1878592325975843, 1.7478751780318662, -1.6967142187533424, -0.525967947734542, 2.068557488939577, -1.1410547609769692, 1.4704177931338425, 0.1513942632583234, 1.7827945606409799, 0.5828130205123174, 1.5491014403864334, -2.620857495846052, -2.7503343830469227, -1.0180319575969246, -2.851057625543452, 2.6621627626279505, 2.861421648349232, -2.2724071600190143, 1.6094230712449926, 2.4664001522726062, -1.1313399970826712, -2.026200079293079, 0.570471940485838, 1.402026496966501], [-0.22094676050674344, 2.251964603356078, 0.1758525905482493, 2.846744905361197, 1.1014672646491288, 1.2654023028871242, 2.3778503152351522, 2.0223259937951017, 0.45355943347808747, 0.5320821727109681, -2.3043066007707615, 1.233681734610128, -1.8310569660835625, -0.10863175990938068, -1.78912579927642, -2.105972666401366, -2.3412356970165664, 1.4326534747758366, -0.8724507153596939, -2.5834367786455674, -0.5673318681870034, 2.025902513599208, 0.48928761804185417, -0.9229700947097608, 2.6248353537988818, -0.9401465418203867, 1.641329975868845, -1.0618360482316733], [2.924876342285229, -2.9714868430358248, -2.1389240197927553, -0.38642681017848446, -2.3686489137169744, 2.6506075070695907, -2.8213980601825313, 0.42752586100866097, 1.4472610857791102, -2.223907106784466, -0.4700021334692588, 1.5902851548376056, -2.0306489999831356, 0.3976393665405906, 2.6800805255950646, -1.8875700735397474, 1.9337579687852422, 1.8572189408321629, 2.0888005545007333, -1.6875480358030732, 2.198262605763179, -2.0324197441800282, -0.7071984281876995, -0.015707463228661567, -0.16845818564503645, -2.9648426852910723, -1.201423224454106, -0.35977504335151167]]];
t = [[99999999.0, 11.169234902391452, 14.467066364147563, 5.054162391517629, 6.748434081006303, 7.161072866510861, 9.781706891756947, 9.282488164667232, 7.070827329697691, 11.302809226682864, 12.50586685527658, 14.239940418316356, 6.602396861281492, 14.62997091820614, 6.308381620979535, 5.536520494446233, 12.605689389111472, 5.5665324658501, 11.215460298633287, 8.404555839500302, 11.565198507785954, 14.081708522703453, 6.044212724919906, 9.00258076130224, 12.148409937468074, 11.43352009412155, 6.305438439454544, 6.3598330013521664, 6.1582008482761825, 6.943375922075483], [11.169234902391452, 99999999.0, 9.60310682064327, 8.025978456518239, 9.34569284232836, 8.085575799409877, 14.982191617396083, 10.100445337781476, 9.408628487964911, 5.832988020054587, 11.898819932140185, 11.482801278860123, 5.924125572813134, 5.951976810910205, 14.735846182953429, 5.64198149339993, 13.314346181027192, 13.62710770649356, 7.743500103564262, 13.770663647050899, 14.335566854894845, 14.538523321210024, 10.088140923039562, 7.541328602817843, 13.65334326228218, 14.198799244168164, 6.806768550060983, 14.534331445323643, 6.694335247006748, 7.898179347054771], [14.467066364147563, 9.60310682064327, 99999999.0, 12.477009186632516, 13.696580462369699, 12.916871729014755, 11.532063123802809, 6.470310867639069, 8.115746940113292, 8.02356422558898, 5.137090634708466, 9.885507001489032, 13.520599466687647, 5.480976022552739, 13.946223918264199, 7.134794551741512, 6.780906392823608, 5.895654516355489, 9.255995690213012, 12.159759287249763, 12.51716207352769, 8.951896009177451, 10.08975113466164, 10.160876492534152, 11.379962110241554, 11.459487062491824, 11.225262203241325, 5.641002602764161, 5.264519673662164, 9.377761927647665], [5.054162391517629, 8.025978456518239, 12.477009186632516, 99999999.0, 6.625551702226305, 6.361418812398475, 8.175627652946114, 13.133494405365488, 11.529047063679048, 8.369237325818641, 13.165199129279646, 8.716448315327632, 9.343713929732678, 6.467655645607327, 7.735241969366353, 10.74217845387839, 7.651635230710513, 13.047586055086423, 6.682467263124976, 11.259791691379496, 9.386722585872665, 9.835482426233636, 8.991717990156657, 10.820532657355384, 11.274505300650432, 6.0014856352769534, 14.65526780068198, 6.527351641180644, 5.016514804543732, 13.608342045871352], [6.748434081006303, 9.34569284232836, 13.696580462369699, 6.625551702226305, 99999999.0, 10.330747940771834, 7.5151016025181505, 13.803562789666648, 6.87012440527779, 11.388075881383113, 13.142486308967214, 5.54529693021215, 13.83452630176255, 11.630693748168884, 5.611325731051804, 8.242288269831946, 11.034073870287749, 6.269176454917727, 14.467490419916572, 13.544319832058264, 13.470708044101668, 9.794198083593185, 14.391872161530593, 14.035916739036622, 10.96680910360618, 11.494771789188178, 14.718915964610016, 7.450926462677094, 8.177040645218032, 5.51063702268787], [7.161072866510861, 8.085575799409877, 12.916871729014755, 6.361418812398475, 10.330747940771834, 99999999.0, 10.405102143752668, 8.650717530781913, 9.289017199300325, 12.98190017329609, 8.969309620181452, 10.224246575693012, 11.016010608992456, 11.886443341268999, 10.504803030981394, 12.670101469620192, 10.691528284913936, 6.584690340625386, 12.358846541678568, 11.674723914613502, 14.057344877117258, 5.48667399806755, 7.041625973208223, 12.40801949059922, 13.955815013851648, 8.13489793365417, 7.182827955575894, 12.54605090793759, 8.456324031611256, 14.492932862593143], [9.781706891756947, 14.982191617396083, 11.532063123802809, 8.175627652946114, 7.5151016025181505, 10.405102143752668, 99999999.0, 13.845042118788069, 9.418689462983576, 9.446426108478496, 14.447424282235378, 9.361339644176859, 9.476174270160158, 8.083311511203686, 12.884970012902585, 10.198128482148876, 6.837694728538159, 12.295021042263837, 7.445088769166142, 10.931039737169861, 8.017539844355877, 5.456124072482021, 8.696931757412184, 9.210349410269142, 6.072248906937117, 8.22542828170341, 6.877321065327491, 10.331913845179727, 9.581411426785362, 6.208776802071649], [9.282488164667232, 10.100445337781476, 6.470310867639069, 13.133494405365488, 13.803562789666648, 8.650717530781913, 13.845042118788069, 99999999.0, 6.3741821127502964, 12.317895402982737, 5.526830868806725, 11.517218518770044, 6.0579722846832755, 11.50024630265439, 7.873681853869458, 7.885418514109239, 6.661392443210083, 8.249469116826683, 7.1889431936251444, 7.299431945513617, 9.81824095740932, 12.541851882991674, 14.227997106750198, 9.09036115382125, 7.141744470074429, 14.482816399097763, 14.063198548541003, 13.372336903589947, 5.737026412331222, 7.5546696914344835], [7.070827329697691, 9.408628487964911, 8.115746940113292, 11.529047063679048, 6.87012440527779, 9.289017199300325, 9.418689462983576, 6.3741821127502964, 99999999.0, 7.849750304017743, 10.211692418218114, 9.163868186271017, 9.715288084284015, 13.985804490902158, 9.551627447821769, 9.659803806071858, 12.085845980107257, 10.469541969823343, 11.856263300154628, 7.65289499194767, 6.881215837689949, 5.605380150482978, 6.851765276459511, 7.78656321482574, 12.899835172374399, 11.639145039941841, 9.905960902747807, 7.355836322882393, 9.681056008385603, 12.277815365926788], [11.302809226682864, 5.832988020054587, 8.02356422558898, 8.369237325818641, 11.388075881383113, 12.98190017329609, 9.446426108478496, 12.317895402982737, 7.849750304017743, 99999999.0, 5.186230658021627, 14.208505868815642, 8.200695823195352, 7.223151944730732, 10.174108317275856, 8.785152078913312, 5.183656447961198, 6.0623656981103675, 9.278830520849457, 13.99749959621926, 6.060105534882921, 14.514154870777439, 9.612215070393988, 12.684281615611031, 7.723420839962135, 8.20123903313314, 5.305906625337809, 10.269496993009907, 10.43293277209618, 11.719498383747048], [12.50586685527658, 11.898819932140185, 5.137090634708466, 13.165199129279646, 13.142486308967214, 8.969309620181452, 14.447424282235378, 5.526830868806725, 10.211692418218114, 5.186230658021627, 99999999.0, 10.528581545960407, 9.071340185685427, 11.073061505047963, 7.868332677897474, 13.43323525295084, 10.769817520353913, 6.5217516029995455, 13.703294358369018, 11.31170032175529, 8.72799728719739, 9.941683216393056, 10.422296649322485, 5.806256867342718, 13.391281852090305, 6.718831868952119, 13.1104267874968, 13.225805882744178, 7.910755304601236, 10.063043480316765], [14.239940418316356, 11.482801278860123, 9.885507001489032, 8.716448315327632, 5.54529693021215, 10.224246575693012, 9.361339644176859, 11.517218518770044, 9.163868186271017, 14.208505868815642, 10.528581545960407, 99999999.0, 11.632036003133997, 10.56989257722839, 5.843915301693773, 13.280664038920753, 6.2780195786635105, 9.08279160805555, 7.000743425618394, 10.914270051592677, 11.002383500392426, 6.313386045105488, 11.473009301102474, 11.521524276246623, 12.392230081587261, 6.570767567770163, 13.275750950174285, 11.831941640453334, 14.479510846980615, 8.280939920706123], [6.602396861281492, 5.924125572813134, 13.520599466687647, 9.343713929732678, 13.83452630176255, 11.016010608992456, 9.476174270160158, 6.0579722846832755, 9.715288084284015, 8.200695823195352, 9.071340185685427, 11.632036003133997, 99999999.0, 8.522871277931685, 12.478513979633775, 10.139651025268765, 9.757436969608683, 6.732515328324478, 8.519250464458526, 11.228262790330804, 12.265631873587848, 9.37475580982852, 7.772287163293109, 13.129754057510386, 10.943171183144553, 9.403495735839787, 6.824275331375796, 6.998945702988997, 8.299093498369555, 14.542135290585973], [14.62997091820614, 5.951976810910205, 5.480976022552739, 6.467655645607327, 11.630693748168884, 11.886443341268999, 8.083311511203686, 11.50024630265439, 13.985804490902158, 7.223151944730732, 11.073061505047963, 10.56989257722839, 8.522871277931685, 99999999.0, 14.047128813532362, 6.838081255273929, 5.5973602227132, 6.16366843450411, 5.160388050747348, 8.105651246205769, 13.994987647058984, 6.9648401215225295, 9.565171675103837, 9.53440130943968, 8.661899629839555, 9.373473304306575, 7.987919203036751, 14.798089061725099, 6.97471516835257, 12.339467622968131], [6.308381620979535, 14.735846182953429, 13.946223918264199, 7.735241969366353, 5.611325731051804, 10.504803030981394, 12.884970012902585, 7.873681853869458, 9.551627447821769, 10.174108317275856, 7.868332677897474, 5.843915301693773, 12.478513979633775, 14.047128813532362, 99999999.0, 12.088966286151782, 14.566494284307735, 10.594015079396376, 5.782169844092867, 10.294805288858548, 11.674715678897746, 6.881180079461142, 14.779133268221024, 5.614684927091166, 11.286708538600173, 14.874645531084308, 11.781125411755806, 6.122185634739021, 8.76711052241183, 10.780833377309063], [5.536520494446233, 5.64198149339993, 7.134794551741512, 10.74217845387839, 8.242288269831946, 12.670101469620192, 10.198128482148876, 7.885418514109239, 9.659803806071858, 8.785152078913312, 13.43323525295084, 13.280664038920753, 10.139651025268765, 6.838081255273929, 12.088966286151782, 99999999.0, 10.61468646434805, 9.399052978644388, 11.04927608075441, 7.34008297244952, 10.228413960457022, 8.833438694806121, 7.931899894933623, 14.382100091173875, 12.297806010369992, 12.303358673081636, 6.122600237055745, 9.125379387008953, 13.705583804440401, 6.0823642284476875], [12.605689389111472, 13.314346181027192, 6.780906392823608, 7.651635230710513, 11.034073870287749, 10.691528284913936, 6.837694728538159, 6.661392443210083, 12.085845980107257, 5.183656447961198, 10.769817520353913, 6.2780195786635105, 9.757436969608683, 5.5973602227132, 14.566494284307735, 10.61468646434805, 99999999.0, 8.796874445004834, 13.02195161983186, 5.872846668155979, 8.833152341454234, 12.964917500968088, 7.5393558737286615, 12.442333994683104, 12.497609538464934, 6.16456522028987, 11.556190529976615, 7.8590633064382445, 7.575816991136093, 11.939895032527131], [5.5665324658501, 13.62710770649356, 5.895654516355489, 13.047586055086423, 6.269176454917727, 6.584690340625386, 12.295021042263837, 8.249469116826683, 10.469541969823343, 6.0623656981103675, 6.5217516029995455, 9.08279160805555, 6.732515328324478, 6.16366843450411, 10.594015079396376, 9.399052978644388, 8.796874445004834, 99999999.0, 14.235863423649747, 10.598577375459268, 12.068697344776904, 12.71695897959733, 11.083898249933096, 5.193504175270477, 7.285000267351016, 8.175927384197522, 8.125171045350694, 10.916689611714371, 6.174412033597951, 11.78184315071301], [11.215460298633287, 7.743500103564262, 9.255995690213012, 6.682467263124976, 14.467490419916572, 12.358846541678568, 7.445088769166142, 7.1889431936251444, 11.856263300154628, 9.278830520849457, 13.703294358369018, 7.000743425618394, 8.519250464458526, 5.160388050747348, 5.782169844092867, 11.04927608075441, 13.02195161983186, 14.235863423649747, 99999999.0, 8.580491012849075, 10.093715059202307, 11.363229168738034, 11.007182957218458, 8.043037157280157, 5.382079090976245, 8.702871018306592, 6.7023595787725165, 8.155487977938154, 14.048991537328174, 7.841809153394527], [8.404555839500302, 13.770663647050899, 12.159759287249763, 11.259791691379496, 13.544319832058264, 11.674723914613502, 10.931039737169861, 7.299431945513617, 7.65289499194767, 13.99749959621926, 11.31170032175529, 10.914270051592677, 11.228262790330804, 8.105651246205769, 10.294805288858548, 7.34008297244952, 5.872846668155979, 10.598577375459268, 8.580491012849075, 99999999.0, 13.367693481937557, 13.478116300054335, 11.592228892490528, 6.053470500713786, 5.352106151570487, 5.532505143742706, 13.988778146844393, 14.70450266439873, 7.564393941143802, 10.738237580088708], [11.565198507785954, 14.335566854894845, 12.51716207352769, 9.386722585872665, 13.470708044101668, 14.057344877117258, 8.017539844355877, 9.81824095740932, 6.881215837689949, 6.060105534882921, 8.72799728719739, 11.002383500392426, 12.265631873587848, 13.994987647058984, 11.674715678897746, 10.228413960457022, 8.833152341454234, 12.068697344776904, 10.093715059202307, 13.367693481937557, 99999999.0, 7.694783343765648, 14.833773609182185, 5.885121577108344, 6.763873199184987, 6.185611544184003, 7.343490087626282, 10.636350050279109, 5.135277361526942, 13.429967424022664], [14.081708522703453, 14.538523321210024, 8.951896009177451, 9.835482426233636, 9.794198083593185, 5.48667399806755, 5.456124072482021, 12.541851882991674, 5.605380150482978, 14.514154870777439, 9.941683216393056, 6.313386045105488, 9.37475580982852, 6.9648401215225295, 6.881180079461142, 8.833438694806121, 12.964917500968088, 12.71695897959733, 11.363229168738034, 13.478116300054335, 7.694783343765648, 99999999.0, 6.6607508586409985, 9.45058412729222, 14.415341018660424, 6.808359626426045, 7.887049952508248, 13.04409971919881, 7.306752034807982, 12.729953379665965], [6.044212724919906, 10.088140923039562, 10.08975113466164, 8.991717990156657, 14.391872161530593, 7.041625973208223, 8.696931757412184, 14.227997106750198, 6.851765276459511, 9.612215070393988, 10.422296649322485, 11.473009301102474, 7.772287163293109, 9.565171675103837, 14.779133268221024, 7.931899894933623, 7.5393558737286615, 11.083898249933096, 11.007182957218458, 11.592228892490528, 14.833773609182185, 6.6607508586409985, 99999999.0, 14.147607915974797, 7.673170807273215, 5.525061358528859, 11.213346384854932, 10.695912918131945, 8.460410725149455, 12.670956781942905], [9.00258076130224, 7.541328602817843, 10.160876492534152, 10.820532657355384, 14.035916739036622, 12.40801949059922, 9.210349410269142, 9.09036115382125, 7.78656321482574, 12.684281615611031, 5.806256867342718, 11.521524276246623, 13.129754057510386, 9.53440130943968, 5.614684927091166, 14.382100091173875, 12.442333994683104, 5.193504175270477, 8.043037157280157, 6.053470500713786, 5.885121577108344, 9.45058412729222, 14.147607915974797, 99999999.0, 7.950494962037254, 11.571306420490776, 8.894670531645913, 10.336006992529825, 14.918276956398245, 11.902410715950182], [12.148409937468074, 13.65334326228218, 11.379962110241554, 11.274505300650432, 10.96680910360618, 13.955815013851648, 6.072248906937117, 7.141744470074429, 12.899835172374399, 7.723420839962135, 13.391281852090305, 12.392230081587261, 10.943171183144553, 8.661899629839555, 11.286708538600173, 12.297806010369992, 12.497609538464934, 7.285000267351016, 5.382079090976245, 5.352106151570487, 6.763873199184987, 14.415341018660424, 7.673170807273215, 7.950494962037254, 99999999.0, 11.964175711913416, 8.456461616508863, 13.155265343727397, 5.960434719150869, 12.08817549283365], [11.43352009412155, 14.198799244168164, 11.459487062491824, 6.0014856352769534, 11.494771789188178, 8.13489793365417, 8.22542828170341, 14.482816399097763, 11.639145039941841, 8.20123903313314, 6.718831868952119, 6.570767567770163, 9.403495735839787, 9.373473304306575, 14.874645531084308, 12.303358673081636, 6.16456522028987, 8.175927384197522, 8.702871018306592, 5.532505143742706, 6.185611544184003, 6.808359626426045, 5.525061358528859, 11.571306420490776, 11.964175711913416, 99999999.0, 12.007851330508862, 11.777757843628152, 7.244841742956826, 13.514459541288247], [6.305438439454544, 6.806768550060983, 11.225262203241325, 14.65526780068198, 14.718915964610016, 7.182827955575894, 6.877321065327491, 14.063198548541003, 9.905960902747807, 5.305906625337809, 13.1104267874968, 13.275750950174285, 6.824275331375796, 7.987919203036751, 11.781125411755806, 6.122600237055745, 11.556190529976615, 8.125171045350694, 6.7023595787725165, 13.988778146844393, 7.343490087626282, 7.887049952508248, 11.213346384854932, 8.894670531645913, 8.456461616508863, 12.007851330508862, 99999999.0, 10.892564978307282, 7.116860232250951, 12.435036616860947], [6.3598330013521664, 14.534331445323643, 5.641002602764161, 6.527351641180644, 7.450926462677094, 12.54605090793759, 10.331913845179727, 13.372336903589947, 7.355836322882393, 10.269496993009907, 13.225805882744178, 11.831941640453334, 6.998945702988997, 14.798089061725099, 6.122185634739021, 9.125379387008953, 7.8590633064382445, 10.916689611714371, 8.155487977938154, 14.70450266439873, 10.636350050279109, 13.04409971919881, 10.695912918131945, 10.336006992529825, 13.155265343727397, 11.777757843628152, 10.892564978307282, 99999999.0, 10.312695891350135, 5.670500484564296], [6.1582008482761825, 6.694335247006748, 5.264519673662164, 5.016514804543732, 8.177040645218032, 8.456324031611256, 9.581411426785362, 5.737026412331222, 9.681056008385603, 10.43293277209618, 7.910755304601236, 14.479510846980615, 8.299093498369555, 6.97471516835257, 8.76711052241183, 13.705583804440401, 7.575816991136093, 6.174412033597951, 14.048991537328174, 7.564393941143802, 5.135277361526942, 7.306752034807982, 8.460410725149455, 14.918276956398245, 5.960434719150869, 7.244841742956826, 7.116860232250951, 10.312695891350135, 99999999.0, 10.047048601436453], [6.943375922075483, 7.898179347054771, 9.377761927647665, 13.608342045871352, 5.51063702268787, 14.492932862593143, 6.208776802071649, 7.5546696914344835, 12.277815365926788, 11.719498383747048, 10.063043480316765, 8.280939920706123, 14.542135290585973, 12.339467622968131, 10.780833377309063, 6.0823642284476875, 11.939895032527131, 11.78184315071301, 7.841809153394527, 10.738237580088708, 13.429967424022664, 12.729953379665965, 12.670956781942905, 11.902410715950182, 12.08817549283365, 13.514459541288247, 12.435036616860947, 5.670500484564296, 10.047048601436453, 99999999.0]];
