M = 99999999.0;
numWorkers = 25;
numRoles = 4;
numNodes = 30;
wStart = [0, 7.472665022556239, 326.6300502340279, 33.53033182738598, 317.49896982970074, 112.62286439702403, 209.6986613520067, 81.02046785480225, 0.5925387006333739, 64.56632711560854, 214.4778835386811, 263.5155650768706, 297.86380249408603, 69.59536272592422, 219.58509129287185, 217.62119950467223, 71.89065291560614, 240.38026638052608, 145.1081109455984, 270.1854529200275, 404.69804343775434, 205.00903459503687, 245.43648505713102, 232.68038156568045, 296.31839929848206, 121.51010915985599, 52.189599526386296, 121.3030656882618, 182.53519114130617, 0];
wEnd = [0, 32.50938803867089, 351.65659482215017, 60.490760337786256, 347.2508279044547, 139.79380913441247, 245.24132271429335, 115.27335873891019, 39.340753059822426, 102.18864065624875, 242.42742902183048, 301.6850329412397, 335.21915208021215, 104.20290285667944, 253.63286735355882, 251.4954890464168, 103.41736832228689, 271.69948397381955, 173.62585257154836, 296.72217220373483, 438.6265878563074, 233.42896950712782, 279.2960417077229, 259.6918367041813, 323.4669920708792, 156.66756953586503, 81.42580621019306, 151.22582975498614, 214.3808775471146, 450];
p = [0, 9.582293407920385, 9.76824498733513, 7.58999141852615, 12.148470111989763, 14.921099801111493, 13.51464748228559, 22.014497490987573, 12.309280706998987, 22.845323156598738, 13.176287205652269, 15.073527519067602, 9.633477400079167, 11.89547261076481, 11.426529652717807, 9.455588281025387, 18.591566841911384, 12.072376429278822, 15.83421231574034, 6.824645606741649, 20.71933355866825, 9.486815268691947, 8.914943874603082, 13.715920333359552, 10.838964190792106, 12.764966797486869, 14.47585980638795, 14.101383109104127, 18.85632339144628, 0];
e = [[0, 0, 1, 1], [0, 1, 1, 0], [0, 1, 0, 1], [1, 1, 0, 0], [0, 1, 0, 1], [0, 1, 0, 1], [0, 1, 0, 1], [1, 1, 0, 0], [1, 1, 0, 0], [0, 0, 1, 1], [1, 0, 0, 1], [1, 0, 0, 1], [1, 0, 1, 0], [1, 0, 1, 0], [0, 0, 1, 1], [0, 1, 0, 0], [0, 0, 0, 1], [0, 1, 0, 0], [1, 0, 0, 0], [0, 0, 1, 0], [0, 0, 1, 0], [1, 0, 0, 0], [1, 0, 0, 0], [0, 0, 1, 0], [0, 0, 1, 0]];
d = [[0, 1, 3, 1, 3, 1, 1, 1, 1, 3, 2, 0, 3, 3, 1, 0, 2, 3, 2, 3, 3, 1, 1, 3, 3, 1, 1, 3], [0, 0, 3, 2, 1, 0, 1, 0, 1, 2, 1, 2, 1, 3, 0, 1, 4, 2, 0, 2, 2, 0, 2, 0, 1, 2, 1, 3], [2, 3, 0, 0, 0, 1, 6, 4, 2, 0, 1, 0, 1, 0, 1, 4, 1, 1, 3, 0, 2, 2, 3, 1, 0, 1, 0, 1], [1, 1, 0, 0, 1, 3, 0, 3, 0, 2, 2, 1, 0, 1, 4, 3, 0, 1, 2, 3, 0, 2, 1, 0, 2, 0, 1, 1]];
r = [173.7776213954998, 103.8717608307029, 173.20765531584152, 156.5449921120984, 109.89155512354984, 61.69619960433448, 191.98608492764126, 181.755027531244, 158.42389723318877, 190.94031068905005, 100.96592038316072, 109.4343397655665, 95.44727439972112, 180.34142824192884, 73.50568920186555, 153.95232105169472, 82.00332858307661, 145.82250273290356, 103.57528827248186, 119.59416444862644, 55.67289586377731, 126.95537685846746, 116.65923791928529, 150.08560393171524, 126.6647374781236, 111.04800552393765, 118.81274922513832, 60.29000061646803];
b = [[[-1.7056603748959394, -2.328851205872759, 1.4181689591477546, 2.0009326348809644, -0.0922125869697652, -1.8276160364110436, -0.581194422623355, -1.6200138254279286, -0.06021492640137982, -2.741369493101854, -1.5618329754113753, 0.5642913381835983, -2.446050191181701, -0.9149117795947661, -1.6510329656905207, 0.5009671016270367, -1.2491973504780225, 2.7796768469992195, 1.2664263299049505, 2.0783380506593305, -1.8763040447383947, 0.9786741721955252, 1.7087973119713098, -2.908962902658928, -2.967968695486498, 0.29991545654394614, 2.153272696850287, 1.2600641667752788], [-2.453385153579588, 2.7313493696637936, -0.5541252618785277, 1.5929544175741501, 1.3985984032260736, -2.3127481751559174, -2.2537743294324004, -2.897719005005105, -0.7142181447104314, 1.634792216897198, -0.41675194948022565, -1.2248134127218941, -2.546399015308273, -2.9048165504583356, -2.9264580902294384, 1.5389215026222054, -2.865661015719719, 0.3084824636383332, 0.6338235425185701, 2.0517999385903822, 1.4380593856400106, 2.0989228705323475, -2.5873567515056433, -2.2652215232607276, 1.8107887149650113, 2.377927949516428, -2.156699602595279, -1.6684018057854573], [0.37779902905506546, 1.1411478183618309, 0.05907793700765174, -1.8426169968694361, 1.4811464891042228, -1.5633598821483596, 0.368656621601513, -0.28136430186470296, -2.800085598326918, -2.9381108184742715, -1.975876090520831, 2.0627224787937832, 0.854467597710054, -1.951877429022571, -2.41162999476999, -2.568226685592333, -2.0639551527845206, 0.10421004726637673, -1.0063498864314602, -2.44443761488727, -0.8125862820708587, 2.8794386465914608, -0.6278459714153124, 2.2181768331107437, 0.5773423240195581, 0.023704881838521707, -2.5787210339278386, -1.039128826347641], [1.8721921889910202, 0.7720651600458863, 1.2876541664301975, 0.34011272481174615, 0.5321372525462209, -1.095114460896485, -1.9682718598988198, 2.4457702149110743, -1.8350682788912533, 2.6795696285355444, 2.2261493170140882, 1.6595739899178596, 1.0190895305871965, -1.557351207342608, -0.13954858647479096, 1.2387749011601077, -1.4695129615745477, 2.764957804005265, 0.3721924098839646, 0.9982031423607909, 2.465390092043105, 2.9375998247187427, 1.1122328122263818, 2.1046084463057895, 1.0876154010460244, -1.9771896821261754, -2.9300134104077187, -1.9627831103732698]], [[-0.5945049792886055, -2.4379023668163358, -2.988425963368665, -2.256740537461164, -0.1684862690969755, 1.341438014676327, 0.6370033572640335, 2.8705355888191724, -0.3167906117619941, 2.6670185477411774, 2.8247704092063888, 0.36688845385690394, -1.5317089156410393, 1.3303335025094922, 0.6547742521563951, -0.31371487035193457, 1.418074981197659, -0.38971718426631696, 1.975775457054672, 0.4397437464971734, -1.0933327402110198, 2.7627461763424837, 2.9001915225549695, 2.136026406989912, 1.2321573554541239, 1.1821119229247747, -1.5212485577118298, -0.6243666718932208], [0.15348970551644303, -1.7993985816913518, 0.8112748992350305, 2.0736122720526966, 0.9472280265050701, 1.1679331278790501, -2.0245082181725094, 0.924109790418866, -2.7138302386250555, 0.7989742842132097, -0.07443900113984458, -1.6145186516159544, -0.9169403783691306, 1.2152272955256613, 1.226607425170994, -2.0457434832264916, -2.331088064292575, -1.2195887786971953, -2.616901816364919, 0.9386637817984571, -0.7703098802321637, 1.0722027487253767, 1.3369790476742978, 2.1747269052346807, -2.3444994569285758, 0.741633592666374, 1.9803686472871949, 0.4182665689367999], [0.029508295284803587, 1.28026071205338, -2.6231597536412776, 1.827754629461718, 0.25648165563659564, 0.7376010154228259, -0.12820475238986795, -0.7970422231407825, 2.0526977942073987, 0.44011952278947497, -2.9615286814345603, -2.0861399481017795, 0.4595595825543288, 0.3949301279157016, 1.0150230308978454, -0.1369605531488447, 2.334976696861718, 0.42322443365473683, 1.699052590605966, -2.209392243365878, 0.8900042251554448, 2.225780222964934, 0.4441005145825798, -1.2704796487614896, -0.9225425929294531, 0.7855145749514669, -1.6921359661542996, 1.5980860091795055], [-1.9430543672596368, 0.25415503875585266, 1.7101149221298204, 0.043724387108735385, 2.9343687171287955, 1.4860732744636556, 0.1860778925553639, 1.047453464977389, -0.5572951486847515, 2.0875467958838314, 2.1669712045383687, 1.8004103427365292, -2.08921441852782, 2.6374852677388905, 2.8049473274347676, -0.14472002193329736, -1.0790581458985684, 0.9849181746247329, 1.8215361839135698, 1.8510374384023986, -0.09482858617965384, -0.9740607737320204, -2.3845782159508744, -1.2072395331040533, 2.4604674168978757, 2.8064433369951782, -0.2769612513632995, 2.957898337904841]], [[0.694081813964067, 0.5970968387861322, -0.020248988382066457, -1.667010359068041, -1.7991348628288828, -0.43156689235499, -1.1403458374955122, -1.616734193592526, 2.556166863542006, 1.6624907790189418, 0.12602898516865757, 0.27398679566778883, 0.06211909032354912, 1.5330188290150657, -1.496924197358683, 0.15603829387745538, -0.457326840569257, -0.7811776178147944, -0.4859706229800018, -0.28010675186156053, -0.7643036507662462, -0.8477862732727144, -2.255800391581441, -1.3605747032896975, -0.8339117132042992, -0.05822495823683882, 2.3248399155642545, -0.9623343966325919], [-0.6072227464886399, -0.87726104272389, 2.913217367438648, -0.32076804882293075, 2.9058077766200645, 2.767262925833787, 0.930426660165744, -0.7427565539921615, -0.22795148440759272, -2.8882100775987842, -1.8098599027205038, 0.9649120457318143, -1.0951888210996505, -2.562409308249915, 0.429585516925167, 2.3137617925816345, 1.6140911027220106, 1.9851883340424443, -1.202168413511859, 1.3091518265379687, -2.7416190509949967, -1.1531402816303482, -1.136693605360223, 2.69073121236465, 2.2723712736786013, 0.32844439433389727, -1.741471817544091, 0.9878354803581004], [0.5674650207118557, -2.44368283928066, 2.1641907133173808, -2.187964726046121, 2.775561669018436, -0.023860766286220247, -0.5579445429911818, 1.4194209984386328, -1.8938258379953326, -2.7043030299192, 1.2812085739799404, -0.20461363072462513, 0.4492805862599054, 1.5671482165630977, 1.025369176517044, 0.859440336804222, -0.36313944123996933, 1.4852041339031903, -2.807613479593704, 1.0205514919612835, -1.562042564886017, -0.31129223101039605, 2.606287915128253, 0.5992248861160072, 1.0198244358213095, 1.4766070767607316, 2.81603751968019, -1.5949956698650096], [-1.3102684694119564, 2.0514425056712913, 1.8375052993216219, -2.22618082692383, 1.105450501439318, 1.9996860077429286, -1.3904271565433035, -0.18395493881434177, 0.18436484546379983, 0.24514248839113506, 2.91918117139248, -2.7797611093122256, -2.1333434267531546, 2.57700444222921, 1.8121330470619332, -2.493153980946979, 0.9346966036014637, -0.4027376868203101, -1.9794612565223544, 1.4618507955020963, -2.9833171589343417, 2.4957346290305784, 1.1832702018241834, 1.2660999295082132, 0.7214601412786239, -2.488034085506695, 0.9990005232885544, 2.1716658512348053]], [[-0.49382778990711174, 2.343622258161754, 2.264876345667658, -1.0911133178683832, -0.8807427645475512, 2.514282049323711, -2.49486492678524, 2.6415009634115663, -2.5575700209999646, 2.114897304182165, 0.5530435912853688, -0.9339832547843763, 2.5020922202867375, 2.8459690401137214, 1.0585235728352727, 0.05563026864170073, -1.1337762585632052, -1.9470276989132438, 1.1182575405946995, 0.19536126182787505, 1.89322504465928, 2.887967654531371, -0.8855470408894623, -1.8308958231603794, -0.8458941381740681, -1.8259618502066057, 1.4998181520403566, -1.2702413169042692], [-1.1454851721782193, 2.5084182942680435, -1.2624377915758689, -2.1153729975309057, 1.4695401779602024, 1.5806489192265643, 0.46392929102472547, -2.18466042565809, 1.562978548155554, 0.3727002917972473, 2.634498130023556, -1.4467538296696616, 2.6944984521959006, 1.1835291047432088, 1.308669004819862, 2.7302722262870844, -2.5643077836682493, 2.519160266546873, 2.449285891409155, 0.13642032749538213, 0.7578717548183018, 1.8006578423899526, -2.2095374165269632, -0.7640914203279543, 1.6602168396952752, -2.6028029935294192, 0.4427209709984723, 2.8297320060467026], [1.9638753073485562, -2.2240626487422803, 1.3566789501425571, 0.7479293315631779, -2.652383677836668, -2.802792336045716, 2.0331285658626026, -0.8266705640329874, -0.07434067119347088, -1.7420869571034425, 2.118127944946563, -1.159861897731276, -0.4587604348830161, -0.6429184439180204, -0.3049622453510299, -0.4720663199280297, 1.0458812420883685, -2.112440376511037, 0.903556818785844, 0.34517816872061946, 2.4145890685022158, -0.32184102488818933, -0.6738446341505089, 2.4334912324562685, -2.8174272284408364, 1.2231134034700242, -0.8432311300747513, -2.1180959418918017], [2.1660813680150186, -1.1647572342231725, 1.5314921656582996, 1.926521866810175, 0.9288006640028796, -1.194277180241752, -1.9067531631370784, -0.7711336774725019, 1.1425866768607236, -2.232912595426906, 1.226954086181025, -0.6729347012653735, 2.5752749502688985, -2.0622758573378492, -1.3388250412709852, 0.36419644213080904, -1.8291989229819936, 2.9043104399988033, 2.8564484681767803, -0.5141092139610981, 0.6938145312820638, 2.688763844231003, -1.4515129002927294, -0.6789543114895742, 2.4208658573388533, -1.7993135620803038, 0.55033014768218, 2.9541619325716724]], [[-2.1137164433526614, -1.3857845437713636, -2.46841876107478, -0.26436031687592365, 2.5560120710745373, 2.5246084431417906, 0.5622606027985642, -1.947746067102851, 1.2536697045350982, 2.332855145409713, 0.18682152053876333, -0.827803790188419, -0.7028464284977121, 0.3229620007672276, -2.632543963317562, 1.0876786508101066, 0.3934378669554812, 2.641393298425567, -0.8302483664122131, -0.28592402830871944, -1.11039917737613, 1.1829365049656557, 2.0262181356665927, 2.621457442863888, -0.6363479678147801, -2.8805502281061535, -0.36890363710078766, -1.949955207396251], [0.05584482285155801, -2.1980297521439187, -1.3000968038086151, -0.9837301450340954, -1.2283806343245074, 2.6703081986556594, -1.8724673363779998, 1.232857003047835, 1.988658705890325, -0.514697075250985, -0.5427787397714319, -0.6754634607797279, -0.4805254682772002, -2.4614341453018787, -0.246028731679639, -2.3026189002878086, 0.7850114555503684, 1.0950764347445139, -0.7730384685043261, 1.3256794475847826, 0.8495656677002374, 1.1166860250229984, -0.6327271004551882, 2.964144496510098, -0.5355619345496918, -0.8992006273923816, 2.726645100073255, 0.5158522089623476], [2.07485392221895, 2.7851164642014004, -1.5123514297111698, -0.6018090113568135, -1.016767972914299, 0.34069842273344886, -2.5380457406330423, 1.4064453228561282, 2.1359057569509945, -0.020417448249617554, 0.6391012108435103, 2.427243445439437, 2.0702778090263125, -2.949692748351819, 2.333885497615986, -0.8669745361500145, 2.027223479686927, -2.4263247425428034, -0.2608386460170742, -1.787185736335784, 0.20060272559129189, -0.20534076184069683, 2.50882153257479, 2.5946273414677563, 0.5851658822087273, -2.258196955160309, 2.869324258574574, 0.3122847159322113], [-1.6603888810181624, 0.896650936342696, 0.5468558095883003, -2.5227045510071897, 0.4558853168468646, -1.5728738194668945, -1.4824554235169398, -2.47688678942066, -0.44229845717100336, -0.909042360582339, 0.31276365117739857, 1.0132611169953734, 0.31539237952407184, -0.9360022743842924, 1.0888846645540244, -2.998535585105355, 1.342148685001633, 0.19844275274157708, -0.19471194526232338, -2.8830109047275165, -2.043067040641148, 1.3265921836316288, -1.7810348279823944, 1.849529762694356, -2.9776664143600424, -2.033404778421112, 2.1302564042570458, -0.02927850594764747]], [[2.7656063498885066, -2.3314412346903692, 0.631665955975782, 0.13752259334158312, -0.5017814647070815, 0.6608043385121727, -0.9066368182062794, 1.6174231970587254, 2.51180137844068, -2.0590803702108484, 1.5044033709612323, 2.7574727266447177, 2.5960862663351856, 0.20647419868527583, 0.18862977130829073, -0.6980681185578255, -1.9517007869484253, 1.4199633240505882, -1.54466040729493, -0.8540626036570407, -1.9566834163337121, 2.105022401376239, -0.040084075238783434, -2.1870834264350902, 0.5525777091527608, -1.304248390956678, -1.2293904208989481, -2.1213731868752452], [-0.04602066794002768, 2.401694394798425, -1.1285199870053337, 2.2067560678355154, -1.6435804951507371, 1.6462667390562995, 1.2204023554220278, -1.7700130423034388, 0.628822891919925, -0.7047191507998098, 0.7339665892199765, -0.5439523884167254, -0.38470180597982573, -2.3065068075547615, 1.162969758097236, -2.2709350904870798, 2.6965989516630717, -0.8520733990326494, 2.7280958499598373, 1.6694624769010566, 2.21229100838464, -0.397404806132287, -0.8780637003091822, -2.144843329740963, 1.7339773515723884, -0.6110094134138384, 0.9205261144208725, -0.45342823905650675], [0.9445132930689035, 2.3916987522761763, 0.7277273779181104, -2.975682313364141, -1.795045564903663, -1.1218367865651224, 1.5988080644094689, 1.2212889406617942, 1.5261246226082497, 2.1256610352665515, -1.9668578419433222, 1.2098047987342886, 1.9212438120378863, -0.04057481642244376, 2.8941678643009325, 0.08804632058174544, 2.7202890343145034, -2.477416454852133, 2.4686305437447498, 1.1788674977005087, 2.0563539140316784, 1.7119391995844708, 2.320905467040591, 1.5353719457796098, 2.177376739520893, -2.618601612752295, 1.2614399811251618, 1.4340583690984792], [-0.1455543063649536, -0.6475883302437233, -1.0183901604181738, -2.1980711278138885, 2.6411257974171365, 0.5239491079368221, -0.7080331290836952, 1.210392465839079, -0.743595335501015, -1.157849345127196, -2.6748750127733043, -1.9826990752363445, -2.313119021632116, -0.7180393775439518, 2.099317190631284, -0.629190804854034, 1.8835202969671325, -0.6686672693033717, 0.0610954787708895, 0.683885150497888, 2.2909162508540595, -0.26186618677682505, -1.9897984797592327, 2.5917460678649995, -1.2325235824452314, 0.6006079655107022, 1.614530630959229, -2.07216349941041]], [[0.5840128849337223, -2.877640664048136, -2.842482890211037, -2.9890431144773735, -2.8554748268972237, 1.4862625545925363, -1.9162194936760388, -0.9669633803754785, 2.3315882645566557, -1.7325601940248343, 0.3104719456658156, -1.5687454092795983, -2.787920347386314, -2.7178012427457876, 1.6678072013239316, -0.39064378375580455, 1.0694690859766514, -1.6182382049897455, -2.406969382537538, -2.4846015321138255, -1.9667205460121235, -1.24241161685216, 2.639993069928903, -1.0164041054581028, 0.941536548849244, 2.1311725463822295, -1.7399664454671133, 1.2126043432121794], [1.207515542618692, 1.909788216925615, 1.8616701204989852, -2.0082746471848534, -0.25863197837722973, 1.5935695264654202, -1.6096615999906296, 0.2780834298888575, 2.0153693546478753, 1.9172891685887725, 2.599885408497986, -0.665348595149065, 2.8029643428475186, 1.3929778230630498, -1.564340354836877, -1.3830296618695568, -2.586889118764022, -2.5455404601016367, -1.690548091802356, -1.5038361112716172, -2.009334080424111, -2.958802868967744, -2.557115859291555, -1.8636922315101685, -1.9640166624274127, 2.445283929783436, 1.1225519773947337, -1.6274184932639602], [2.913794638827559, -0.7024845976949683, -1.9692345028197316, -0.8233340488448162, -2.1782728751922074, 1.6388331799005895, 1.6794237113701689, 2.399966536544099, 1.9892114462062933, -1.2977076450908374, 2.635844069839063, 0.44328701053641506, -0.6149396254052379, -2.8836202144282232, 2.2527785637925044, 2.089925385621523, -2.4650532870597788, 1.6239279098784367, -0.3519942170816823, 0.4834067244926281, 1.6049952487407513, -2.6562551727408463, 2.7932541608609025, 1.7284704696813442, 2.920542992072491, -0.042754236834610104, -1.298346171931547, 0.3033738765120977], [1.5069237593573472, 0.8702366470625424, -1.4634422572490307, -0.2483669756534148, 2.7062047616701346, -0.6139252779430882, -0.9659918796440223, -1.7464899266965488, 0.9348250032123833, -2.940681024513289, -2.633413459129984, -1.6956712863232362, -0.18411395378984086, -2.7881974828312672, 0.6077715642288499, -1.4845102145848044, 2.738098068477292, -2.1333537092302115, -2.802363438034472, 1.984929857431954, -2.3873690907764082, 2.1610271414666054, 0.2388499945328233, 0.7457102078280995, -0.7773597243667045, -0.7113767336688532, 0.4191280457858322, 2.3465223934634913]], [[2.2423903935246816, -2.5220101878116643, 2.8596713143033448, 2.741957590746382, -0.8578439082124083, -2.2889116432300467, 1.1027655047273406, -2.712969868199068, -2.593899059455655, -0.049932921452525925, -0.3273458506207172, 0.22108029001908358, 0.40998284488562753, 2.5862502762402206, -1.707287651275028, -2.65997907622827, -1.7288486694502954, -2.286992202348661, -2.879394685214918, -2.262336636007266, -0.791674934640147, -0.8755993400840003, -0.6296955742975454, -0.23091481383340717, -1.9842559935413515, 0.29435195614662524, -1.085283047333731, -1.018117112727281], [-0.34746604580018303, -1.6697269655872597, -1.8383553839897684, 0.1343519966504898, -1.792242615788719, 1.8491107093810433, -0.7645275428076883, -1.1394119083692824, 1.6285038023502256, 2.2581985808345095, 1.6229994703719894, -2.6358636201217394, -2.496214501100611, -1.940034847143752, 1.148536325662029, 0.6245986097675571, 2.1549792979842053, 1.250902992028185, -1.5855050185158455, 2.6831442690508425, -2.4176267835379437, -2.264160523799392, -2.683678608266044, -2.6801950395588516, 1.9192061098626096, 2.5841056847651096, 0.9464445383822966, -1.4603020798261124], [-2.8698099387137255, -2.878585583729724, -0.9497500776001928, 2.1405408186335064, 0.0464039265241718, 1.5532174974897224, 1.9012459876959902, 1.5822320858241135, 1.2224137277518157, -0.41678026793356615, 0.7350364079160245, -2.810111747344905, 0.7155297340442157, -2.6584251321187047, 2.3976684617459254, 1.8720066808194424, 1.0987814119529693, 0.024045403486709915, -2.928688814174425, -0.7898623144915655, 1.9906545483319036, -0.7078744678486895, -2.565323120172483, 1.955330364800158, 1.5519971064501297, 2.738274587742013, 0.7810140304154727, 2.0008827697505582], [-0.16807970087441326, 1.9123475943168584, -0.9247810268129979, -0.32879866573891636, -1.9054368915174402, 1.536651975684416, -1.4222643283179537, -2.1819121168263376, -0.991178781845413, -2.9388500656707315, -2.6589548839756283, 0.6864925716157408, -1.5993043534735467, 1.4075316371370388, 2.8641635207883507, -2.113968589796026, -0.8052466928941491, 0.18429762278701523, 0.20603221049647136, 2.103759620797957, -1.1561520290031018, -0.7482215182921195, 2.7716052746486017, -2.8225169208363665, -1.5312853116284082, 1.7799430344463527, -1.4446871047984815, -1.0287296963084596]], [[-0.11595635560452822, 0.7856577710401975, -1.646683773483945, 1.0517104498208312, 2.6305489305759195, 1.896876119042279, -2.699499870580729, 2.536048579477967, -1.9305894410864557, -0.3967954885520193, 1.3492945434782095, -1.9490763515628107, -1.75439330228348, -0.8256489553450135, 1.0144841966212628, 1.827967039016424, 2.610558816631718, -2.733026492754548, -1.767711029649754, 1.579078206380835, -2.8208491323665523, -0.9347472810346558, 1.2074842311315273, -1.3338767207975373, 2.636343481486832, 0.9457491059418643, 2.7625856542194986, 2.4174841457885368], [-0.3985497767154671, -2.4969811715162322, -1.5848311815058633, -2.822462879255286, -1.2459151094988388, 1.5804344480927242, 0.7239756593826585, -1.593585211292533, 2.59069919545649, 1.301979736069053, 1.0697925181821404, -1.369648720436297, 2.3795811491975547, 1.2675515946707305, 0.8445300026731806, -1.7462042532590585, 1.9211143157352701, -1.6671785502491048, -0.19429161731858624, -0.1835754662635436, -2.9680694117041586, 2.503258582403822, 2.344755878846332, -0.9579494434761973, 0.7843149049341056, -0.35560132195167293, -1.568724386078904, 0.54833524259812], [0.20865693637135063, -1.8677494752414818, -0.5272661984996638, -0.5458052118806513, 1.8267112454156589, -2.771456603610573, 2.5328779555872716, 2.3314865026427603, -2.718234612254391, 0.025819803686796483, 0.9117737254027629, 1.6049049813028544, -2.837961361584341, -1.8321671898458538, 2.944370366611607, -2.411176114574868, 0.9377401764763684, 2.4017486227237166, -2.706990043327191, -2.955735695806374, -2.176979247981286, 2.146205181039213, -0.7510276008154539, -1.439484962047313, 1.1189754664067486, 2.1421154532065154, -0.2223707842296987, 1.4172934710358245], [-1.3151485648451724, 0.11844127174626351, 1.2039683695731984, -2.2230664923052306, 1.5281012005778365, 1.8402480760767386, -2.7757410152286246, 2.4468569976428807, 1.3779403085357682, -1.3289650915460587, -0.10981995711574744, 0.06362965863142245, -1.2077793489703885, 0.8757600128061593, -2.4407021972847556, -1.7823666083093044, 2.8253358210133976, 1.1381680461506276, -1.2491660020562874, -2.3302536869837933, -2.887866563617574, 1.635001056197451, -1.6612972552690257, 1.052790097424202, 1.42214517463845, -1.034388411865001, 1.4292959548473974, -2.1603851399267784]], [[-0.1897975132628993, 1.322732979434532, -0.7724621182192264, -0.4820535716029579, 0.6230431758875357, 2.1917379582382024, 2.1733415473017486, 1.6157463522563225, 0.3860124966390055, -1.6822167091364983, 2.025698057858973, -2.18952502504197, 2.388719722385604, 1.0981655514143274, 1.7405245463194836, 2.219545271355174, 1.8889233971088446, 1.5740472003869916, 2.9011968549475755, -2.3276063464508443, -1.0563042674793934, 1.331204290948973, 2.5079106902868125, 0.03385980427503199, -0.7060134509973652, -0.6836005141170611, -1.6062008464827862, -0.6095122238557495], [1.8619490237659617, -1.0036040622240745, -2.3434561837147614, 1.134019404847824, 1.5798977165990022, -1.2332457761646536, -0.6988928275696535, -0.6671242670695996, -0.24089928247787373, -1.2329034448026, -0.06026584749504238, -0.15252600264020488, -2.7206519696495883, 0.7405236153953036, 0.8898602070207051, -0.5946424350073896, -1.5168389921852508, -0.9820626044151881, 1.0708228109121443, 0.9882139763416884, 2.465351695156789, -2.518201426355181, 0.6043292983108763, 1.628766838424827, 2.442538545249927, -2.1683530963448714, -2.693354280569767, -1.251603101237696], [-0.8710432384966165, 1.4659467618749673, -2.4891757919450463, 2.0028503696713926, -1.4540628434279506, -1.7881447602194438, -2.773725832365026, 0.9513681981352455, 0.24851043886825863, -1.7618382739844936, -1.0961529730819914, -0.9073900591996078, -0.9213925732777413, 0.4137835213925958, -1.511328636004479, -2.2829269592117907, -1.6844925581877905, 2.0790565444358613, -1.088777510355021, -2.775430607547486, 2.754778759706662, 2.2456224105827403, -0.0765069238220617, -0.20707579980729474, -2.201156261081058, -0.285979514470208, -1.8412726675894069, 2.472745617966085], [-1.892892831393044, 0.7333307706091068, -1.310132736347549, -0.47940557971691167, -2.6058517121279516, 1.7806681624135194, 1.0631176254794052, -0.25171155982909177, 2.1093260504395976, -1.6778574320776987, 0.8626109202058472, -2.979601490070057, -2.9995822375795234, 1.048762061983557, -1.716023949792951, 2.5466256259115507, -0.5944637456725097, 0.937640200936789, -2.236585336469245, 0.48942969320175056, -2.1387827451979837, 0.9326504608730053, 2.8662797543226883, 2.2021020040847823, -2.327049082655088, -2.8820353932186107, 1.2110826651300286, 0.9770568011337932]], [[2.476769629243317, -2.687618657931742, -2.6005932688503997, 0.7597124661458499, 1.8543926643220594, 1.3682707070235836, 0.7082687968766592, -2.1635040324169283, 2.883370397583839, -2.8508541809037626, -1.7970942279064608, 1.267604992306401, 2.167444821531711, 1.7570380608657432, -1.0642874341118307, 0.35122340187389156, -2.1789977246633576, 2.015555173115212, 0.10250631944166422, -2.337203803264087, -1.2038924261008908, -2.8944629280698733, -0.944538634196789, -1.6893353802957756, -0.5053405163695444, -1.7727207520656911, -1.9085283670806275, -2.3582352448677444], [-2.7125978635593193, 2.0570337189755667, -2.619512644152148, 2.3998518343103417, -0.8347505627934231, 1.0601110718592208, 1.5076673521859432, 0.7069454936518635, 1.2683877649867448, -0.23565025360602387, -0.25284293742685415, -2.508416717610009, 1.7442879101065287, 2.8691048932193137, 1.2464250039940383, 0.0845692249838974, 1.4422729990430039, 0.4102555989998731, -0.4080075981824556, 2.5727547427017994, -1.0925914092960833, 2.2107273525339703, -2.9831640991551946, 0.2485527472919702, -0.22704342085858897, -0.4791561524726369, -0.18005990234234526, -2.730791155916701], [1.132222308690535, -0.6831611054066808, -1.9812161277695688, 0.9620548475928414, 1.0380931180384518, 2.913022965637583, 2.0986319005040617, -2.67740931881758, -0.31477288196513165, -0.9082343926582905, -1.6609330390870085, -1.3471562985322956, -1.8056018024211886, 2.0741535506011246, 0.1071817779392017, 1.6777213766464536, -1.6533267354233516, 0.5689307195582742, 0.9019170460598462, 2.8587894161702785, 2.1456644114818744, -0.04280526442278232, -0.4334575892806134, 1.493109385281838, 2.0623090158251056, -1.9212037169889309, -0.47994951289456633, 2.314349120754329], [0.6984161879286792, -0.38593193556082594, -2.8455581152829583, -1.182024138554006, 0.32725453719182873, 2.4080650516777933, 1.973339649376018, -1.8792793017325202, -2.6214826241572045, -2.9112439789245244, -0.5982817512224416, 2.855412957158533, -1.2694374799260568, -1.4539272104044887, 2.766966602359009, 1.3521538099668948, -0.3591872720235303, 0.6048934959891819, -1.8210319483395452, -1.739765472267653, -2.916890506535181, -0.5121467085610476, -1.9834218573185138, 0.8840949915661915, -1.0099437761725802, 0.9886375382926476, 2.433837484894463, 2.863757389106511]], [[-0.5247820113236297, 1.2368914623005187, -1.8809515495092732, -2.637051307263731, 2.760163344241719, 0.3709707123668964, -1.3559052847794772, 0.09570710978789121, -1.7039953456773242, -2.3323807516424635, -2.962526412389298, 2.497909366943289, -2.7314952876349317, 0.09380274426043744, 0.07631389844357717, -1.9052714571287181, -0.8009825773924879, 1.1344113339831328, 1.3456736738374833, 1.096559002745586, 0.41186699294260265, -0.8772859700163291, 1.0740391946805365, -0.9275057060458063, 1.1622213794535998, 2.612101380730551, 0.28881327958792635, 1.2551601462647515], [-1.3006466467053763, -1.1484068770331337, 0.4703049951817744, 2.687355108235402, 0.6027819227320892, 0.5756846705576972, -2.4189269968827123, -1.7823661096170202, 1.4844563933501949, -1.5973275427095976, -2.086655454174039, 0.29508141525866005, 0.5089124033929493, -2.989883447475648, -2.003480516616765, -2.1674621113688817, -2.624396248577217, 0.5629566097789565, 0.6125714974505745, -1.9769304588731884, 0.7824318670394659, 2.7112781159418455, 1.5273305857474497, -1.3097985380067059, -0.8044241358032727, 1.288487163461114, -1.8258846987060648, -1.069878533985367], [-0.41060134081426636, 2.7798441608870235, 0.6474732524273321, 2.4358283082541066, 2.76516862152966, -0.4731062638254242, 0.640674642355517, 0.3295234787765331, 1.6574274013038535, -2.7263495345633153, -1.1371814651838255, -0.7047307806929792, 1.1123281405217522, -1.2960683622412257, -0.592485763311871, 1.1867123879500356, -2.3482070667806765, 1.8837601350470479, -0.7248178201580506, -2.8488629383758743, 2.9517990128637024, -1.539250794347192, 2.791878685693291, 1.6282922602654155, 2.043714338287651, -1.0017886135740388, 1.4755268380490953, 0.5309967577125696], [-0.5276518583098806, -2.60668337680756, 0.6919246333354518, 1.8825426300747559, -0.5921125022225961, -2.7732746265461925, -2.4208924421223834, -0.6436944368078228, 1.2869132835984818, 1.323149172095225, -1.78232917493018, -2.1944000757614415, -0.23489202761869965, 1.1019061146034819, 2.69162054244775, 0.23594877259560132, 0.6523974565356343, 0.9846942169029216, -1.3614620788299499, 1.5057985112345698, -2.106158079265936, 0.14204130129774484, 0.45259524296446774, 0.21731473290271364, 1.4695336558449679, 1.9343122851554977, -0.11284411820790385, 1.907063775279834]], [[2.7394857188848967, -0.8830348338647775, -1.9304924589545411, 0.37496207267727844, 2.463926737680774, -0.44406582593944677, -1.8616670941642925, -1.2264524130957577, -0.957831892236662, -0.6746533240698747, 0.7478065155906934, -2.3030787259331236, -0.08413189474278226, 0.9908899823979156, 1.9525843637616918, -2.163601735976392, -0.8388010870370914, -2.1141439943020695, -1.0129848805711454, 2.683200709777373, -2.7653873402890605, 2.637238577680277, -1.1979048611762408, 0.8488680658190115, 0.6209465762310007, -0.15893515164622052, 0.9231038857457801, 1.2896203629197132], [-0.48255105765026585, -1.7882862809575815, 0.9677683133860695, 2.7339127753217776, 1.8950545456798595, -0.9469257151684785, -0.5482529958468927, -1.1528572209307972, 1.0296887041320177, -2.041965645476469, -2.9520197937177057, -0.3749381609102178, 1.7974924084322277, 0.6036589539119914, 0.9566511732056195, 2.7020560734692225, 0.24384819418079928, -1.535941141366345, 1.3587620138742045, -2.766866830419646, -2.873041493610591, 0.3513346171421796, 2.9689940072246364, 1.9416156476763229, 2.619675395026153, 1.4330892873154264, -1.6980045143685019, 1.8083141223925372], [1.7285321590968667, -0.9806715622415823, -0.8242967594309247, 0.9492108281710863, -0.8627550044261274, 1.132007345938419, 0.6964139285975426, -2.390191397438724, -1.779656040901434, 1.5527764815470793, 0.39277831434785426, 1.2153132724105866, 2.046270340499799, 2.454536448558785, 0.21893514415070836, -0.8837470283001752, 1.2099293570982317, 2.777536704658857, -2.549911614570585, 0.04828275385588565, 0.8274333114572148, 1.60571344945589, 0.46618373054744744, 0.01596558414040583, -2.3346329269415422, 1.8579561887067007, 1.978306936565212, 2.6330804712314304], [-0.4569288467086534, -2.8878132163921766, 1.417574147224915, 1.496695147160919, -1.1533319449186346, -1.558562620248628, -0.0916294231449406, 0.3205341747998953, -0.033337456028165846, -1.8279810072796208, -1.5678337216292095, 1.1708885346269957, -1.11300763147902, 0.6514010670154176, -0.6141669652846891, -1.6360053573680509, -1.0212843321138803, 2.1376572056456347, 1.4078271127314501, -2.285718393204516, -1.4608084771719507, 0.0018849270949692354, -2.637172850154773, 1.2428214911765405, -0.18464808556768197, -0.5441542258201091, 1.2228885480643417, -0.5048910417607333]], [[0.6859871478741599, -1.1835914483343353, -0.444475204060943, -1.5014561051413373, 0.9905209382862825, -0.40286696746856165, 2.6836469866945896, 2.031717396120319, 1.0884158603514082, 1.4810132665172615, -0.3109937861908638, 0.47882365535341, 1.635042925212998, -1.0705804942544013, -0.7676574625182404, 0.11102362707995184, 2.056112939143734, 1.0867498702061127, -2.49226882285979, -0.4288160776539809, -2.1468347086414585, -0.965354185799093, 0.8899218775258295, -2.5484504686093983, -2.710780880742299, 0.9322996026726766, 2.8401650277814294, 1.9096131325387748], [1.9421798921964069, 0.4671135092138914, -2.184600062558836, 2.3143742266465175, -2.5100449640773914, 0.844096132915162, 1.166490409094818, 2.0358239174750112, -2.26601643129963, 2.8507509296034144, 2.1317671441021986, 0.37338320234447053, 0.8419674846084573, 1.5520813451173003, -1.659913003455193, 0.5664906757553734, -2.7744994841331616, 2.632332079385975, -0.8119979319761432, 2.316828521534049, -0.2742933053564456, -0.4278242385547175, 1.8398134391803422, -1.8101814550621118, 1.8132470883957055, -1.6449604672600338, -1.0540939016949542, -0.7754999555373931], [0.0424482535178381, 1.633285008369394, -2.1166580228040432, 0.3767901969279337, 1.0353182013158237, -0.5612140519778119, 0.774723421966665, 0.47800220422414386, -2.6921157737460657, -0.9756409205307857, 2.4781291034148154, 1.0856209992412342, -0.20324074931223635, -2.5718345861665273, 1.0236531637627913, 2.325635910009079, 2.5405389390473534, -2.384875513271167, -1.386084945871273, 0.3442815462229758, 0.1049209089880021, 1.9875704988304763, -1.4543580781055405, 0.9911808041193835, -2.39185513925851, 2.6457254913927253, 2.513752762219572, 1.912989626695487], [-1.7393598918872832, 0.18824324086665056, 0.5606055021207856, 2.065769846444386, -2.6198944469268675, 1.7431270495942686, 2.051327438431249, -2.6258120326726084, -0.09828247055332895, 0.08434312616377326, 1.2084832207342817, 1.605789489908271, 1.2925371191964912, 2.028830118197079, -2.988215503149744, -0.6319617575620367, 1.3739358295194002, 0.6197712067875836, -0.6763927988744314, 0.5528594406762615, -0.540295733555376, -0.16570459016399308, -0.5340863079620481, -1.2490495291414592, -0.3887644564726931, -0.73264141961584, -2.146783661697299, 1.4646483844531941]], [[-0.683816073662086, -0.3603001451945853, -2.180040758198275, -0.9500460837835814, -0.6157790413461761, 1.5596681618483146, 2.876296139121485, 2.3393927654657354, 1.9816359934323566, -0.6025441458671086, 0.07667445828315511, 0.31605305406510364, 2.154449038970051, 2.2030279065286082, 1.8890124898578033, 0.2620706514146991, -2.8453875232895203, 1.3689410460008435, 1.504112186352053, -1.6329826532976635, 1.7318067880978205, -2.528772201731603, 1.7555244224132966, -0.9421076292482891, 2.3139709296428546, -2.9619411610161803, -2.2153231935882705, -2.110774223523666], [2.8563761434246793, 2.5949619610007053, 1.0745271563525032, 2.589194037050536, -2.319784640016462, 2.823466969565972, 0.42741283145023434, -0.7104144736048861, 2.0025874001616293, 0.24987528735002051, 1.5124620192567058, 2.260558511381224, 0.13397681836583075, 1.3941760903540068, -2.183214115086682, -2.399329844194199, -2.930907362777244, 2.292571981378943, 1.4312594522395026, 1.9623293127132566, 2.4109694544659375, 0.09693714599729875, 2.9745458197172177, -2.447465432596773, 0.999340261862228, 2.006368763743896, -1.787979881702517, 1.8581511251321352], [2.0007252236164694, 2.9539250130153896, -1.1100610022028408, 2.4805089998564016, 0.6293929439143318, 0.5781284605720218, 1.2125796481074413, 1.8974289317129376, 1.2829664866546029, -1.1928728130796555, 1.6644025839628167, 0.6301875530577226, 1.6704062876610255, -0.7568269418233129, 0.5478475059468435, -1.9526037474215405, 2.3788131799805505, 2.5538000700088634, 2.073589564789928, -0.5997099008332789, -0.8720763267205536, -1.160000007683171, 2.2323694523752184, 2.7100347332271344, 0.7864411400402105, 1.0645131432242572, 1.7248979653632475, -0.3146825177919137], [-1.2255496271077702, -0.9964342870609646, -2.840162364018294, 1.591083833400507, -1.7708159228808367, -0.08937762028872198, 2.298546749782008, -1.3191372928376746, -1.1058493599499069, -0.4394799178721689, -2.170233792517096, 2.3617225101299013, 0.6998793867244908, -0.4561107918526588, -2.258920954698604, -2.4768877120868336, 2.4418062043452657, -2.697432685618036, -1.8725747572642892, 1.5009514772661232, 2.453786383789782, 0.02923684520727221, 1.078885937978682, -0.2142244987690951, -2.0300915378086595, 2.133679616735936, 1.8615654473571333, -2.438810055973839]], [[-0.9344942645897083, -0.5097703275325567, -1.609572702851212, -0.5219880089050855, 0.8027397060349495, -2.895959116166029, -1.1732600509186644, 2.8005130248971266, -2.681299441966928, 1.004606888553008, -1.6144513614696934, 1.8010978428675708, -1.880652514074481, -0.39519313301861736, 1.9420676950185678, -2.3713108648492947, -0.7739921488099109, -2.5767146460411308, -2.9830863797804064, -2.9164226327845357, -2.1700848808092417, 1.6255586999980807, 2.3363192018339767, 1.1133968515194184, -1.3108603713877824, -1.6070170807126845, -1.0210849312093222, -1.5786026465545475], [0.05890459937174786, -1.7753174976578596, -1.012299659010984, 0.9661983136823489, -1.119270660801424, -0.8805428339740065, -0.8566894983229449, -2.755398519902473, 1.7917986189957809, 1.3677550577630457, -0.5429823655187684, 0.8851467766951826, 2.1683474720806997, -0.3438818884958623, 1.9779493401896069, 2.388958395780925, -2.0481543707331333, 2.486744378446505, 1.2848909936483768, -0.9027350828752931, 1.925563501582186, -0.7760830506346297, 2.069874687124586, 0.9285210977535572, -0.42652402466498174, 2.148354807277059, 2.0975085789072523, 2.4971578299858246], [1.1938937619372476, 2.3074079906051654, 2.821760768347409, 0.2542825435767355, -2.9295120878305543, 0.800539416613796, 2.367944928579278, 2.6031708514265333, -1.1950835876132246, 2.669072545916472, 1.9790098514015169, -2.0616482898534714, -2.199262897049966, -2.21377452498755, -0.42659272936369774, 1.5795949322251666, -0.5771279161655052, 2.7397550580868035, 0.7770387155940313, 2.537948953960864, 2.3128840482362287, -2.1718745993288615, 1.7835059189316915, -1.667743534989477, -1.4379543555468524, -1.8340175811112973, -0.6304534673575906, -0.7018430797731807], [-0.37558176563404544, 2.942321328380186, -2.5243162171181943, 0.9966171846675058, -0.15626668125260057, -0.019704748097418623, -1.2620340598938522, 1.4187404730653324, -1.9719176280769448, 1.5567420675235022, 2.5613665308465334, 0.35267085890790995, -1.0249569746884735, -2.5634679792710156, 0.8389203745565164, 1.0870630971700894, 0.7509961232630937, 2.0210316431979347, -1.9141984618469514, -1.4001240056988191, 2.788523413076822, 2.5707810420591493, -0.40917344371454023, -1.5053681296813965, -1.0876162687493072, -2.824919805408023, -0.004408966700050421, -1.1334639263326705]], [[0.8308099398871107, 0.2572139891970484, -1.251157084969211, 0.0967820860698545, -1.947575778136471, 1.9633530022231032, -1.6976933082573462, -2.2588848844135283, 2.82796668478033, -1.5877075075606648, 2.4422120304795953, -1.539781496898819, 0.8371184972178263, -0.41066269213309337, -2.8822903854925466, -0.8237671499738353, -1.01909657347152, 1.710919729979544, 2.6423095581428573, -0.4277787178512642, -2.346585201301729, -0.9893418587050995, 0.4491372686565702, 0.17001297072466404, -2.3368516424129133, -2.1091770944675727, -0.3554211257724469, 2.275559231730001], [-2.210800569808105, 1.2666318820223754, 1.2281998929097062, -2.814978806505855, -0.32066296046373033, 1.666224212109677, 2.781880075765174, -1.8225966110123912, -0.7121876812120815, 0.03437939575909077, -1.413375395877289, 0.5630056548128679, 0.1391171973865939, 0.7462050589327132, -0.4252729741046428, -1.855811496432674, -1.6953302977900833, 2.2716166329698115, -1.3204159728632312, -1.8145142024103957, 2.85761239817859, -1.4332443283263583, -1.086830705879851, 0.14094721851186165, -1.1895784872942847, -0.5137848557282814, -1.3286857963685879, -1.8944180861151194], [-0.43780553335895434, -0.6578878951688254, -0.5856477656045138, 0.5060782575850511, 2.887971715114401, -0.2826184367355564, 1.882917911363995, -0.9616308052563491, 2.8100168150587015, 0.7000473265634426, 2.8830135418110423, -0.8274193161963401, 0.3190728639062721, -0.7745173471818343, -2.791430441333096, -0.46240019006692856, 0.3789236291408047, 0.6069166284268199, -1.1335229593622065, -0.19661166600896918, -0.9151564572202515, -1.3210393148259092, -1.1536738956669124, -1.5809316511924314, 2.0707298063632873, 2.3248370350780796, -2.449494293131072, -0.09509845599713129], [2.921807200644511, -1.337145134881291, -0.20216451126516866, 1.2965212409750242, 0.504858191885909, -2.7328520671909287, -2.2480621505272413, -2.692295050924585, 0.24340907021205727, -2.863326866855119, -2.9001345475328, 2.6358873715203197, -0.30936054147227, 2.669975656302336, 0.783711808505883, -2.049592177829437, -2.9823107749952267, 2.7593904971083605, 1.6723936945390925, 2.3787220697967655, 2.8157435575892933, -1.7300409931307925, -1.2673197485231504, -2.30061519968928, -2.1190298172634163, -1.171250660256203, -2.028374022223621, -0.9717033922896192]], [[-1.9806477288628144, 1.0550436159305638, -0.255271845849701, 1.0792314558413452, 1.5434329827836981, -2.09294364455233, 1.1953187573768478, 0.03783616802898626, -2.521553765971368, 2.5781001815714717, -0.1566360672884377, -0.1665515580282868, -0.9408773283475718, -1.016338785222106, 1.9549762797885704, 2.024378431950754, -0.8812111562892389, 0.5772583861762834, 1.6520699980567617, -0.6251345374697461, -2.5712822861198887, 1.0075456190947794, 1.2111058470307823, 0.6532792919713235, 1.5429258043495961, -1.3538848511368982, -2.659717784388729, -2.5614825682363325], [-2.624152221702042, 2.5052075726442187, 1.3419433700844632, 1.3049105277683157, 0.5363946043173939, 2.6923277318396854, 1.6473112240230456, -2.005147709081612, 1.7700796746140446, -0.47007094864252164, -0.1783696008487441, -2.3813373060142227, 2.0457231677525005, 1.3150185707377862, 1.4562767871553959, -1.4675937036703766, 2.866981769726112, -2.014980137994399, 2.4107527206824386, 0.6249475096400374, 1.366090143614187, -2.8815631756843283, 2.9433590379996977, 2.6407927568615213, 0.24203625056238565, -2.9964350156648267, -0.20900736582730683, -2.4751537463742324], [-2.930407647398919, 1.7281568959363023, -2.72975558977744, 2.583624018369626, 0.36112636725173175, -2.847540736415959, -2.085314263081191, -2.833202177968597, 2.3797065039592216, 0.9068959338290554, -2.9493372136561185, -0.23674192357014245, -1.07325465201909, 2.203030237757506, -0.19984111622533707, 2.312048216199086, 2.6587305554849436, 0.6631490882263744, 1.0574229912686537, -0.7695560680530003, 1.900488991832276, 0.5228350331972269, 2.949632758075685, -0.840876788202729, 1.4055673705338219, -0.9508938829891473, 2.127276873441252, -2.5838825929303813], [-1.1012083494061538, -0.7897204479598754, 1.6745274603388633, -2.5132006493631542, -0.5045199423677538, 2.218000705730338, 0.6582308952661395, -2.717653361487645, -1.5773374642319555, -0.7000998194601018, 1.0922062897971534, -1.208022772110742, 2.359386327748769, -2.472483781876609, -2.638813302104571, 0.7336473101872656, -2.860603005687466, -2.745545358198817, -1.8998402781392492, 2.9901313724127103, -1.111577928504016, 2.532690806048846, -0.2005379766101969, 0.6043691967002744, -0.03283239056280296, 2.408282917910368, -1.6132166726602832, 0.6182112805916673]], [[0.6418082786011312, -1.594844688697099, 1.9854821480452918, 2.1905877931534308, -0.3692056746803578, -1.5961932736285709, 1.5030623510559753, -1.4242854048418536, 2.1850981821073665, -2.2045320271736752, 1.2037749611798763, -0.7583490654641842, -0.49320258756979296, 2.335969875854375, 0.11363796394615422, -0.19560689741763815, 0.8173872819980903, -1.4557597137791396, -0.06307216479326083, -2.562414253005916, 1.1175649947227475, -1.8200041849687023, 2.9818456887541682, 1.4676435599067972, 0.1567925073398171, -1.579537384301086, 2.5918060706860704, 1.8936373616383353], [-2.196208089188994, -0.3834783317739703, -1.5458802276695427, 2.8765991544059126, -0.11529919208490647, -0.9659885086807538, 0.8336648121167403, -2.57706370340736, -2.8217761481874066, -0.7543629833087655, 0.8976252866882217, 1.4304677750794532, 1.5151094501042959, 2.4779446644309013, -1.9365056548732669, 2.4369709371715755, -2.9074812644422288, 0.8688859817405579, -1.5948417096312097, 2.5507950161329367, 0.9261722843980231, 0.3888719170767576, 1.4295511337005609, -0.6365733552733683, -1.6873298678496216, 0.3922595029198148, -0.927081876388872, 2.1987867152964693], [-2.5106550977272413, 1.8221376840363028, -0.2713580011621275, 0.9169514944898314, 1.799850885555113, -2.348264524060058, 0.4575338649240446, 2.1198793071423534, -0.6328307012362449, -1.2455921630990672, -2.3596221815635605, 1.8107261172605371, -0.3059257634259982, 1.5470854733943797, -0.2858145369753631, 2.365877834758871, 1.9066967135104704, 0.3481847378978222, 0.23155485958032695, 0.1464947235837295, 1.2056960105624963, 1.672816030996084, -2.4378615205664786, 1.4516957302683027, -2.047195394845017, 1.1443021346597213, 0.2424933542663954, -2.812028753012818], [-1.5517961093054324, 0.5222023181609892, 2.9643570909059482, -0.48243481925478626, -0.8264458382714475, -0.07094545568957056, 2.311401364014908, -1.0135581947049765, -0.1373346560335751, 1.721888692058604, 2.1464103146067774, 1.9733773015672496, 1.751544709542448, -0.20934687197787571, 1.2905527944179545, -0.2662151537939499, -0.8902286625984761, 2.813829274531816, 2.2035855237523645, 1.2357933477484746, -0.07581375044839023, -0.6496483237692248, 0.01923708395895085, -2.849065484246605, -2.1594262072376353, 1.4739436316724834, -0.8195731698085975, 2.489414738741748]], [[-1.5177345925516865, 1.7278042457275173, -2.824538306025493, 1.4174571091588106, -2.8145888464664255, 2.742002142445992, 0.25262000360385173, -0.2736562222500485, -2.2425331549947956, -0.19718725888073774, 1.7765569947702762, -0.5213547990027942, 0.9904104157080837, 1.0609795202836771, -2.5090390458612486, -2.81976539067355, 0.9741389655250678, 0.1022361577791111, -2.3475387356571975, 2.0281207571902575, 2.933383128087028, -0.9519296765630649, 0.8235779377263617, 1.19192814597701, -2.2235342256415063, -1.7368300975419753, -0.7765574517289497, 2.1124261585060244], [1.2742515141077053, 1.7444716841181487, 1.4108917405950683, -1.355401439611051, 0.8028975318816785, -1.277721673863932, -1.2083759706075756, -2.035100490370235, 0.509116466623218, 2.7196486488773424, 2.307011141139566, -0.15751865646265362, -0.08540317179171009, -0.7724248032424139, -1.0840772482688301, 0.8023977257573129, 1.6653466384450324, 2.9933636568358803, 2.565643077277773, -0.907445690951453, 1.9125565486098584, -2.2219120814529996, -0.7745188856883942, 0.7283714436716484, -0.4376833596882399, 0.49076421177271223, 1.5041290141267822, 0.6690537052845098], [-0.183254070792791, 2.5983926384365956, -1.4580553818268005, -2.981455289332608, -2.7700846453266283, -0.1469321399374044, -2.378075168011934, 1.8125614311993052, -2.398893905921631, -0.5950604947067677, -0.9158193282219669, 2.6648182540981997, 0.869758335463291, 2.2190589906258467, 1.3988667690007288, -1.255389324049017, 1.3778096114603322, -0.8051397684801431, -2.364896574762712, 2.473196872272096, 0.05263238853165131, -2.693843683065593, 0.45972776276192207, 1.7905010939289383, 1.773449751079946, 0.4922302291559095, 1.7052479419247337, 0.9391383750300415], [-2.225354822081026, -2.834230792676877, 0.37061539940778276, -0.7642457962225402, 2.3987913439577753, 0.8538207956062029, 2.5327129030603928, -0.915955698561604, 0.6667137009893769, -1.0905104975998132, 1.5361626341655334, -0.8508289612121307, -2.2397052474105816, -0.30646005696269585, -1.6943521485062452, 1.5148080396038441, -2.0019399352783678, -0.996202627374331, -1.8421976541125453, 2.92418754034359, -1.2593483821219746, -1.6662863574065154, -0.4339190960523909, 2.0926915498439076, -1.6440871543126203, -0.7225927536746779, -0.6953814463751509, -2.6278912481602203]], [[-2.9964682270664316, -0.07418087562166242, -2.325239373672356, -0.3589136173214569, -0.7855986568311666, 0.759827346102488, 2.256147016512596, 2.6589413781566282, 2.370814075064507, 2.976324368357835, 2.6217114814762077, 2.06818874890263, -0.9044410431824743, 0.36200845272731685, 0.5957612553790037, 0.9553341240769195, -2.6340149096036996, -1.9705594829866238, -1.6347731663672533, 1.8870394159573625, -0.6649586940366525, -2.033098928722987, 0.026221196740521258, 1.4879300485229718, 1.0220981131966713, -2.6151333212332943, 2.962568145411246, 0.5233146321774136], [2.259449223029481, 2.5686457004159013, 2.962458600272994, -1.2010280425547413, 1.3181356464809824, -2.994361653167206, -2.61177509174263, 2.0011071813261605, -1.5937649343267493, 2.632912214455229, -2.743295608775531, 1.3475175375180184, -1.625772165906548, -1.57838346064394, -1.5144188017178357, 0.8822771131763245, 0.6421719675815698, -2.280498411128555, 0.8862284545885455, 1.8053608444362022, 0.8936033425632433, 0.947762493966462, 2.016528400757223, 2.770804631938441, 0.5349583165864829, 1.3139457178123202, 0.8075880112683187, 2.3796245453185323], [-1.822707913182016, 0.4423582686789027, -1.1472034638145894, 2.721234574896103, 0.7371613811887263, -1.1756216503853556, -2.2996387716300317, -0.1426414499915567, -1.8268332633960815, 1.9240488266198783, 1.1395981310123027, 2.25967222846222, -0.10081395742385757, 1.6793193024129387, -0.7942420967929094, -1.3246797780661272, 0.35523943473415276, -1.778983375249569, -2.871119935229589, 2.374373846549121, -0.34354012805944745, 0.4529437325362964, -0.6816694910865313, 2.1630952034181377, -1.038347996442183, -1.1735955820603212, -1.4468308954507603, 2.1614389722239036], [1.3366748627434122, -2.194405704554222, 2.1322692198217474, 0.26669088709406896, 1.2495358666078662, -0.49323302600024466, -1.8515324332228946, 1.1633095222843783, 0.6621198856282291, -1.4127840418739697, -0.5930148674133466, -2.9361551934040717, 0.6725025578449024, 2.459694162770729, -1.0609563357294858, 2.913897522137333, 1.2402708823740447, 1.6561965298779038, -0.19988674917243676, 0.875215043004054, -2.451826854895727, -0.06359169338076853, 1.1785222773794715, -0.6196962131948429, -0.2377470555073331, -1.0333343849692134, -0.9382181896091115, 2.200536888572455]], [[-2.142744615488716, 2.348997784731889, 1.9569991394836075, -2.4440895645823097, 0.8000588594070335, 2.7468932046517986, 1.3900690506486217, -0.8814136262951253, -0.3535448250996165, -1.739366543907506, 2.9478710515462714, -1.67729637865752, -1.050369062523501, -0.8827260060361031, -0.19541353134899309, -0.05465839378453463, -1.0189094297000425, -1.8029151468781017, 2.7632707976454434, -0.8221641218600184, 2.6316020315990727, -0.2140696000764919, -2.3444817846241466, -0.6286294996114128, -0.5961248008541657, -1.823242691636419, 2.7073121205499033, 0.580675655020932], [-2.1393405254463644, -1.2606553998389074, 0.4757441351834597, -1.149974033499694, -1.128929000189235, 1.6571137889540921, -1.6404050411808786, 1.6366803768023699, 0.2727144984734098, 2.961617462319454, 2.5367997298026506, -1.9251219584449142, 0.1277356195897612, -0.48764964774954445, 1.2314152492012091, -1.8083983948672746, -2.3459804645699904, 1.4758263477945865, 0.3145145266198317, 0.42209258900863045, 0.077486313232209, 0.04098596258048648, -0.6175090282306916, -1.3173358945732672, 1.9182095982340162, -2.179778564749859, -0.6438590838102733, 0.10999312837853203], [1.8102328829225591, 1.427052928697072, -2.7456736748955013, -0.6335464222604701, -2.250341492426072, 2.682553236969482, 0.7492984895234476, -2.1382864009460074, -1.2072595263628365, -1.6488816006722675, 0.15083946543461968, -2.4893238789274035, 1.98833571044283, 2.1147415292131146, 1.0499813689917143, 1.338404991674663, 1.7133227171729741, -0.7401665941766957, 2.821096717689284, -1.7689510700289448, 1.2927295917819226, 2.835550107091996, 1.921637009460401, 1.8083575391583846, -1.9906390353089431, -1.2041628586236868, 1.6331372340514374, 0.9193496764160622], [2.367692455397851, 1.421172496359536, -0.751237647264797, -0.25138164005845365, 0.9238924722914481, -1.1234555425806756, 2.0316281768423856, 2.312016761018702, 1.850008803728847, -0.6490152477258664, 1.5349327394004204, 1.649083490284733, -0.8082216393794033, 1.6726714010148331, 2.3218080509505237, 2.934135533910938, 0.4897337733560807, 2.132841209589845, 1.2540909088262078, 1.0009147048147327, -1.7994534020878088, -1.3477257109362775, 1.0421743870898714, -2.085407605000405, -2.088298371383433, 1.1131166121558653, -2.5769333028970367, 0.6427685254364475]], [[-1.432103842202962, -1.5665403662267525, -2.526826648237785, -0.6170284154790604, 1.5631503600516616, -2.0347440878218714, 2.3343580502084356, 1.3661187122161227, 0.211040187767499, -0.6193277969581326, -1.0318485308843621, 2.7623149161732607, 1.9248036978482794, 1.765832954593396, -0.1273418563298998, 0.6639895296649962, -1.6613236137861507, 1.2222125579904466, -0.6422248301191114, 1.756597249318359, -1.038147300674101, -0.4613831129894206, 0.5839994440931733, 0.9145143499469399, -1.7413380873539115, -1.2204722171372957, -2.4904855811340636, -0.9665497874335189], [-0.9203796748625601, 0.11909177809691718, -1.1644481423175022, 2.0607155034370166, 0.6690138157234937, 0.7212163457533896, 2.509839011653444, -0.9255937398195226, -1.0557700084074628, -0.11781921310311416, -1.851646384617004, 2.332552757800225, -2.247167551588809, 1.7089706743929725, -1.0006294976403707, 2.4311490960029536, -2.986177133230365, -0.1973760775725788, 1.0528255624238794, 1.071359146190897, 0.49139217497928733, -0.9414040485083532, 2.4980580148217966, 0.30336939443099187, 1.6885961876276534, -0.04755065194258101, -2.681738364806097, -1.8652902625327032], [-1.4722613142241816, -2.8195724587190742, -1.1400671573887031, -0.5789069825414002, 1.0824091980240738, -0.245811301276758, -1.9238134800798643, -2.7561738084262934, 2.2150599994292435, 2.1814521087878225, -1.0776539746569738, -1.2838858050539086, -0.8825142847667733, -1.385444571051044, -0.3956118640745929, 1.466653501842952, 1.1481704198723417, -2.476609888748859, 1.1602914093253203, -0.07570558878094324, -0.18153686901548127, 1.6844464792004992, 0.22208465010070189, -2.945288920472117, -1.8702428571730376, -1.2836036811447136, 1.4850270744908496, -2.358067572635109], [0.9629295294343643, 2.7765316226957477, 2.5634568656230314, 0.29937053885421694, -2.9853665418565187, 0.8848934877081334, 1.3482991745521158, -2.104762849858238, 2.7656125087450363, -0.11417100487614817, -1.2387951160546473, 2.5355436355634122, -1.2187522365988135, -0.07592424591599123, 0.08898894307714222, -1.6235934042328073, -0.38843579916174864, 1.7489649649149452, -0.011721979232786506, -0.2046169744964632, 2.3600217200817433, -2.60090734786711, -2.3554500880916853, 2.721647733944188, -1.9049463962878763, -0.9589637402996463, 0.15865670393931008, -1.176021986425695]], [[1.4522233281087367, -1.898736945001375, -2.7863823595717347, -1.7678846883120882, 1.2360738372230795, -2.286199166738504, 2.576417494865564, 0.3649589272320797, 1.6461570782007575, 1.7637153754620263, 1.5388860622272613, -1.1515957531178604, -0.3337892201158681, 1.1010749529825201, -0.7447090795780316, 2.340284236973938, 2.38392326403574, 1.2492352626960148, -2.654581798070933, 1.7563611339418381, 2.6689073529508303, -1.5608600313492915, -2.073126123611316, -1.947219894930625, -1.5572783529364074, 1.507625094100451, 2.9723350537267885, 1.840102415499902], [2.977761537724289, 0.017521139235533667, 2.925064296972211, 1.556072769540684, -2.9168973502044766, 1.2103046829325148, -2.1157160737960767, 0.9949598565292836, 1.646279540992703, 2.921772259125773, -2.59326981659943, 2.5949289500184847, -2.6497664747848346, 2.28909195575703, 0.3563249690504646, 2.3761737978475876, 1.029363227463084, -1.3695104107562182, -0.6065631840591701, -1.2891199426617033, -0.055763550021043606, 1.773409085920929, 0.522299509616972, -1.6473044502185068, -2.9131804768135874, -2.272199098254478, -2.095808032649765, 1.876612032418235], [-1.2374783465651538, 1.9211014790215426, -1.7902678954236146, -1.5056767647715348, -1.3877114276062563, 2.912384774051283, 2.688580493620762, -2.197232416602067, -0.653290553015081, -1.3438762194189595, -2.0942755720571706, 2.0182065901429613, -0.6819925529048154, 2.153190597636904, 2.8997121877077534, 2.2412512198167915, -1.462276131879929, 0.5023991989436274, -1.9576334464708778, -1.7142931892849331, -2.6075925871265, 2.1414820992006973, 1.8974698259854863, 0.4158786226808342, -1.673524239722574, 0.9331038928676758, 0.10832696825986776, 0.08493160405427957], [1.5808277320923567, 2.157124024651008, -0.7506341191014694, -0.8086999035730935, -2.879368644950286, 0.741656302236871, -2.7551089221441685, 1.1541535314411888, -0.34729514481141965, -0.29992475187357437, -0.907345904323122, 0.39934741397524487, -1.4693992582010178, -2.876625309330489, -2.0750062810236374, 1.3168314032402995, -1.3002618780784012, 2.211876001347454, 1.761583562275101, -1.5293785612331203, -0.21258318656543107, 0.8699661409346646, 0.682813797537901, -2.8688175674722816, -0.8010138392929567, 1.5987219622752153, 1.2209848540678916, 1.9679747208462057]], [[0.8889856409294747, -1.1324956008134188, 1.3973339171796253, 1.5287524981973633, -1.0876878647171149, -0.4446364612945799, 0.917216704689567, 2.0654470957717166, -0.4418727203764048, 1.6556765039400023, -0.9353046691358307, -1.1558131889365468, -0.6621419798567727, 2.8803007038949247, -0.3441596412635559, 1.4697295475135341, -2.4235099076925257, 2.6350537387309316, -1.9279855087896645, -0.5093633552749566, -0.11785881951043597, 0.8686368249934189, 1.9938600595484264, 1.2683597521717056, -0.8917987785726256, 1.569422146551715, 2.346876281978737, 2.3504341976562833], [-0.5087246010756186, 1.4447161054299595, 0.17796006080121707, -2.000068401237497, -2.0074758323222293, -1.0537972924459342, -0.23337469536262834, -0.6734385875899429, -0.8165806196758671, -1.3541374523988996, 2.702203154357899, -2.369822298228664, -1.906784156502386, -1.1259652455630156, 0.17659490028807445, -0.9288163725828733, 1.4153322089140747, -1.6930804101463734, -1.4189837785900536, -2.9004291346186015, 2.548447298215139, 1.9776289841760448, 0.2767946793732303, -1.8823309007680142, 0.3338059664241957, -1.3176842837867373, -1.0196934510309512, -0.0010808647657656323], [-0.6362451876598776, -0.7797212860231157, -2.1706762887517033, -0.5447907432671304, -2.3359271538044415, 0.08828269454826998, -0.5529485401294991, 2.2230391510698864, -2.1613254573709284, -0.24610133365807352, -2.763822169262748, -1.7374217488890755, 2.1007435579351554, -1.9344196781674077, -0.8340564623508273, 0.790584859517256, -1.2830866667643523, 0.45220920651917185, -1.6780810985250192, 0.481221498643162, 0.9721993431441733, -0.475506491076251, 1.549720004525863, 2.9411195969726336, 2.951095378901644, -0.2717187767119871, -0.22079299396423657, -0.04756902876019531], [2.6433069609747815, 0.8401375180582975, -1.7074090536566489, -2.3287856691678277, 0.9122309905699275, -1.1379940815726897, 2.5258194794810205, -1.0855364806500252, 2.795236486012741, -0.10267486288802141, -0.07791218416297685, -1.277542658172902, -0.06629986542438093, 1.5050316658323322, -1.916988544142698, 0.5101685183662141, 1.2043248910048323, 1.563385285770286, 1.8353517986562897, -0.11517729853238912, 1.6730852342965035, 0.4487208031602661, -2.065650110161802, 0.03984522363547249, 1.4894904595695326, -0.37462235685784906, 1.0530571333763445, 1.9112788505171485]]];
t = [[99999999.0, 5.640208722020315, 12.972064826912288, 10.548852120498037, 7.485785903887172, 7.899209756349474, 12.128977980609488, 14.533897185198652, 10.219017896420254, 5.083890908273557, 13.95193126044719, 14.511453856445659, 7.871319866734909, 8.025877824669958, 7.151660867296368, 13.79144337185375, 12.424075326753616, 9.117218990148555, 12.286265427975161, 13.877742795614028, 8.974372069471135, 5.2352804482752635, 6.800281995893772, 9.295655993331028, 10.045058256269355, 8.997660432429626, 10.586913594606703, 8.18508314792995, 11.76910395934537, 14.86439828513406], [5.640208722020315, 99999999.0, 5.205438894032478, 12.469119999435756, 10.613581881304672, 6.1921867624273075, 5.267081842021222, 9.890554899782005, 6.490195100728036, 14.689829579236449, 6.0584607013248934, 11.092050311548904, 10.487769491973722, 10.863680638917723, 11.209082248458053, 12.50397520286742, 5.0299605791516395, 10.352044391184242, 5.516012502891536, 6.544120184140282, 12.49830690361816, 5.253133918348815, 14.631418614192354, 7.878223510791118, 5.5522061903481355, 7.39593662645844, 7.784574348282036, 13.965976796315951, 7.116887606138237, 12.750516541718525], [12.972064826912288, 5.205438894032478, 99999999.0, 7.7062793606394475, 9.761062552862434, 7.474801633743039, 5.087263971725859, 8.660993274135787, 12.60593892773755, 9.444646211538611, 14.63596089743657, 10.259532718893158, 11.578860588903114, 12.458183425653502, 10.10629304210483, 11.102673966949059, 13.514134868255184, 6.630857986086412, 11.232792292012451, 11.731226019717552, 9.44238737069212, 8.317635167347003, 9.012898490644883, 5.9198449624401785, 10.473282327338469, 13.978709719025488, 7.97671747367313, 9.458355331944327, 13.081011477686216, 8.618985372658056], [10.548852120498037, 12.469119999435756, 7.7062793606394475, 99999999.0, 14.713604034025545, 6.372466980111179, 8.785807989629863, 14.977416493207187, 14.48679661938679, 12.57415774111881, 6.024740327759784, 11.51836147343369, 5.366620674806811, 6.9970895427230495, 12.495969608545778, 10.262892882039534, 12.729432182082363, 8.560539855255543, 14.793187816756916, 9.529239381179181, 9.740436887181115, 5.524017522177688, 8.15902542623922, 6.2145203695365, 6.731882143233426, 13.019244351316829, 13.909394525740586, 9.353869112642505, 6.935725242969498, 10.003510959382432], [7.485785903887172, 10.613581881304672, 9.761062552862434, 14.713604034025545, 99999999.0, 12.834851505019095, 14.246299414069842, 10.878906648460191, 12.432664046804794, 10.166838094796585, 12.337535495479518, 5.391490619156995, 7.229754185227248, 12.867657449241268, 14.235425564035683, 6.771163431000065, 12.624306279742513, 13.557096635256313, 6.221614869594535, 7.267586836592457, 8.213616471454985, 7.983499040846268, 8.406342224437168, 11.297343070789932, 7.117006012526509, 13.958200692169928, 7.521728919499989, 11.272943646841739, 14.89606279633548, 6.4418665484294655], [7.899209756349474, 6.1921867624273075, 7.474801633743039, 6.372466980111179, 12.834851505019095, 99999999.0, 8.883644795922642, 11.692313567598369, 8.162286309315874, 6.509428901555068, 8.98486849762153, 6.581454691791829, 12.019319302903138, 11.183660630023246, 13.851133697844048, 8.14739694471329, 5.031019424863549, 8.161712265013687, 10.930123295818237, 9.196624199689296, 10.01046738269261, 12.569839897746462, 8.733830360049478, 9.551536707694481, 5.836205423915468, 9.69904806332748, 14.889437765228873, 12.765152821393574, 12.007533185679318, 8.491167565329865], [12.128977980609488, 5.267081842021222, 5.087263971725859, 8.785807989629863, 14.246299414069842, 8.883644795922642, 99999999.0, 9.584260511623375, 12.959002031727117, 14.807139615241471, 8.37305630242447, 7.099668769730105, 11.135042389781313, 14.323451559590337, 9.471941126479493, 7.64944774722916, 11.214968435225906, 9.071814979163605, 7.630868797324255, 8.304736688229454, 9.776638907569286, 7.1009243829568955, 10.690076358543438, 7.2933540406507475, 5.613302881695251, 11.469392654329514, 8.49650024905361, 11.520394348452813, 10.08403400636043, 7.801044563891263], [14.533897185198652, 9.890554899782005, 8.660993274135787, 14.977416493207187, 10.878906648460191, 11.692313567598369, 9.584260511623375, 99999999.0, 12.596253463215628, 8.9261129456135, 7.113207790158275, 11.960766150790542, 5.445081594499575, 8.91403471677112, 7.159424003657948, 12.489897974574351, 10.230076345671971, 14.249990961959305, 7.629435263688652, 10.679215730513523, 13.736521892122978, 8.185846706642714, 9.865954809859067, 8.296202539970981, 7.53347989059611, 14.732942537584142, 5.896902789234747, 14.841639520274057, 11.505665029360411, 6.167577747037991], [10.219017896420254, 6.490195100728036, 12.60593892773755, 14.48679661938679, 12.432664046804794, 8.162286309315874, 12.959002031727117, 12.596253463215628, 99999999.0, 5.361005878191701, 9.113444927370068, 7.875939516266516, 12.261538758990673, 11.368431148163971, 5.91202450456787, 6.9669181893182905, 11.928235740964064, 14.346347614060841, 7.15665609562231, 12.267046100967095, 5.328348486308297, 14.708223952907776, 14.96388634361306, 11.841028752778104, 13.618712709383857, 13.831991406159291, 10.675419524409506, 5.426945480413962, 13.099027311828396, 11.46163675632101], [5.083890908273557, 14.689829579236449, 9.444646211538611, 12.57415774111881, 10.166838094796585, 6.509428901555068, 14.807139615241471, 8.9261129456135, 5.361005878191701, 99999999.0, 9.12687631941374, 14.497092026224324, 6.531950547869279, 6.500001067602129, 13.37294958248588, 13.094627191907279, 13.808882678073575, 5.207792854516202, 14.60571578069396, 12.521227494855617, 14.681185409548807, 5.856786661418458, 9.801549876962099, 6.411348229317663, 9.584236570261012, 9.578421654496438, 5.071154283550504, 13.79557106760641, 14.944757277563665, 8.111513173122795], [13.95193126044719, 6.0584607013248934, 14.63596089743657, 6.024740327759784, 12.337535495479518, 8.98486849762153, 8.37305630242447, 7.113207790158275, 9.113444927370068, 9.12687631941374, 99999999.0, 13.391286540484725, 10.684031021706517, 5.843893844835653, 7.674643014341429, 10.049112519705591, 6.340563909740176, 7.0553623827992915, 13.525964379514278, 10.716858251245892, 7.3951307621428475, 13.042801121692031, 5.669156219886977, 11.627756807183747, 5.911257176229069, 5.461832284561532, 9.661990025102902, 12.066404843727387, 13.717458388830462, 9.379804969117968], [14.511453856445659, 11.092050311548904, 10.259532718893158, 11.51836147343369, 5.391490619156995, 6.581454691791829, 7.099668769730105, 11.960766150790542, 7.875939516266516, 14.497092026224324, 13.391286540484725, 99999999.0, 11.748010853694122, 12.655737551030608, 12.62768424158932, 12.628507443638092, 5.391796609163685, 5.311635895730106, 13.86263862630991, 5.077111521845082, 5.977573375992052, 14.75700335497695, 5.894540952383424, 6.792495952369686, 10.884165986109974, 10.370795625043279, 5.580389653164924, 5.008144689386624, 11.419174161774048, 10.736752308513175], [7.871319866734909, 10.487769491973722, 11.578860588903114, 5.366620674806811, 7.229754185227248, 12.019319302903138, 11.135042389781313, 5.445081594499575, 12.261538758990673, 6.531950547869279, 10.684031021706517, 11.748010853694122, 99999999.0, 8.859547836485405, 10.29823784572029, 9.272800950810696, 13.26330778166048, 8.196133075434695, 13.074603239569198, 10.540984288706683, 13.964450109953304, 9.662336407321968, 8.186490050441169, 7.7396112213523285, 14.500140085920966, 13.862068866049416, 14.380897052335737, 8.824822059908385, 12.608658225910814, 12.799604889441301], [8.025877824669958, 10.863680638917723, 12.458183425653502, 6.9970895427230495, 12.867657449241268, 11.183660630023246, 14.323451559590337, 8.91403471677112, 11.368431148163971, 6.500001067602129, 5.843893844835653, 12.655737551030608, 8.859547836485405, 99999999.0, 12.418958886905553, 10.719249738597282, 10.835076244311772, 9.968856515613862, 11.2094811538787, 6.468185364292069, 12.771052137095392, 11.802051966601606, 10.917578840266614, 6.872502507535213, 11.61691307609304, 12.740957534094257, 8.759322337959995, 12.877547255011946, 7.228659953822544, 7.434479922331528], [7.151660867296368, 11.209082248458053, 10.10629304210483, 12.495969608545778, 14.235425564035683, 13.851133697844048, 9.471941126479493, 7.159424003657948, 5.91202450456787, 13.37294958248588, 7.674643014341429, 12.62768424158932, 10.29823784572029, 12.418958886905553, 99999999.0, 12.205457961545786, 11.917602533206129, 11.746372049723686, 13.771420389701774, 13.035159614353471, 13.247357177626517, 8.62291509003338, 11.41401366164972, 11.890247668488199, 7.334450114790436, 14.444118562641028, 10.73440412353979, 11.571067694475406, 7.148640273148867, 8.779021682570841], [13.79144337185375, 12.50397520286742, 11.102673966949059, 10.262892882039534, 6.771163431000065, 8.14739694471329, 7.64944774722916, 12.489897974574351, 6.9669181893182905, 13.094627191907279, 10.049112519705591, 12.628507443638092, 9.272800950810696, 10.719249738597282, 12.205457961545786, 99999999.0, 6.858893480350723, 9.251418348968084, 10.878025678753858, 14.135596556859673, 8.664439217719579, 5.482452165556215, 11.977534610448899, 7.335348857008989, 5.268885950513262, 12.218490711322138, 6.299184429750509, 12.384661513818292, 7.430818993364387, 12.122384503604206], [12.424075326753616, 5.0299605791516395, 13.514134868255184, 12.729432182082363, 12.624306279742513, 5.031019424863549, 11.214968435225906, 10.230076345671971, 11.928235740964064, 13.808882678073575, 6.340563909740176, 5.391796609163685, 13.26330778166048, 10.835076244311772, 11.917602533206129, 6.858893480350723, 99999999.0, 11.243840974636349, 6.1025794047326904, 11.448698201731927, 8.67467457487502, 10.989587441712711, 10.417741286262391, 13.774968394987201, 8.266680364211828, 14.4673955544346, 6.844688154798119, 7.258766953317352, 10.917283695650578, 5.628811496280987], [9.117218990148555, 10.352044391184242, 6.630857986086412, 8.560539855255543, 13.557096635256313, 8.161712265013687, 9.071814979163605, 14.249990961959305, 14.346347614060841, 5.207792854516202, 7.0553623827992915, 5.311635895730106, 8.196133075434695, 9.968856515613862, 11.746372049723686, 9.251418348968084, 11.243840974636349, 99999999.0, 5.042718732538183, 9.284693649142266, 14.803917812037103, 7.580043055300463, 11.46546103463267, 14.785120874308888, 5.631898776422992, 13.307465645499363, 11.056489540711162, 9.25376211969683, 5.075327123422758, 8.346276992953555], [12.286265427975161, 5.516012502891536, 11.232792292012451, 14.793187816756916, 6.221614869594535, 10.930123295818237, 7.630868797324255, 7.629435263688652, 7.15665609562231, 14.60571578069396, 13.525964379514278, 13.86263862630991, 13.074603239569198, 11.2094811538787, 13.771420389701774, 10.878025678753858, 6.1025794047326904, 5.042718732538183, 99999999.0, 12.789145166192718, 8.451861920912876, 8.61375013883029, 7.236954272924488, 8.680491039997904, 6.430164964739737, 8.422646664700036, 5.669047905626998, 8.44250439361217, 14.252787548746737, 12.035515929204273], [13.877742795614028, 6.544120184140282, 11.731226019717552, 9.529239381179181, 7.267586836592457, 9.196624199689296, 8.304736688229454, 10.679215730513523, 12.267046100967095, 12.521227494855617, 10.716858251245892, 5.077111521845082, 10.540984288706683, 6.468185364292069, 13.035159614353471, 14.135596556859673, 11.448698201731927, 9.284693649142266, 12.789145166192718, 99999999.0, 9.571144544773922, 8.550351602244017, 9.372045558632248, 6.171512364586546, 13.962776025879474, 13.498548181799036, 10.785979500345071, 12.072922752171866, 13.052594672074623, 13.311888355452277], [8.974372069471135, 12.49830690361816, 9.44238737069212, 9.740436887181115, 8.213616471454985, 10.01046738269261, 9.776638907569286, 13.736521892122978, 5.328348486308297, 14.681185409548807, 7.3951307621428475, 5.977573375992052, 13.964450109953304, 12.771052137095392, 13.247357177626517, 8.664439217719579, 8.67467457487502, 14.803917812037103, 8.451861920912876, 9.571144544773922, 99999999.0, 13.647982300943397, 10.913723803406775, 8.304925694345313, 12.923137710565253, 10.048364260791029, 8.867768114419933, 14.478649502562087, 11.868718294511979, 14.112354266599839], [5.2352804482752635, 5.253133918348815, 8.317635167347003, 5.524017522177688, 7.983499040846268, 12.569839897746462, 7.1009243829568955, 8.185846706642714, 14.708223952907776, 5.856786661418458, 13.042801121692031, 14.75700335497695, 9.662336407321968, 11.802051966601606, 8.62291509003338, 5.482452165556215, 10.989587441712711, 7.580043055300463, 8.61375013883029, 8.550351602244017, 13.647982300943397, 99999999.0, 7.092819602433962, 9.121892025376273, 10.17803867182077, 8.627113260028837, 9.656293295189826, 10.20156549031821, 6.856237402910262, 14.082843312104897], [6.800281995893772, 14.631418614192354, 9.012898490644883, 8.15902542623922, 8.406342224437168, 8.733830360049478, 10.690076358543438, 9.865954809859067, 14.96388634361306, 9.801549876962099, 5.669156219886977, 5.894540952383424, 8.186490050441169, 10.917578840266614, 11.41401366164972, 11.977534610448899, 10.417741286262391, 11.46546103463267, 7.236954272924488, 9.372045558632248, 10.913723803406775, 7.092819602433962, 99999999.0, 7.4493282642194245, 10.555222669781337, 5.576395925446458, 9.508731523728091, 8.375386622612359, 12.640209567616722, 13.619413409808569], [9.295655993331028, 7.878223510791118, 5.9198449624401785, 6.2145203695365, 11.297343070789932, 9.551536707694481, 7.2933540406507475, 8.296202539970981, 11.841028752778104, 6.411348229317663, 11.627756807183747, 6.792495952369686, 7.7396112213523285, 6.872502507535213, 11.890247668488199, 7.335348857008989, 13.774968394987201, 14.785120874308888, 8.680491039997904, 6.171512364586546, 8.304925694345313, 9.121892025376273, 7.4493282642194245, 99999999.0, 8.6590689143, 12.053804983706005, 8.943763656771575, 13.09190346595766, 5.512705147689164, 13.19061755262547], [10.045058256269355, 5.5522061903481355, 10.473282327338469, 6.731882143233426, 7.117006012526509, 5.836205423915468, 5.613302881695251, 7.53347989059611, 13.618712709383857, 9.584236570261012, 5.911257176229069, 10.884165986109974, 14.500140085920966, 11.61691307609304, 7.334450114790436, 5.268885950513262, 8.266680364211828, 5.631898776422992, 6.430164964739737, 13.962776025879474, 12.923137710565253, 10.17803867182077, 10.555222669781337, 8.6590689143, 99999999.0, 9.916308197469863, 14.083188752519092, 8.279572523540907, 5.06556085919674, 5.198584093288936], [8.997660432429626, 7.39593662645844, 13.978709719025488, 13.019244351316829, 13.958200692169928, 9.69904806332748, 11.469392654329514, 14.732942537584142, 13.831991406159291, 9.578421654496438, 5.461832284561532, 10.370795625043279, 13.862068866049416, 12.740957534094257, 14.444118562641028, 12.218490711322138, 14.4673955544346, 13.307465645499363, 8.422646664700036, 13.498548181799036, 10.048364260791029, 8.627113260028837, 5.576395925446458, 12.053804983706005, 9.916308197469863, 99999999.0, 9.074616554571906, 11.361976486108846, 5.713110183043053, 12.749148617893287], [10.586913594606703, 7.784574348282036, 7.97671747367313, 13.909394525740586, 7.521728919499989, 14.889437765228873, 8.49650024905361, 5.896902789234747, 10.675419524409506, 5.071154283550504, 9.661990025102902, 5.580389653164924, 14.380897052335737, 8.759322337959995, 10.73440412353979, 6.299184429750509, 6.844688154798119, 11.056489540711162, 5.669047905626998, 10.785979500345071, 8.867768114419933, 9.656293295189826, 9.508731523728091, 8.943763656771575, 14.083188752519092, 9.074616554571906, 99999999.0, 12.050594244400859, 6.783836809815122, 11.75077031054984], [8.18508314792995, 13.965976796315951, 9.458355331944327, 9.353869112642505, 11.272943646841739, 12.765152821393574, 11.520394348452813, 14.841639520274057, 5.426945480413962, 13.79557106760641, 12.066404843727387, 5.008144689386624, 8.824822059908385, 12.877547255011946, 11.571067694475406, 12.384661513818292, 7.258766953317352, 9.25376211969683, 8.44250439361217, 12.072922752171866, 14.478649502562087, 10.20156549031821, 8.375386622612359, 13.09190346595766, 8.279572523540907, 11.361976486108846, 12.050594244400859, 99999999.0, 5.32934448234171, 6.879075594678518], [11.76910395934537, 7.116887606138237, 13.081011477686216, 6.935725242969498, 14.89606279633548, 12.007533185679318, 10.08403400636043, 11.505665029360411, 13.099027311828396, 14.944757277563665, 13.717458388830462, 11.419174161774048, 12.608658225910814, 7.228659953822544, 7.148640273148867, 7.430818993364387, 10.917283695650578, 5.075327123422758, 14.252787548746737, 13.052594672074623, 11.868718294511979, 6.856237402910262, 12.640209567616722, 5.512705147689164, 5.06556085919674, 5.713110183043053, 6.783836809815122, 5.32934448234171, 99999999.0, 7.030892381258811], [14.86439828513406, 12.750516541718525, 8.618985372658056, 10.003510959382432, 6.4418665484294655, 8.491167565329865, 7.801044563891263, 6.167577747037991, 11.46163675632101, 8.111513173122795, 9.379804969117968, 10.736752308513175, 12.799604889441301, 7.434479922331528, 8.779021682570841, 12.122384503604206, 5.628811496280987, 8.346276992953555, 12.035515929204273, 13.311888355452277, 14.112354266599839, 14.082843312104897, 13.619413409808569, 13.19061755262547, 5.198584093288936, 12.749148617893287, 11.75077031054984, 6.879075594678518, 7.030892381258811, 99999999.0]];
