M = 99999999.0;
numWorkers = 25;
numRoles = 4;
numNodes = 30;
wStart = [0, 292.87426184521144, 128.35948644915467, 65.2360495393486, 365.39414547779677, 167.11954949832742, 77.68029731155643, 64.99978770397388, 251.77257017066623, 65.02531285429818, 149.51379864522687, 171.9902402866816, 157.31094536753997, 210.87765361762882, 263.1707595463803, 63.797606317303696, 154.57037728597882, 192.96302357455926, 55.08305719300535, 141.88317774879548, 171.37330659269904, 345.1939832400559, 328.84614727731224, 374.45905473273586, 92.90339385124274, 3.263759562208878, 303.8939200296447, 362.610958018746, 324.6778136600684, 0];
wEnd = [0, 329.8987381807169, 166.43834198637862, 98.18587648685411, 401.3755841835091, 195.9419687650151, 102.86991554787292, 99.60786510714969, 290.4494831207662, 95.29751227704513, 187.19522308508633, 202.58404213815004, 184.9943217134178, 247.16280644462518, 300.6415546953854, 89.46682847179414, 189.05276878306188, 224.49741491156348, 92.11506206643628, 181.58014424135783, 197.8777047133931, 370.8244035696682, 365.6219443175447, 405.6435387761635, 118.77032919943422, 32.514760475633075, 340.8533246012435, 400.16886176331786, 352.29941781206486, 450];
p = [0, 17.479485610731846, 23.367056915329663, 15.35872457321411, 15.55748226189697, 9.075399999597014, 9.890525227250707, 18.031765115865518, 12.825603466853298, 15.972107821506174, 10.916261716512174, 19.75102552306798, 10.622328328034612, 21.771100826651242, 12.26006402934763, 12.802373239661266, 13.050511207173074, 9.390357858044434, 15.922375404798835, 23.791128048916953, 7.194828808975572, 15.837014428417305, 18.169376441408037, 18.475523416908658, 11.381519747037418, 15.88349147353598, 14.577824528247186, 22.597431354324975, 7.045612608093048, 0];
e = [[0, 1, 1, 0], [1, 0, 0, 1], [1, 0, 0, 1], [1, 0, 1, 0], [1, 0, 1, 0], [0, 1, 0, 1], [1, 0, 1, 0], [1, 1, 0, 0], [0, 1, 1, 0], [1, 0, 1, 0], [0, 0, 0, 1], [0, 1, 0, 1], [0, 1, 0, 1], [1, 0, 0, 1], [0, 1, 0, 1], [0, 1, 0, 1], [1, 0, 0, 0], [0, 1, 0, 0], [1, 0, 0, 0], [0, 0, 0, 1], [0, 0, 1, 0], [0, 0, 1, 0], [0, 0, 1, 0], [0, 0, 1, 0], [0, 1, 0, 0]];
d = [[2, 1, 1, 1, 2, 3, 4, 3, 0, 0, 3, 1, 1, 0, 1, 2, 0, 4, 2, 3, 0, 1, 1, 0, 0, 1, 2, 2], [0, 2, 1, 2, 0, 1, 0, 1, 3, 2, 1, 1, 2, 2, 0, 0, 1, 1, 0, 2, 2, 1, 0, 2, 2, 2, 1, 2], [4, 1, 4, 3, 0, 1, 1, 2, 0, 1, 1, 2, 1, 0, 1, 1, 1, 2, 2, 2, 1, 1, 2, 2, 2, 1, 1, 1], [1, 3, 2, 1, 4, 3, 3, 2, 2, 2, 3, 2, 0, 4, 4, 1, 2, 1, 1, 0, 5, 1, 2, 0, 1, 2, 0, 2]];
r = [115.30210697862776, 161.57796980833956, 146.1448065688282, 160.16596744939991, 199.38638617007481, 50.64514232506724, 123.96228527108745, 57.043607684086396, 173.17961052602703, 176.8335939523795, 116.91440683146384, 98.5306566933481, 165.45533085046392, 166.31229843831707, 50.02784778161484, 113.94837239987648, 100.51313013831673, 83.60760128245732, 74.86115907901043, 148.02746538630265, 160.1713092063676, 78.03819393333676, 135.3289503927084, 90.62689223429317, 191.66653375587381, 178.682210853956, 198.430760160445, 97.92809604294283];
b = [[[1.4252325034082718, -1.519281281184445, 0.5781963415152598, -1.7825741614299013, 2.0103869466028748, -2.386290401728509, 1.0436041591796954, -2.4555354102429643, 2.5939109255710298, 2.891362002551779, -2.575447273343067, -2.7399953532344656, 2.5245342642194855, -1.1700345219487154, 0.5358497337198536, -1.3853029931179555, -0.931156317198715, 1.1528389292831518, 1.8845147299625475, 2.6579633482658265, 2.877028785734467, -1.1707239463363335, 0.11970359170857758, 0.9896043199719258, -1.8661771363189066, 2.5692961667605134, 0.4289758901296685, -2.6046510368621103], [0.07360075994080173, 2.7357774381865427, -2.7865694506400525, 2.2515791666728475, -1.6928039410746967, -2.921803770074197, -0.25445542239352514, -1.8864398200862131, -0.7635368961636431, 0.6076096346771744, -2.605434858608587, -1.4310792780545007, -0.3658098027936241, -1.1554787514860942, 1.5125217151637473, 2.829601449248276, 2.9834379441616923, -1.023716441169509, -1.6483452385589612, 0.7994086589768656, -0.8366537964711243, -1.2426858007606154, -1.5340119735998239, 2.0197819525978984, -1.3402460376127776, 1.9575875981613153, -0.3334913458264981, -2.2314251638795604], [-2.8275226725880183, 1.7138730612222588, -1.013785066105416, 0.32404065739324484, -2.689276795015985, -1.7506606853515876, -2.198695396747854, 2.00383841210762, -0.7468980209180112, -1.5081842071030462, -1.4085695674333354, 1.5926163978401693, 1.1094677534120443, -1.7535801465680743, 1.2631017472373944, -0.08914225797290687, 0.717200939460882, 0.3878235618304684, -2.4124514922699887, 2.448478570479452, 1.13943408347708, -2.7148854768859434, 0.22598860780626318, 2.517360968885436, -2.9527360216567993, -1.3204926572286229, -2.0632219869980535, 2.093963605371423], [-2.6083243335468502, 1.998575351722157, 1.562067848152151, 0.2623009872786626, 0.33136175089324427, -1.383379912163578, 1.7797754470899383, -2.8158329675814473, -1.6943828216493426, 1.4244304677928952, 0.26808560947320537, 0.8272099448552841, -2.3355975398632953, -0.884500539613176, 1.4880205498289252, -1.7083753640993136, 2.042282838895696, -0.155834182546152, -1.4464074489709786, 1.784817863327822, 1.051219618945769, -1.553001239987343, 0.7043647593169653, 1.3066026494621017, -0.7028431907996922, -2.573095440388935, -1.3670709069696585, 2.5863383038956353]], [[2.0474282398487, -1.0693131438413588, -0.24889176700669502, -2.1230366368113627, -1.1889863905382234, 0.4915819588091539, -0.6035604772781689, -0.48405696305977486, 0.7678209475884632, -2.462531271547679, -0.38786198154870677, -2.648013472552833, -0.506139158691207, 1.2531221469031024, 2.8870641709357887, 0.06396953611182443, 1.1810363550301872, 0.9924375628978277, -1.1953184393993097, 1.3608688924184804, 1.9392046250357389, -1.329869991610375, 2.354764424044533, 2.3000541103804597, -1.2625710803528625, 1.77881323761902, -1.6260117033221442, -1.2665324347081384], [0.4470205701562877, 2.4609899050097956, 2.0085967163930754, -1.8337580415002226, 1.9839783130665634, -0.16400875436273532, -2.5561941632563743, -0.4353840677932381, 0.007352244121309859, 2.906402328014968, -1.317485086085195, -2.0515127499059567, 0.9144186300000197, -0.9523772075474124, -0.015325382189491421, -1.9688546057927832, 0.5900986619619104, -1.5073812525893013, 0.15074266502410527, 0.7871650604607088, -0.41591792141158024, 0.37913818546099476, -0.9865962411792633, -1.0799494392650981, -0.15788711781490328, 0.4593576335823437, -2.404165271117697, 2.4733625849087275], [-2.0993865452910616, -1.717777559682533, 2.183234402494513, 1.1896553387156876, -1.7128044265195494, 2.941119277658017, -0.9897869780255162, -2.5768617614752856, -0.9705894040174288, 2.6000108522350764, 2.459392309831971, -1.5383041561773048, 0.7888823785337089, 0.09769448458656083, -1.7377730036984962, 2.2112942124668518, 2.0807301504681117, 1.4463868143436471, 0.5364449047088593, -0.24834824771943964, 1.859922466277153, -2.8384545465751985, -2.6965568857064763, 1.1497523285472955, 2.24531081388505, -0.4246564100996446, 1.4336542370436414, -0.7829478497724089], [2.7221355410371784, -0.6243222877807968, -2.612509933469811, -1.496395049538523, 2.078772067358207, 0.5458269006385335, -0.0003326796957527911, -0.5937259336294258, -1.5433619987047067, 2.2860398028070392, -2.3055617914135578, 2.107420931103193, -2.6828822173790448, 0.18980833873363512, -1.1979921517046923, -2.7749414339110476, 1.163965622024464, 1.9463063193805752, -0.9714192110075377, -0.3940231062260633, 2.0536501738046518, 1.4571054928480853, -0.9298522178619679, 2.452769586727258, 1.8832177174352527, 0.912113059104831, -1.741716282958423, 2.0222822589709333]], [[-0.8005440299977007, -0.39705059852048485, -1.8044899880180323, 2.5447540769395935, 2.1440163869883913, 1.5309194316009833, 0.787648631274152, 2.117097698814142, -2.9441498201923597, 1.74204254825945, 2.622130430882124, -1.9552713421398815, 2.1366755405269213, 2.737022902394494, 0.4900591533331444, -0.4937438083060659, 2.9151339412009882, -1.3265299458235233, -1.4035931286986527, 1.3710283393549494, -2.345032104737558, -1.3837734865576938, -1.862969577930924, 0.5654278724917297, -1.0947275398376217, 1.2501910679532529, -1.6613251712666326, 2.6823090803933702], [1.960606518843747, -0.5849601347819258, 0.7701462876414156, 2.9217456692385317, -1.6078166955110451, 2.6710274481214853, 0.6402107433779554, -0.9584660462546197, 1.9508313247139792, -0.528195293599734, 1.54310643752072, 2.1429025406678033, -1.1742703806759491, 2.2594348993855125, 1.4215321593120969, -2.045558837531995, 1.9619494698405093, -2.7662017958482634, -2.187112151759145, 0.7097150427720766, -0.15273354205323741, -1.0810884945140802, -1.6112880628872168, 0.5716025920481567, 1.9415066130581229, -1.0094577719572908, -2.6076666734636014, -2.691766168058802], [1.3394660542327177, 2.878932362921425, -2.7678867216111365, 0.24016661150690588, -1.6145973592014742, -2.938285009793815, 2.2079879530501803, -0.8694913214171436, 0.46466452337949793, 1.4335745959016313, 0.8491992733192868, -2.1469332017798575, -0.5337192962436847, 0.3205201146000567, 2.616736080033677, -1.533017983819073, 2.6187234957714036, 0.12078687791100506, -1.773692557098157, 0.23040123724440287, -1.2184767974478714, -0.004680970779725957, 1.8105143056576045, -0.49595898945014527, -2.1815127182940635, -2.8030585427267125, 2.1474175859757265, 0.697663941537706], [2.4931443542180114, 1.7823776936453637, 2.0901835561767035, -1.687594191049087, 0.007252892104632647, 2.637285344518223, -1.3755056233376912, -0.02456198872727855, 0.8063493178965713, -1.9705359397699016, 1.1611372125015693, -1.5024822784584555, 2.7772555832475714, 0.29795264332406646, 2.5380947278607966, -0.5818330696222618, -2.2084080100289905, 1.7699455062832117, -0.4293490279760759, -2.1756853995574352, -1.908998860226855, -0.9741991741283109, -1.3877774405323924, 1.4332339925066266, -2.3382164493489697, -0.7206598577472292, 1.4000652316785764, -2.7215498251551242]], [[0.8048630372094348, 0.24121891633536618, -1.4934801485351794, 1.6526111583740803, -1.3025186901025487, 1.1188516400168869, -2.966739356481449, -2.40209807352095, 0.313283989840476, -0.799223082936142, -0.018869937130590042, 0.4710250002952492, -0.9205973579117943, 0.12063853235341071, 1.3327357672038973, -1.0076445568882026, 0.14526946198384305, -2.876942001410386, -2.5733024439322256, 2.134034258743239, -1.5413964256778132, 0.2708661596096755, 0.4263586112482698, 2.7326693849878883, -2.7677296471561097, 0.13018375578959684, 2.8634693718218642, -0.5949078165306565], [2.9475043182428093, 0.3083784869895436, 0.44251518380443233, 0.2208619816546875, 1.675756156147866, -1.5635233623444733, -0.37022178121818516, -2.9097283278437898, 2.8825266907264737, -0.45500503338889864, -2.8228309671448066, 2.9564257343233162, 0.5467063114545541, -2.074996806821759, 0.32074888157032966, -1.9964051414349617, 0.6300956686223449, -1.2496477479805284, -2.686665282717378, -1.2004948066523098, -0.5174189860661556, 1.6750807389714089, 0.9427569589352549, -0.5151804144154175, -0.6262989916554726, 1.5756550379418899, -0.6957638622472295, -0.18084313774676541], [-2.9566686571294296, -0.5785137318862548, -2.4137976361907696, -1.1635549037821025, 1.5485622350429846, -1.8969756776004925, -1.1268530367124996, -2.2351464234670013, -0.941994691038543, 2.331086186757407, 2.717320209987159, 1.4175332564174958, -2.738461723926413, 0.2373223871259027, -1.45205947577359, 2.021166480910913, -1.702182617117814, -2.391435039101265, -1.9272441655511632, -2.607238029335358, -2.0462827071354575, -0.7098653032964122, 2.3296627644789716, 2.2198279083244037, -2.5956793358583554, -0.14928129330971185, 1.6901346824533086, 2.9569337355450305], [-0.7731916229437767, 1.1418546468971513, 1.7413063702832332, -0.9521317419838873, -0.4543762382892442, 1.4239231133820587, 0.5564935457432432, 0.9472759924223744, 0.28483724015079215, -2.4357655634156563, 2.208596389918907, -2.421012535941709, -2.4899996134689064, 2.707786169960338, 0.07261577073591718, 0.14304864802014006, 1.2166938402840763, 0.18839717788668597, -0.6947383961103251, -0.27763805405413766, 0.08078414972037518, -1.2155627846365524, 1.1358378173071957, -0.9459562885505912, 0.6354357723685333, 1.3975251397185886, -0.8424045966911784, 0.7503363363527971]], [[-1.0237384411386001, 1.29011958628924, -0.2580928536142384, -1.8945084735757536, -2.077734652120109, 1.5866770658467928, -2.8313243983643313, -1.524519682511494, 0.6212785148661037, -0.26973097985042305, -0.6565112791709535, -0.8803611368703343, 2.444643614947206, -1.196792351685399, 1.6352627318319026, 0.39337525442530286, 0.8910673229745183, 1.9244746061558038, -0.9724175332489882, 0.5886724743979808, -0.547349924393937, 0.21779152499509413, 1.4829298801801798, 0.8242066037288329, -2.632661244290987, 0.881270983624344, -0.8082578600495829, 1.058434532239028], [-1.4926929372607773, 1.2710312032765598, 1.0673611864917305, -2.3889762314830367, -1.7318101686442504, -0.8750775181742712, -1.3506184166274475, -2.36491502072085, -0.12066163504267813, -2.9606831602434402, -2.3906075392568047, -1.366214362922957, 2.7323758212815985, 0.43646463372936584, 2.747678478815846, -2.264968315194635, 2.073331443284548, 2.8058435026860664, -0.20742301920196704, 0.8824552864040314, 1.22077877766203, 2.928056259242796, -0.5617909952116493, -0.29728921971628797, 2.9712047448010424, -1.8966315029822238, 2.3039683653350194, -2.69875035489513], [-2.919871202759969, -0.6752431537196895, -2.245315931198707, 2.542020757327683, -2.1065354902960105, -1.252422752072602, 2.560352909641529, -1.2960594060114112, 0.7016013500666918, -1.039388769010034, 0.3428977128563977, -1.9006083942181484, 0.9717035100898865, 1.9721573137981432, -1.5316861746182617, 2.1655656446682485, 1.6208233117840134, 1.6146219921417027, -2.926012294481483, 2.85489066885809, 0.513390189495337, 1.062407687050964, 2.7451837202918163, 2.6625428087479133, 1.842950299248523, 1.60608946798372, -2.6856230404640655, -2.198802535774308], [-2.450196418077125, 1.4826194783603555, 0.26633108939958916, -1.3425615871597374, 1.4968272296387708, 2.6036800334647374, 1.6203452930438145, -1.8987189046926687, 1.3061104320450507, 1.8176097367411401, 0.2466289366238703, 0.9638534825937839, 1.4234530569433854, -2.5907616592172817, -1.129434325291422, -0.33422753785174075, -0.3534136894657465, -0.5420448831096292, -0.07604280484553705, -2.578783950085112, 2.966904792689051, 1.402218756620913, 0.9993197916393948, -1.8725301005832002, -0.10838341031651666, 0.8585003144406582, 1.738249763960125, 1.830369892420416]], [[-2.9133113347096913, 0.8088626259512175, 2.6935877455281467, 1.9159622190681214, 1.6058359643258875, -0.04568937225560177, -2.574644918599732, -1.5416895003675013, 0.8504570696937712, -2.402996382777864, -0.25779117262105444, 1.8649722023024928, -0.2765638965983972, -2.4258962942395117, -0.5110203321568338, 1.8021455284895822, -0.16140545947627682, -1.5876727715414545, 2.999382996782252, -0.06565403112760881, -2.681194674064291, -1.6912679860040474, 2.3777769468412338, -0.5450091626480607, 2.8843894693746313, 0.7105613244698019, 2.9444405321888727, -1.6229563219869088], [0.16256774395432227, -1.9492533602141517, -0.007749029175624589, 0.6505204945242826, -2.8397106581754787, 0.8249225346266176, -1.4091049987378537, 1.0573909983964818, -0.15244749635126276, -0.9255741081876225, 2.5608302502671636, 0.8779403105759442, 2.323978957650519, -1.6737563001127593, 0.12921552314300877, -1.2560212628139564, -0.10811046911153976, -2.6537950288598133, 0.9849205693959835, 2.0741864123097606, 0.30435150831370805, -0.8073112579544803, -0.6725423645795567, -2.1491467820819734, -0.7690184670967408, -0.8544331122375226, -1.870197658786636, -0.6679618881699065], [-2.0297097628975727, -2.2509803306223106, 2.0110321096379256, -0.3612703044803558, 0.8301862973194627, -1.8250291510949448, 1.617883255636503, 0.4552415270878982, 2.3439585646056678, -2.9126755851120114, 0.6480020188549358, 0.23910663759027972, -0.32530624018526577, -0.8467764643599858, -0.9804958041741565, -1.998483203762389, -2.7105493326329233, -2.093699030363177, -0.9681601630682222, 1.7893688931328446, -1.7565373220405232, 2.3515834237200393, 1.547523992688209, 0.46395242994776886, -2.999988387837906, 2.8643943665765574, 1.8778566032155508, -0.5586400844239612], [1.1023309666583323, -1.4196440579181433, 2.2379402499085383, 1.789378759836043, -2.013312555636837, -0.9052544790239327, 1.7695126598962387, -0.5670772594141749, -2.715993589393637, -1.6581294846150887, -0.9982740551818834, 2.7375603686901586, -0.3134573803908438, 0.317501635741793, -2.331541353939766, 0.9606537566709834, 1.5042617334275432, -2.475909494671726, 2.7617601853462306, 0.09563233725341824, 2.8664039610738543, 2.840131288283435, 0.802362135027157, -0.594670233887558, 2.57289645653917, -2.576982952120882, -0.5178148383121699, 1.6384560413070304]], [[0.802325682775832, 2.3296740578447874, -2.7188850931907553, 0.45874870540342716, -2.9173796676064345, 1.4289656441890326, -0.7923149388469577, -0.6810922796020793, -0.40390099929202794, 1.8979781479408597, 1.4349776725296461, -2.2752884266446474, 2.1905364712852693, -2.882721062006426, 1.9898666882049394, 0.17982601810366905, 0.396587356156755, 2.013109305990211, -0.050450067367631135, -1.3116999098583646, 2.847629908044511, -0.29316423747138476, -0.40303941748212857, 0.002425224481014787, -1.2005417077263416, -1.6513342018073862, -2.401402676573168, 2.4841722540338296], [0.3729202363226931, 2.688381279220737, -2.1854721513392557, -1.0211234459643714, -2.055834880898738, -1.9340867645922124, 2.3801265470877047, 2.4505135907965707, -2.8835256852772706, -1.4832595986513446, -2.8728069566138474, -1.07802789446792, -0.1062142683667533, 0.12167088961782468, 2.8111366612701234, -2.175470594880956, -0.018240940825764884, 2.4529841203890363, 0.7473672110940868, -2.831774840020404, 2.139167038588087, 1.608224478251354, -1.6634591147318456, 0.4096524372226975, 1.5892670085364164, 2.2360661240999846, 1.3863693445899798, -0.2577803412640738], [-0.028869797325492108, -2.3509472857669915, 0.16557306878776412, 1.1137191093985068, -0.8783191915422353, 2.782142726454838, 1.769577756005086, -0.7444503446489064, 0.6822297313095871, 0.5448025135172694, 1.340090914951399, -1.5933250748312957, -1.7711296624456732, 1.8621116870469194, 1.015573813701292, 0.010519251849216538, 0.4836132856686577, -1.0482006846047234, 0.33194714112868207, 2.633771132167233, -1.4386105276912136, -1.318707585781461, -2.622706513725615, -0.9707565979930797, -0.9500714255273168, 0.5194965090595094, 2.235079963871236, 2.7563539270905393], [-1.6790143011858951, 0.1683830274988969, 2.4793805545094774, 2.9220860067979118, -1.4156256338137296, 0.21528434294702237, 0.18093646168639932, -2.1146976058787144, -2.697014419564962, -1.6590187936303584, 1.6914386019741983, -0.438143998468862, 1.429374513733273, -2.9679712809779004, -0.5183495592004737, 0.20364973327395397, 1.1727176089181146, -2.936654927574842, 2.4346088882283095, 1.2916548520792341, -1.4932173541936336, 2.6095710315912477, -1.4940295221937776, 2.054953877586142, -1.900578918750605, 0.7187898335331733, 2.728309181843411, 0.6351956633828792]], [[2.669751531535333, -2.48531216220548, -2.937907671422751, 1.926169212481109, 0.31255408010172747, -1.7485782395900953, -0.6554761297685312, 2.3846110084645975, 2.2224984631914104, -1.3591478269839588, -0.5329518182767474, -0.7331953922080148, -2.651301722038758, 0.5312274801242909, 1.7133658766104363, 1.117344595383698, -1.8024551961602044, 2.841947138631811, -0.8034081136537816, 1.3603155514051588, -1.0872861541924517, 2.718239363290155, -1.8543598174050469, 2.060923774838624, 1.7185984203890614, -0.45681558489211316, -1.7562055992899654, -0.7379766080816723], [-0.9478730101527342, -1.2304127077858067, 0.6496419978239882, -0.8850220585320034, 2.2988879226001613, 2.3086338368828825, -1.031493185131247, 2.554076827253377, 0.37140068062547504, -1.626792434489741, 0.5793077734929906, -1.8678879035257072, 1.9012358081412923, 1.2785180324208385, -0.5641761532691483, -0.7265879613355466, -2.459093139988439, -0.7654424310184118, 1.8319183183321588, -0.9876917030955816, -1.3456687018378317, -1.1630227112598546, -0.0645900203663059, 2.189022699767465, -0.8370452487666, -1.4957503499032205, -1.6871705482983306, 0.030227016424052344], [-0.3072408339160475, 1.988243575575578, -1.255719240230677, 2.0868751124809197, 1.1083697659539755, -1.8078380265270413, 2.6448171038670516, -1.332296409507328, 1.1116497268284293, -0.790087938586439, -0.8492273113946203, -0.3930134236348719, 2.2216486220226264, -1.8659718278782755, 2.2952017368044304, 0.5326463593777104, 2.984709693765117, 2.947474761340027, -2.7181147209774172, -1.8476903069498338, -1.1107548953912336, 2.9068474976582213, -2.180370219466266, 2.337601213206831, 0.6487804420672618, 2.7374056120893204, 1.1363781476697055, -1.077724562856083], [0.9296424608133718, 1.4108685401158647, 1.0000884648047634, 2.8770474036138562, 1.0762266032367238, 2.8338758249079214, 1.3951851986749295, 0.306717123562223, 1.3613626336159825, -2.4560944164281397, 2.540075011274947, -2.644699482787826, 1.1468669522945634, -0.3184161338362488, 2.0827370752331413, -1.1062885671289415, 2.3653441042989263, -1.4131430401969933, -0.14773296983893136, 1.0981655655521703, 0.09732743493725993, 1.0101175284210875, 1.9103254476898126, 1.6304314131629667, 2.2525086114524653, -1.7949644879262325, -1.7656957398972968, -2.6754991943751785]], [[-1.6411407261316402, -1.6653183802088694, -2.8169699219131057, -0.18707041378216172, 2.724754550185838, -0.2330375894254022, 1.8828411701330108, 1.8704114109659136, -2.882963157115046, -2.0826826380472863, 2.9474771297315865, -0.1818423999832417, -2.5081964817653244, -0.5333243389577538, -1.2120963693880253, 0.34537988247557294, 0.2651168719624053, -1.090747736394523, 1.6019077808763367, -0.8603527295379889, 2.535754789092719, 2.131002357542023, -1.4342891750381257, -0.4766156379505997, -1.979227866571363, -0.5160034629156174, 0.8667396852562712, 0.6621534930748787], [-0.5821940515838575, 2.125431033435423, 2.7442456823392556, -1.9487281765582385, -0.08986143590058049, -1.9612501631186967, 2.1962966710876257, 2.7689736058134002, 2.138601205522714, 0.7380093916829296, -1.3792193500023604, 1.4974889513239749, -1.8129230602652922, 1.4927323451125574, 2.3371868664637967, -1.268343189144884, 2.888340714051484, 0.9576633833152073, -2.4792975479834007, -0.7695661635047282, 1.1679975358134147, -0.6027879253956918, 2.1512553422816865, 2.7872235060188606, 0.645696263358829, 1.0717809925799138, 1.68988246819419, 0.35515591208614516], [-1.5581428674156055, -2.1661546861185164, -1.79922339551128, -0.8140455821300856, 0.9127205196098283, 1.057176199521633, 1.0665930562419224, 2.007140394799391, -0.28732526365518307, 0.7547628922001772, -0.5003219310131763, -2.879112131893693, -0.7461560924151991, 0.532019961558607, -1.1940658943825095, 0.02978554897249097, 0.3426783443601291, -0.6919290004970868, -1.7940709264563357, 0.33969830573432525, 2.6252843779156905, 2.524540383787345, 1.4511507720955361, 2.9711430167538673, -0.336985673254933, -1.333539272764939, 2.685585713908276, -2.297514212314345], [-1.8327655802023306, 2.654610384413031, 1.6174806037797662, -2.4866028642466915, 0.4224704619107884, 2.312580242748643, 1.530271277611151, 1.0244588973033046, -0.5417566609833813, -2.4493337120107626, 0.8948106501438993, -2.327750613780051, -0.32658357179592956, 1.536118596391832, 2.3161858759081717, -1.1735666404802807, -0.7570636725182678, -1.9597093982372344, 1.7285577012333908, 0.899957772214119, -1.7185486480262466, -1.201716990852797, -1.8127143744479794, -2.8257737610958378, -2.0198204865206093, -0.46670024532186183, 1.434250694725943, -1.146507169549142]], [[-0.43558610648431895, -0.8902247465445594, 0.4592028525798746, 2.8930254409090628, -1.5514870621464238, 2.7887052042777736, 0.22091698583685826, 2.849252683451313, 2.971202453793361, 2.364981562114469, -2.1572526554609386, 2.412145638199167, 2.9071599062566875, 2.16611009361419, 1.5326082234968474, -1.7063727369744395, 2.5435669035700252, 1.6834301242458594, 2.8904952267658057, 2.767952431502888, 1.3479986329583458, -0.10097548156497282, -1.0260972287943206, 0.7647128385353161, 2.0667778356594777, -2.9712843990343742, -0.9918236155151838, -1.5928258591427162], [2.654450231373972, 1.6528673415241304, 1.160839804130207, 1.8070509574829323, -2.6519762155633684, 0.26615911382013424, 0.255741428520031, 0.01357555584767045, 2.7738122504326768, -1.791464748968023, -1.5354875622445785, 2.2548151656225643, -1.5292023697431851, 0.7862117884382243, -2.3662474394281636, -1.7791904931223355, 2.8844289426609535, 1.8356002490362524, -0.3692206628539836, -2.7591908835740164, 0.9588521551525675, 0.04268546488991509, 2.213279075536767, 0.15639101417239498, 1.921047580308846, 2.9805542667165463, -1.1841589910156292, -1.8108066555857756], [-1.272049129614182, -0.20111770479420432, 2.120478129460067, 0.10357338808769612, -0.989411987933801, 0.8015607648712519, 2.3849069354372325, -0.05251325643715221, 2.7346891900114176, -0.9833088079867736, -2.211968859172644, -1.041964122930356, -1.2706044679230868, 0.24699419297114567, 1.5343392323213525, -2.0213712437157567, 0.025894969476484064, -1.6366327047469922, -0.6398304425461809, -1.3689545640611918, -2.4815499054913506, 1.7551579954867886, -2.7544390717484823, 2.1588019202251, -1.6964736610802778, 1.2854516370151776, 1.1299135979639088, 1.6503473711767693], [-2.3679197023528946, 0.7738865695356187, 0.47049643414653985, 2.7541521654897974, 2.8402697817127756, 0.5839704411317062, -0.7533606024201198, -1.615790092375683, 0.690467241418343, 1.8711313765119773, -1.5392469273751435, 2.484577109391915, 2.61697921397478, 1.994048114150715, -1.8077352346989692, 2.968126173690824, 0.6233298265797886, 0.8624772511150454, 2.964823417590021, 1.4063185342478803, 0.8611025841231656, -2.988830811473904, -1.8008442899254007, -0.9981324313002196, -0.46204373501918594, -0.7608996149433342, -2.2530973870542175, -1.2691722250086146]], [[2.4560028913838368, -1.303013407079417, 2.5558474094450245, -1.8457713729026493, 0.7584918481276173, -0.7809531234586773, 0.7479635383358483, 1.1188070730329933, -0.7207740336809234, -2.820372504312467, -1.2604842534008618, 2.6316788449471336, 0.9859216061150233, 2.9085507667312003, 2.199646699403999, -2.8573096110189207, -1.621539884269896, -1.8115115253627598, 1.406263636998105, 1.423658135109986, -0.29888255608586434, -0.5676927176549325, -1.4657793835436623, -0.6759903195434211, -2.7853829243693546, 0.8967865409968656, -1.489991622675479, 2.063945128225921], [0.9381104761401371, 2.9321070000721674, 0.8305335718548621, 0.012971119274915566, -2.936823024134757, -1.3365428647996058, 2.0378799664176137, -2.587534115415861, -0.7958977331367998, 0.13844771003227407, 2.9643556708831262, 1.7198801739875567, -2.601820344363544, -2.8445972080281585, -0.4602314615351104, -2.3750577966595747, -0.8182776719525124, -2.5402343066055932, 0.4484997803681008, 0.5469191895121757, 2.8322997074952934, 1.4472883631564546, -2.4860187655838297, -1.3352386080316565, -2.0035867977814115, 0.726348285271361, -1.78631783859945, -1.1041312857685834], [-0.5860981296080467, 2.800765976644019, 2.0013273691434073, 0.1709115263348724, -2.9441226637725704, -0.7359260883074441, -0.24091530277229412, -2.8222250697950835, 1.0785629646106267, 1.0243477417046156, 1.3856075449945555, -2.0038465076111915, 2.847037630842987, 1.2971945469433912, -2.0807540042129986, 0.4890065619649411, -0.644752345846447, 0.67332207760905, -2.1642252132907442, 0.39497239549743, 1.4835465583627627, 1.6390751908156975, -0.24540257916028452, 1.0285512175019047, -0.9531738581051594, -2.0308371451152176, -0.6703179880836263, -0.4766739265263116], [-2.975139093266251, 0.7381163434550704, -0.31735984153156593, -0.5783100788591904, -2.496021592248426, -0.758439705400741, -0.47345861533181033, 1.4295729409028333, 2.127079378535191, 1.2127914871713141, 1.0624238286826078, 1.1421747227854242, -2.829719566592736, -2.1109168633957305, 0.5521188558657375, -1.9729004654519475, 1.9283810923285492, -1.3675382315499764, -2.6614281978766536, 2.747947946999779, -1.2597944940341765, -2.296704563520257, -0.1496456818526939, -0.06966222900457986, -0.11147963812579853, 2.854779052451354, 1.2667982861784601, 1.4874437830098994]], [[-1.5036438036162165, 2.594103823833998, -0.2554397933998409, 2.461238682009138, -2.8057232726050882, 2.406116320906051, -1.2363386379702603, 2.955839004481666, -1.3983359205381385, -0.24140001344493056, 2.4506717281904393, -2.5446249600914346, -1.686364223848199, -0.1637965674717723, 1.5159076044947897, 2.24996978625233, -0.6391079545072893, -0.16478324144775947, -2.18351258481041, -0.3244763148985905, 0.5890646039553431, -0.18458844413577147, -0.1122179363692073, 2.3431549636514317, 1.011033343077881, 1.3030853227697028, -0.6580874890950907, -1.6922439181201427], [-1.856545608787464, 0.6288561522360006, -2.035497284061325, 0.39668886442957385, -0.5408028211091152, -1.4880192497292053, 2.81372407017305, 1.1445692826563185, 1.5268808057196033, 1.9855862883316586, -2.2418640799046186, 1.290317622414892, 0.680199235165027, -2.1268559934390323, -1.6903931158855579, 1.372345963590634, 1.9972228958049634, 0.6947383507504461, 1.6526896386153433, 0.9044240356437419, -0.34486589588827066, 2.755426316083092, 1.4353922396366325, -2.9942561505231016, -0.9014050443912591, 0.5601721189755784, -1.1340749479795749, -2.9873933955113374], [1.4311714309013315, -0.3347419168546706, -1.2548627339916758, 0.4364619485868104, 0.3309288426987278, -2.6597995282009377, 0.3251784299119249, -2.5761107940116865, -1.9582648630074972, 1.5415176777309822, 2.6801991168976738, 1.5679185520852688, -2.623400695573369, -1.1194764212263617, -1.9769881595358083, 1.4725981546424896, -0.45947761834595013, -1.7301853267243315, -2.390363686648481, -1.1165135557504418, 0.5896770102866711, 2.1329841447066658, 0.2416880506604535, 1.2819961305324963, 0.8815508228764335, -0.7425749827734811, -2.607257376711192, -2.5574503183093054], [2.4805454947279166, -0.6491429352608944, -0.4109111036394495, 0.2605662421826658, 1.7968770832752474, 0.5532076668333943, -0.4177883956427264, 2.5649187627476016, -1.0630687187646721, 0.6416288256931155, -0.6477000153467563, -1.4004169160606679, 1.4717357575434882, -1.4076387989735502, -1.3104615880735146, -1.6547448339279451, 0.02863038730504819, -1.0672084630937682, 0.1308563703965162, 1.436966769085454, -0.7972807932166281, -2.3111374272205403, 2.0544157762972244, -1.3411267245579328, -2.8553265122730496, -1.9754599649603461, 1.8873165283285225, -0.447393902220651]], [[1.1361017331677896, 1.867005297820846, 0.46127754151703915, -0.7162462231081683, 0.7721144107064664, -0.6641731739156875, -0.021510540322462468, 0.24287941981552752, -1.02289617406895, 2.936286977213152, -2.9220402790701634, 1.8031409282891548, -2.3992010441821208, 1.7368697634920274, -1.3566833572508856, -0.5905450083866159, 2.5595475690961997, -1.8775890831606525, -2.7019141425912014, 2.715019115348415, 0.506564363941969, 1.4666782995718997, 1.3915640913032608, -2.1159688474297647, 0.6062913030365178, 2.2810706122131696, -1.6456775608881047, 0.16284631767439794], [-1.586253515730856, -0.5244741695070916, 1.0177458411147455, -1.5664743356171484, 2.4067143677915688, -1.851012470246113, -2.0126503151812556, -0.39327390216512015, 2.6470657504524544, 2.945829284871869, 2.7107078890300205, -2.822128586060055, 1.2347381986809935, -0.12310473376400832, 2.501345340588583, 1.2534290412620566, 0.022302409787777755, -0.32969867244624007, -1.7689971739694408, 0.7095750377349468, 0.1307687751601172, -0.3196626536943068, -2.2360169224274804, 2.398641569207693, -1.2295862796665058, 1.8612807432427898, -2.430821536794424, 1.9735875637113125], [0.06603156465701865, -2.200065283705036, -0.8889464611875546, 2.400757778248149, 2.0749575606875945, 0.12779323516366237, -1.0396091298000687, -0.2812792077641424, -0.06323073928764344, 0.7183421391391027, 0.7444427203913069, -2.6303264852832795, -2.0863190726301575, -1.2652697172013891, -1.7915091405726273, -2.837502982358581, -1.7756981048715648, -0.3160697678561464, 0.10361097714997314, -2.8481159348699627, -0.4513501237670039, -2.312525678469682, -1.2551419396681947, 0.6528708135563832, -0.934239464899568, 1.2464255785042972, 0.33027666052744475, 0.07482826739975534], [1.4306182183541987, -2.4618219516812, 1.337353519763358, 0.6695307241419384, 1.8519632910037505, 0.4574063007491249, -1.2752058151433703, 0.3996288101822243, -0.3234588479659415, 1.0935771457094452, 2.5446294723752905, 0.48718476020010915, -1.960163584908641, 1.90501539043934, -1.6298275252058263, -1.7535029853959798, 1.4215206414932648, -0.9976655068180107, 2.7975701759216998, -2.4295764642353737, 1.0404088270364715, 1.1863423032048859, -2.7581722678071934, -0.10661378153915413, 2.83701073281485, -2.1292678531608433, 2.505278814038789, 1.9641111769949875]], [[-2.3393979862114263, 1.380403126347157, -1.0803183151901647, -0.5398471400755009, 2.688040385627815, -1.475890831285184, 0.5584498138682008, 0.10291929462937954, 1.7393899821717964, 1.2281879557157804, -2.600461697086766, 0.6432366262298705, -2.2799849529996363, 0.5679036403231521, -1.4581721585566152, 2.9617613237737377, 0.828288898276353, 0.9322431219443512, 2.800361722828109, 0.4011428648599913, 2.3866167491225507, 1.4410774375138216, 2.8233977436030004, -2.7524235783743736, -0.14352166094340557, -2.938209821696323, 0.725379994820841, 1.334087448509477], [0.7942669112403813, 0.8525152334895525, -1.9588106761312538, -0.5491094768271965, -1.2879127198491933, 2.0542419017060665, -2.612975977817955, 1.615478372620914, -0.16963640484632236, -2.2198456840899246, -2.093894942495514, 1.3887417523707084, 2.917872358406874, 2.277386339545039, -2.687341894650956, 1.7810583809828069, -1.097191907613337, -0.6591844111115357, 0.2530840227718052, 0.34739807150351387, -2.179632000237776, -2.841113017626844, 2.3981484706539007, -0.03684336265917132, 1.2125453009250258, -2.392897023294864, -0.2834594214828723, -0.07845889957258745], [-0.16053882831083355, -1.9196686955220312, 1.2430732636630424, -1.008516386185189, 0.6261986461992128, -0.727894611534091, -0.8726354710948265, 1.6518857111515342, 1.633031952984556, 0.05878159457193188, -2.0580692470093194, 2.1535370116327694, -0.18805170774888724, 2.11080045150561, -0.25973504535377234, -2.0619759154241324, 2.2939459021882085, 1.2895575113949267, -2.5137059642528197, -2.024102095706518, 1.7373304978160569, -2.802662379419357, -1.5751654787105027, 0.9374043726095742, 2.1183575679437343, 1.9565226240121527, 0.7221121155312993, -0.21243937818827208], [0.919638672339758, 0.291674868468605, 2.50229465058025, -0.5348516837793511, -1.7145505737483169, -2.738570851169479, 0.7049396350389721, -2.463484145066574, -1.5106901468533063, 2.7542772230945998, -1.181852415585088, -1.052867511389233, 0.4874162870170764, -0.08645659948953499, 1.4970412364713503, 2.194569033221587, -0.4037165266210323, -0.8974181237036483, 1.0887499844942656, 2.798830501154108, -0.8234836939130239, 0.17940589898055093, -0.060181437682893524, 0.30614502531870036, -0.8475301145204588, 1.8927090488206781, 0.6817419748160267, 0.5843944407163795]], [[1.4016214288181192, -1.000834263536082, -2.949144171516423, 2.8490956071565643, -2.2686317129405675, -2.382792319714807, -0.6861932880964243, -2.5427393142278225, 2.3456701880009785, 0.010834849504130606, -2.399702733088561, -0.06542314354707912, 2.714081110499528, 2.475124887001617, 2.5465654117807004, 1.7748213242698991, 2.3804156572303583, 2.353532195937971, -2.2939730611777316, -1.5225632942808087, 1.347866087298831, 0.7027065842196478, 2.258002448935782, 1.191776776552362, -2.892224208859953, -2.2362139552121647, 2.3519215884977847, 0.9933110273501091], [0.9301734252208718, 1.4118762377017653, -2.7716295949005323, 0.9943824209731797, 0.780393939442301, 1.381580539962556, 2.198441341305192, 1.9207933596671776, 1.0758547680700499, -2.470097980533395, 1.9344991980018822, 2.8541952216915263, 1.4180775321927666, -2.798745338242921, 0.3959662745347208, 1.156204489751131, -2.5009077756057563, -0.1996058738285864, -0.7779451084314912, 1.6553850824671992, -2.0488617242321556, -0.866113934289249, -2.7173364065773935, -0.732900534906832, -0.6234400387815815, 2.697795006190912, 1.1552328333417563, 2.947030047579478], [-2.857583155209677, 2.3949131839530144, 1.3213662143846845, -0.8760352751879186, -0.5269160927996648, -1.8891710359689722, -1.2809535314858875, 0.5189010866287971, -1.1646464854085181, 1.6857967111516396, 1.048458472185903, 1.2774402211811964, -1.210367136989595, 2.9332915516870317, -1.403112893488325, 0.6694487157444744, -1.2100063102139587, 2.0351595134250697, 2.962787115820536, 0.4876962000911478, 2.3447267192749486, -2.483183611684423, 0.7371590065730436, 2.627063121525153, 0.1593496594929662, 1.412989544920693, -0.6393140848371379, 2.4320830626505865], [1.9003407739582103, -0.9478290177993873, 0.9900647295967442, -2.3144144605848833, -1.6880290246642886, -1.5547825721525221, 0.8989213013128587, 2.314575149718242, 1.5453618768962594, -0.8667966687677651, 1.2111045809856744, 2.087244730240273, -2.2013717319954367, 2.556417435057897, -1.6768115557220944, -1.953044766786679, -0.20231658625077653, -2.2939001099516916, 0.6475585566454312, -0.4288834348922572, 0.4297118357013918, 1.1335313498312374, 1.1057262827542162, 1.1608154258436523, -0.07783202525426391, 1.87303671811822, -0.9608282659183494, -0.9233767737341205]], [[-1.9749575656043283, -0.9850088883937582, 2.7697223486347777, -1.6541521059523092, 1.110153567738835, 2.852237803740067, 2.933560731477929, 1.1417215951081188, -1.9558543972342481, 2.6565895813089666, 0.8381399083962906, 1.631922507224, 1.208640597253006, -1.5376578692357825, 0.22581523662343184, -2.5430912971320088, 1.7448533754625766, 2.717303029229323, 0.4252096298769459, 2.853691432936328, -1.1244451972079064, -2.3044647126671722, -0.6616756876746797, -0.24726510115972777, 0.04383638663105538, -2.8283244045316067, -1.6289404711206419, 2.5958028754061333], [1.0798052528819504, 1.3792475724858129, -0.3797545641201845, 1.841124717735097, 2.5836197724591017, -0.6795753724318327, 0.2651531700370402, -2.753510792303363, -1.312265438812951, -0.23071194902215497, -2.647650790639023, 0.6556916547444986, -2.4689355566686833, 2.076365754672312, -0.31307103292886973, 2.5249573770907974, -1.1814266390081745, 2.4527555383102735, 0.4383269615013292, -2.165915410919096, 1.7992032978166819, 0.09097789504354825, 1.296956708689673, 0.22146259591164563, 0.8393674543454361, -1.8533074507336764, 2.5363143413213693, 2.0765138147357494], [1.1971104067692, 0.8284691660827335, 2.595964999192356, -2.117553825872042, -0.6437127501869098, 0.01475524447587695, 2.7067781505466293, 2.38635017726216, 2.6045755548155114, 1.2429544974100288, -2.946481406424009, -0.12496677012798951, -2.126540205668568, 1.5477893240845493, 2.506423985023866, -0.4140265368743181, 0.7250847407035637, -0.13242995554611792, 1.3563952749068582, -1.4092862441621765, 0.3586100178231755, -1.258810770394726, 1.804869631757433, 1.2570073323072641, -2.5574870438184467, 1.670343251831297, 0.6584201040458129, -1.2494474891536125], [1.9108612634920963, 0.9588097745438806, 1.6607158279034326, 0.5437076450163305, 2.074336626455075, -1.3460077481762356, 0.9186328717850056, -2.8500193900934327, -0.43967210988930994, -2.836318313189493, -1.738900101415196, -1.6542979392065191, 2.6990016452803838, -1.2463252810531689, -2.245567681410548, 0.9003993103242998, 1.0722888103185841, 0.2176267403484342, 1.7578301685934452, -1.3975473157917813, 2.7023570677261732, 1.0409340913583423, 0.9347029405811424, 2.205013604191296, -1.7193049559438924, 1.6333907775346503, -0.0902802312219464, -1.3424184841867872]], [[1.2504500813492516, -2.7168450113053906, -2.348405673459066, -2.8148037989208152, -1.9778985146605719, 2.9592785794153214, 1.9148754195365623, 0.9648151041476076, -1.8913914785713928, -1.1805869702613485, 1.3524964126028092, 2.2272454257286025, -2.18705739782758, -2.641856017500981, 0.32974278001829394, 1.3536244384103755, 2.611389640876949, -1.621329451791018, 2.1924813325636237, -1.8870980869084981, 0.17561201493383738, -1.68674294505185, -0.8751294485846217, 1.2985757616009197, -1.7452897336352533, -1.5499048587054638, 1.546096469653957, 1.195575443890868], [1.3510645033709539, 1.4019693083384102, -1.6800794111274913, 0.6845720775441864, 1.9088838337354108, -0.8513366610375126, 0.5827188567877304, -2.6605320596791335, 0.6694395250198024, -2.5224579896685997, -0.6674803313905935, -0.7732618156031617, 1.992068462878681, -1.845782449552508, -1.1213482556805938, -1.247634694542696, 2.4197347186442677, 1.8469315437526337, -0.13546870575211045, -0.8183895805875183, 2.2745583577141453, -0.1544573982701074, 0.2345134494199672, -2.4238892136607033, -2.436714055933901, -1.9653266448013467, -0.9980935359467886, 1.3293933604244161], [0.3695190100682715, -2.1010368377030026, 1.2098594920241528, 0.9480417105984253, -2.9331323038851895, 0.3532048293880359, 0.1882658672429649, 0.2605433381129494, -0.5596092338418899, -0.8776550976788027, 2.023413015884266, -1.8554352897026596, 2.266423492191123, -0.9781377814161512, -2.6651204619084554, 2.548432842626231, -2.512239582914284, 1.2946716150235398, -2.146682960969705, -2.965450895572153, 2.23205180020394, 2.4046711360989725, -0.2974563401520367, -2.4671981527883, 1.4885775409750988, -0.7761560993520469, 1.1240818890706983, 2.879841709372733], [-2.2168044837648964, -2.7751970911680486, -0.9248114026392575, -2.0258119201435036, 2.3397730503093968, 0.4478575838651109, -1.3851976032689497, -2.0401787593129974, 2.7734665068349704, -0.5164202810083447, 1.09265301069256, 1.1680817823785574, 2.165680075618986, 2.8888673757556944, -2.188259714827656, -0.07021339358068257, 1.95802601128774, 0.28131406059773845, 1.7743465272634147, -0.6709589625348888, 2.536381525331538, -0.19029731122074578, 1.5376898530030827, 1.5871765304374978, -0.9019972078984066, 1.729185598248936, -0.36671900832193405, -2.8444885702310625]], [[-0.7600436100819432, -0.28839305694105466, 2.327614432071475, 1.3996862405912553, -0.31767516598174517, 0.939595990519646, 1.9739609030296066, 1.6659425491155355, -2.2675684300094607, -1.6882040210766962, -1.1560798486095456, 0.03142864289116076, -1.599310438642536, -2.7897965407439855, -1.1281094488195098, -0.7059783255194114, -1.843993794976224, -1.4734456161108842, 2.418954798044104, -1.9779876987159946, 0.3633881411288957, -2.2036654258342363, -2.459483683406715, 2.100740230307756, 0.3010995406711974, 0.28001297213867105, 0.8401942433223115, 2.682331649865544], [-2.7360263281993102, -2.894520047479818, 0.4077929526448396, -1.4072001273403079, 2.520016838282494, -0.6153072109280773, -2.180747606938315, 2.537640460344674, -2.897886398143176, -2.1827848560326086, 2.933823884539711, 2.5963688915679715, -2.901882499106973, 2.75798215669875, -2.34597649878629, 1.3911733481795787, 0.11569491610554383, -0.04580816461444126, 2.1061456283481386, 2.458724642005336, 2.703788379979894, 0.7644880561414635, -2.5005530444769093, -0.0221497479847792, 0.5828903229669686, -0.8934080595367933, 0.2698543434513194, -0.7751860545867864], [-1.615113705364137, 2.533442317142695, -1.9048739536442318, -1.8827333254175007, 1.368071457472083, -1.6432532721897477, -0.2498792574181472, 2.517521331509789, 2.1498195076330937, -2.894597205810937, 2.434728509846411, -2.780444948616066, 0.6195285451022077, 2.063640774393356, -1.7787866372623362, -1.4318356048074432, -2.5993412849870086, -1.2842450979795765, -0.11844911546767722, -2.726303937533184, 2.879757043397473, -1.2805925696580005, 2.661515748710322, 0.1114881687852165, 1.8337981723391081, -0.5659901845313917, 0.6078272506654621, 2.920632747929872], [-0.8745844195926438, 1.1390367121151401, -0.23496105843374915, 2.315227113149297, -0.9202466591021872, 2.114121433409869, -0.3582482611183675, -1.518894650344059, -1.9517111234689721, 1.0018337242395754, -1.208601779993161, 2.8575774106806566, 0.9420960322043959, 0.2408505843317661, -1.3374099609129977, 1.0147125978890479, 1.758697021732221, 2.705002406225673, -2.7540393138522665, -2.631040995686292, -1.0689953896961395, -0.6080014820080395, -1.3931922331443451, -1.4409800480754047, 1.4754537278037771, 2.6272307473722156, 2.72830778706931, -2.778573873515712]], [[-0.6406545483881239, -1.228558391131663, -2.2913125258360854, -2.79779053469423, -0.47288849762585095, -2.8694574471752285, -2.424004178093584, -2.114611060300141, -0.08823309116642442, -0.24106593405159238, -0.8556445558957808, 2.6705763446306214, -1.505794738854253, -0.8653923970981987, 1.4666830405872977, -0.10738489878572377, 2.121691091042873, -0.7592895501980919, 0.3778166051873786, -2.9060884606185793, -0.10927080654220855, -1.7222023852068782, -0.942567116651817, 1.7190045862545205, 2.9792684474809352, -1.653973839015487, -0.6791419259593394, 0.25506242262128076], [1.3386492248149917, 2.78249402101118, 2.562312218282754, 1.0937229725308342, -2.5877828811940993, 0.3510845494532, -1.6651862716660768, -2.5246130306542747, 1.127411105773838, 1.4209252156465881, 2.713420143940229, 2.870670295271913, 2.2539721122977685, 1.5763945833821253, -2.517159723141281, 1.0802619995232572, -0.557966778122351, 1.9147215829181192, -1.7140953139881199, 1.1868473507977289, -1.2063312363944128, 1.3658304132130041, -0.04583511438034993, 2.825390969494433, 1.9069662545016035, 0.027390401596729674, -2.4260527184950984, 2.53966940335852], [-1.5650950640461725, -0.6204626454375521, 2.2357217254010147, -1.8243042327034653, -1.0370289423158803, -2.5363986601819173, 0.7485720956086546, 0.5145355900664565, -2.5645403804344165, -2.762561108745305, -0.4468114372347194, -2.4187602235514216, 1.7767197200976135, 0.5360607558624695, -0.6980289984572119, -1.4009201712766992, 2.9269217720849374, -1.1480176976183436, 0.09686700574797946, -0.6207964533850552, -0.2378136407464675, 1.7010896164035954, 2.2537436898236693, -0.5437492384125076, -1.9603384211580697, -1.7356437521244314, -2.4500909438722607, 2.5594204953532094], [-2.3145891209756337, -2.971268796708529, 2.3733273973962596, -2.416486799920242, -1.5762292624419918, 0.5289228965866526, -0.9313168419863773, 1.1719364384206283, -1.5003812896542605, -0.1483301600625868, 1.687809605912971, 2.269785568806454, 2.541649431346764, -0.9034818182516924, 2.3699597879059597, 0.8530691025229338, 0.1650155334194876, 1.7172940088180528, 1.824880588757603, -0.8163434948237711, 1.6983023601166964, -1.5746659458938435, 1.703592232762409, -0.9232566516414842, 2.255052301433352, 0.5619875082543282, -2.2012583741943965, -2.9258711938488364]], [[2.811821902423697, -0.42023170277399213, 0.16404442661458374, 2.534354018063257, 0.6448542136760067, 2.1515347228120163, -1.0957770059274705, 1.5364656993151584, 1.2732870378619054, -1.8354997908945727, -0.1288613523733262, -0.2202778869193618, -2.1172682246379964, 1.209544817133799, 1.4100238707686028, 1.0138282917206993, 1.620689923671958, -0.2853682945641731, -0.8877316260826653, 0.4107216313109934, -2.7893004658619374, 1.190344680123406, -2.3601221331640208, 0.19845620588124913, 1.7601916842051164, 2.443081733424087, -2.0935327294742514, -2.7892239860870136], [1.3143279405458053, 2.6643542144312553, -2.228144960822227, 2.024411535402507, 1.2464404318095026, -2.5246055286480464, -1.0135407513645058, 1.710887537099878, -1.1734760577849581, 1.751531410493131, 2.3244058292294882, 2.7610282687816863, 0.27071551240874436, -1.0026646581911607, 0.7187633913645293, -2.413246130305458, 1.3305910749778125, 1.5202848748934166, -0.844564549259982, -1.097494756125637, -1.1436700761086058, -0.5563488628252404, 0.43042620703105694, 2.979476190209607, -2.9592693332378635, 0.2676695518379142, 1.9310304070692572, -1.267037639405087], [2.735766580028475, -2.734220901114258, -2.287761879860401, 0.46917759863359354, 2.1352154652961977, 1.9229148803446456, -1.4925784878888857, -1.6786153326988622, 2.945358521100248, -0.9551939637441134, -1.547184390964929, -2.3508515395164102, -0.43907340721213384, 0.34710410999887475, -0.15920806073367721, 0.4167986411090996, -2.812244111918453, -2.171989219043597, -2.767590488696922, -0.49892928403842385, -0.905118735653998, 2.689181706379218, 2.770453859850643, -1.7080681682141392, 0.46758402754978867, -2.1703895191821596, -0.17743496303669293, -1.415350030872421], [-2.7360123112829617, -1.0123067976369717, -1.0495248893029423, 0.4890553559477251, 0.5215441453962764, 0.8968458442139706, -2.65910926210998, 0.8347969799199868, -2.302666965367779, 2.3259716280829537, 1.3370272170549367, 2.2609272766651127, 1.8078077737755622, -0.022345817023018633, -1.7581564384896873, 1.1923288499208304, 0.8464331044681153, 0.5675945367294437, 2.577714387008702, 0.638527726290163, -0.3872997105983229, -2.6574086991636543, 1.3128481722300833, -1.5182529095909791, 0.7898051643887589, -2.280143528912623, 2.2340109885550614, -0.18356604310766933]], [[2.3403799171165147, -1.9140629321476568, 1.7357755171690066, -2.747326707640176, -2.109412601136567, 1.2446337529080944, 1.4960741131357143, 1.6303051604594305, 2.3383096035571063, -1.8110626329466288, -0.3366359934047649, 0.7517469076628469, 0.08322245002816242, -0.44884044487904795, 0.34675331235960716, 1.7258104764341438, -2.286114778620917, -1.4363603435304029, 1.6407099666325147, -0.9248598595441591, -1.2095182292807962, 0.46264859968029315, -2.2499271219621395, 0.5463397948332869, 1.3785561056760676, 2.313143836153391, 1.5237986396503995, -2.785299927325117], [-1.0289689717241393, -0.8857397019712465, -1.9311986293768448, 0.3533208533027965, 2.155533064119937, -2.8517489918882255, 1.2926315267405775, -0.41183816257814243, -2.6574370385250816, 2.8624675484055526, -0.4756871192672225, -1.1758161742537547, -1.103591842339873, 1.4327276879448574, -1.5700255948719208, -1.6624586205437533, -0.4166908554999096, -0.6757845329796206, -1.7037381066199657, 1.7562078494686464, -2.1671815415128703, 1.0663489534482213, -1.5731248005066296, 2.24631984787177, 0.7821131412814148, 1.306381646369159, -2.445193233258556, 0.3118762326874638], [-0.9493244679912398, -2.8157263257929515, 1.6277596504549532, -1.1558702595112968, 0.9318897029535371, 1.5930973197217622, -2.425786884501494, -2.936281611906063, 0.3443670770546081, -2.11322292786563, -2.193911572603152, 2.9928351358826344, 0.3332070768942579, 1.4528979909554725, 0.6469491947380193, 2.1062359662606234, -1.2071412002391706, 2.2806141520327934, -0.01659221703046798, -2.987998082167084, -1.7048329219903373, -1.1752052699633042, -2.855020883270969, -0.0758542304230394, 0.11878149630794965, 1.806486955536351, -2.8170563549755974, 0.9813184040507679], [1.009036496202226, -0.9056085963221276, -1.4132707611922246, 2.202700525143727, 0.4881058378654135, -0.8107606495342123, -2.6288642927506913, -0.4418969797541159, 2.6845286702676265, 2.045877766622448, -0.1294652326458703, -0.12887960775880813, 2.597370298983825, -0.5563388944830114, 1.3480488216981525, 0.19539527684390467, -0.9845070844243908, 1.6916331789992567, -2.6878013463993544, -0.9006294803306027, 0.6683295913753948, -1.084517799816851, -1.1159341804560798, 1.0239365536866476, 0.721480074684492, -0.1947476963316621, 0.5536403980342177, -1.0935638675466188]], [[1.5161828378953537, 1.5184124544382378, 0.7834306399479352, -1.7716000265031857, 2.168374244163261, -2.3274853291637276, -1.4456343137796577, 0.6872768177195532, -2.7075924477861797, -2.8618426363701563, -2.30495115853671, 2.022451737654001, -0.9487709390528147, -0.11430849411133304, 2.5592652840420627, -1.5634268198112682, -0.8305601981637398, -0.11639642841329234, 1.2284288111884107, 1.0580414994360945, -1.8265696845916877, 0.9379608010704867, -1.7556643239910288, -2.426372084259735, -1.9768612873955487, -0.2747071458359387, -1.62719293439024, 2.5449238326986965], [-2.914532197214416, 0.011976972036874312, -2.221889153752354, 0.27121922650781194, 0.09497950834571878, 2.969416410910685, 1.037668506033727, -0.4991066566547948, -0.9381656544186967, 0.8070380269114534, 1.108959629035425, -1.0619198425615375, -1.8219878671960024, 1.425162321181931, 0.00036704191963288224, 2.622052300568603, 2.782141383453949, 1.332132995693085, 0.43972521248906604, -2.751855060888998, 0.22679322963823623, -1.3093313302718792, 1.120009333122785, 2.2925008975373835, -1.5752124157767444, -0.14524588735118282, -1.871887726783398, 2.800953531848158], [-0.0209986493323715, -0.3135464143642661, -1.652737189120459, 1.2137966001426062, 0.23881622976157324, 0.722383581793979, -1.6900335708580025, 1.0297541084772028, 2.1496967124139887, 1.8924781969872493, 0.9418121467364609, -1.4965575195120957, 0.3567234284152887, -2.769661783065021, -2.0897188827642026, -2.4146047891611673, -1.918166002261353, -0.47134141814766295, -0.15010878246870085, -0.9835355109615223, 0.39804881045619034, -2.0806567490573755, 0.659788989084551, -0.0444964812611266, -1.5356308304645334, 0.33465541418733835, -0.2539312449876343, -1.1921832072344591], [-0.7387563816518452, -1.360003234655636, 2.3655709365312667, 1.0686709897101654, -1.3574433898690754, -1.7035227222570941, -2.632322528606662, 2.7712525299166906, 2.9891635076873344, -0.7953664007297414, 1.2949179506628559, 2.2985726628017638, 2.0172610863298663, -1.1560870858061016, 0.2673987234174948, -2.148286832742702, 0.8193145919902278, -0.21357494912693387, 0.5754341253995161, -1.4681296592906643, 2.0581963346649275, -1.3493944144590235, 1.3614661602129825, -1.7355650528420978, -0.34805664760886224, -1.8091820519235042, -2.019819342623151, -2.094022295925603]], [[2.28386029728126, -1.9024797385424406, -2.6680058098646366, -1.7177612965098032, 1.861264991840411, -0.8315361952216325, 2.7747633697828133, -2.3313830780338214, 0.8823097068189325, -2.333539472256468, -1.1949924869959894, -1.2699566722301041, 0.04573652800501726, 0.9896143377542388, 2.2967045369699743, 1.5989455418861116, 2.562554653693242, 0.754452310388058, -1.655348927841442, 1.3870897175127102, -2.724447962793872, 1.7798350514102692, -0.5770398558680037, -1.5554376283925004, 2.234034774971179, -0.8893094066374472, -0.8995055265610543, 1.2132941388952814], [0.19789080693845573, 0.3490038696943829, 2.0119880913271366, -0.309724135987401, -2.5624872066895312, 1.4502163421704042, 2.9481845325470477, -2.260300743504555, 2.02966793919585, -2.3351287045559372, -1.9629558819953228, -2.0527442766579, 0.18778637291158073, 1.8963667651704101, -2.8685243559705063, 2.6389695814924927, 0.18482121028747933, -1.5774295414883264, 1.7461010683827478, -2.2489377200594487, -2.746632240297524, -2.813714731520835, 2.4959324673241206, -1.4288422679370096, -2.999165648081643, -2.2517950125274635, -0.22007175500764609, 0.646711054696333], [-1.8744486298708223, 0.6148607406955806, 2.0261800076655465, -1.2653050662107048, -2.94833695832878, -0.16238255789577494, -2.410841646155946, -2.2462453095169437, 1.5828938308586782, -1.2740621125494367, 1.2686767987628258, 1.3025890185245954, -1.874079591253394, -2.332259703379189, 1.2750592647792107, -1.7309200357549903, 2.9332845811347825, 1.8563085568394113, -0.6204478192515115, -1.9068951523686488, -0.14705863769728156, -2.89823337221989, -1.3086839553302376, 1.574929140328992, -0.4318739794210642, 0.9108027651757107, 0.336850347861235, -0.16931761193089656], [2.7860154077970343, 0.8821096380142635, -2.655412467925359, 0.06900176186232798, 1.3233846260018431, 0.9422327950358205, 1.8670900242669397, -1.982409719813261, 2.6976179703331438, -1.6029407888939244, -0.47717650538938905, 2.552689598587893, 2.4609546541494867, 1.5839416615588764, 2.10934034433573, -2.6311258734373166, -2.9318846938301224, 1.2724053113780247, -2.7643887672363476, 2.736080532841793, -0.25672378551233743, -1.2522399542442944, 1.3161034631895863, -2.2936349030982424, -2.70476521304146, 0.9403469958237722, -0.6858667344152463, 0.9957354651055867]], [[0.2596791671346077, 2.824713188544842, 1.3970258277895695, 2.3959790400606806, -2.3532445994192117, -0.7652946433986934, -0.6404710098208688, -2.359416860351556, 1.4009347483763044, -1.9320454385989512, 1.8776644567247276, -0.7447436235190503, -1.4692127254760063, -2.3209152964405746, 0.36640430692805026, -1.4610408356472866, -0.1709167767188826, -1.5462337656287433, 0.5026755224354993, -1.496914991306603, 2.7360376626125174, -0.7578347176846165, -2.0328147566821917, 1.5662169652733464, -1.8061060556133683, -1.5677354959743337, -2.3560130350621207, -0.2278211977822595], [2.2410246993569807, -2.555638661226167, -0.9482546366138314, 0.336008278288249, 2.9189750407931108, 0.031300133948490405, 1.427229224682896, -2.085840681515611, 0.372893797731189, -0.8791937633349676, 2.0637385611605783, 1.7474782853834974, 1.2900374790286895, -0.09594325351152788, -0.7503293909635707, 0.03421074122529477, 2.9197527310900586, -0.11757188866126267, -1.9800624682798094, 2.592512831800459, 1.3936234097719264, 1.5067853369610233, -0.1317719771909589, 1.2702730067074324, -0.9481461848764781, -2.950590147650107, 1.961675687047526, 2.846135127462021], [-1.8358119584322001, -1.8682218497682748, 1.948504172777266, 2.8747473503701944, -1.7783016067514106, 0.02564049819055647, 2.7455165980612986, -1.7032111989150516, 0.7049707967515908, 2.816988132062418, 2.9658050778751033, -2.124693671226641, -2.788453873604353, -0.2315706183220465, -2.923949464526741, -0.15688573070762368, -1.9767584192029413, -2.6974222147118874, -0.8318523474962216, -0.8264281421322224, 1.037926490977628, 0.20925311455281426, 0.5612920450186238, -2.528998267076454, -1.3397110614469174, -2.7913542383919303, 1.4491618521964007, -1.2301426314236263], [1.0220928862442733, 1.5237945858023227, -1.3799143048457438, 1.7476522928336458, 0.614525438779721, -0.9336535036613571, -2.592712217942699, -0.2889650082565618, 1.8416354386140998, 2.5079940816163067, -2.1285757809364005, 1.7787187735130363, -2.781065177974562, -2.730726892107129, -1.5219972029112496, 2.2947972903353513, 0.9545577322875007, -0.8585454497674965, 0.7764906756794767, 0.5303520566178781, 1.021846961961435, 1.4858035422650877, 0.6439723008155722, 0.5740374577895411, 1.0624240844456496, 2.24789201578555, -1.9365981352491415, -0.6578174346647945]], [[-2.9682720998815686, 0.21151880553249036, -0.025377354631875626, 2.953271819704934, 0.6284377824389735, 1.7404809952399924, 2.814328604265028, 2.5715651577380303, 0.602394003168488, -0.030288298993393248, -1.992693642991121, 2.1931282143936803, 2.6799178932576586, 2.9332129688309125, 2.963497717177823, 2.6082271408205173, 2.6262965106875207, -0.4109606565365862, 0.3733843623255977, 2.8877360042613045, 2.7299877226089464, -0.508567066165484, 1.787496489353435, 1.266802975851249, 2.699084204853615, -1.9982330758385685, 1.8991303351342328, -2.99735019162795], [-2.720784379479796, -0.3584838490622282, -1.7812810661559684, 1.8195034455089054, 0.20961152632893354, -0.2181324718121953, -1.828352559036325, -1.8757667076381366, 1.147728892064622, -2.9470676722536995, 2.3842518770459318, 1.5738985367681746, 0.5076841348632084, -1.0592961890606925, 1.4845382110644554, -2.478364500104798, 0.6780698393827063, -2.656300571840383, 1.6957277168304223, -0.7909496799326812, 0.2978034049471816, -0.5671731916493035, -0.7867174287097374, 0.11655419094124131, 2.9127565887451823, -2.88543063577028, -2.3476032701703975, 2.7435670776562215], [-1.9466274656874865, -0.2731134467756817, 0.7400860661052171, 2.2692608004407244, 0.37165374344518565, -2.9966360327524972, 2.938839249302963, 1.106712699823765, 2.3721652552915025, -0.7442442574493113, 0.4041896015544255, 1.5679853201137366, -0.790687884300286, 1.1372470945914097, 0.5958619078489948, -1.6965483161429389, 2.453145021714378, 2.7713304603408844, 1.2442605960295632, 1.689511018276253, -1.5630209849207455, -0.2238837098133688, -0.7560702166871325, 2.0486851382315088, -2.764015456444656, 0.03732964363389346, -0.03805313206317784, -1.5889093957600915], [0.1439726652691813, 1.1817959739218633, -2.8242950800562934, -2.674559500105057, -0.26108820180745873, 0.38313736946118304, -0.729922156200729, -0.39459568488232, -0.36964474938529923, -1.4957651653750745, -2.6083198477969587, -1.152826576103391, 2.826518136247522, 1.3922674551970857, -2.229942083078927, -0.5531845884802191, -1.4239248216357638, 2.275057680326184, 2.084159155756401, 2.8591742359423247, 2.76293171786158, -1.0168158817797806, -0.37251765034890827, -2.440858564412382, 0.8356871552242877, -0.6711819040009814, -1.7735844894229311, 0.42553207540236215]]];
t = [[99999999.0, 13.855647918653517, 12.12706181070184, 11.50018666918217, 14.894191844218625, 14.02834367423951, 11.831012118957224, 11.874019876508445, 5.700907643963122, 6.527095187320704, 14.438347103242236, 10.71138943036413, 13.369024137479393, 10.148477034910236, 12.97197923281261, 14.97194199825847, 9.345854192416311, 9.333611477428223, 6.120562369073611, 7.790364712095034, 9.849321174615742, 9.031616888380896, 7.5800131668249024, 13.354826743237188, 12.33056991110672, 14.613844385668811, 9.934009817883618, 5.636409379690548, 13.75693266547407, 13.674124538747684], [13.855647918653517, 99999999.0, 5.820053368241523, 7.907471795037379, 13.420537990753408, 7.170682419141954, 5.969556791852821, 13.878516725420942, 5.353799672924139, 13.579135479148798, 8.965735978298927, 5.082385953817077, 11.042380658460093, 6.652243128356692, 8.570460932109263, 12.408101649381772, 5.584081183342687, 6.048528411887809, 11.733764293632682, 13.151408534967373, 11.365675736221695, 14.507778579227585, 7.699282641185075, 5.704050016629013, 11.592437741553587, 6.564811383051524, 9.981770909571395, 9.931324778547625, 14.7864543286689, 13.524964870673385], [12.12706181070184, 5.820053368241523, 99999999.0, 11.915724583215358, 8.70021032852501, 7.150173444846001, 12.02353240672862, 14.987178269925538, 8.101020109599999, 5.176160556051583, 5.709617827477709, 13.35179940463602, 13.416015461567179, 5.721114912530849, 11.739433882317261, 7.78305698448481, 10.137963797956916, 8.81059852101287, 9.34279568592483, 11.36385637183277, 10.380227903980025, 13.28157120441115, 11.920770880444008, 12.96381111465676, 14.378591168675538, 8.197885598337994, 6.637967824628345, 6.842160737500952, 14.369870087100237, 8.055641606074701], [11.50018666918217, 7.907471795037379, 11.915724583215358, 99999999.0, 14.920087529979595, 10.824244459281006, 5.797517980501013, 5.537094773817804, 10.403015733248733, 8.812243413846852, 11.3084834991411, 10.511674185303027, 7.821955414183267, 14.616871490172594, 5.302844798352463, 9.319720141502366, 12.547464318903616, 13.47252185804139, 14.95068566166823, 12.780933657236105, 10.954271319801261, 10.679871755594164, 9.320383464292599, 9.810592503533503, 9.710840752479463, 8.904852395859326, 10.791795040202924, 6.058389943110959, 6.393340830448762, 14.266050199190152], [14.894191844218625, 13.420537990753408, 8.70021032852501, 14.920087529979595, 99999999.0, 6.993927683875149, 12.222831162494124, 7.187741221325438, 5.05877968701694, 5.007426198383111, 11.591075596935283, 9.336965813668131, 9.509531547488313, 6.7889172877367745, 5.005326607357911, 12.292117726812705, 12.440937705674399, 8.709227642074293, 14.775910789507193, 10.089799342620353, 8.884788847020069, 9.179745210096584, 12.089871504512177, 12.947576519848186, 12.67736648464968, 8.283310330712546, 14.773091125036094, 8.726744256934435, 9.135621272375488, 10.96482517257314], [14.02834367423951, 7.170682419141954, 7.150173444846001, 10.824244459281006, 6.993927683875149, 99999999.0, 12.141332009535745, 11.81401176066079, 5.932006769236255, 6.704860531049494, 8.554776229925281, 11.271952960727358, 10.317256627531684, 7.507649977360882, 9.830376691500655, 9.396419793726292, 5.3902448923043, 8.061027638646902, 12.916498724750454, 11.176356825845161, 12.088945875082867, 8.496052445723198, 7.090567722212119, 6.964737661161219, 11.743123522625833, 8.343963385922294, 7.897097171181312, 10.901162809282523, 6.380799521724619, 6.919922272860008], [11.831012118957224, 5.969556791852821, 12.02353240672862, 5.797517980501013, 12.222831162494124, 12.141332009535745, 99999999.0, 9.447399392985604, 14.20665187462445, 5.229826619221425, 6.733575734504079, 7.7756319181194105, 11.40267326081237, 10.126429201646555, 11.492351708817104, 11.3648851044588, 6.929454782634661, 14.119037736689046, 11.108296555444749, 7.963684361574773, 7.033246972115959, 7.337365530335638, 10.337852695419995, 12.146290401821904, 6.872945909908918, 10.15674046859339, 10.16509161376945, 9.604006199106937, 9.762254289402872, 5.382766265024715], [11.874019876508445, 13.878516725420942, 14.987178269925538, 5.537094773817804, 7.187741221325438, 11.81401176066079, 9.447399392985604, 99999999.0, 10.85345070904884, 10.705541329649105, 8.790526236529821, 5.8210281176381535, 6.776761987046566, 10.26737673769917, 9.95476528400071, 7.981999616553087, 6.206199103926649, 6.627925685189339, 12.711482540067163, 6.907411345733579, 9.22699201787618, 5.3012051958796, 12.849362429222513, 5.95732721326959, 11.834384976547435, 12.325960589185318, 7.2556183551386635, 9.025973579545497, 10.247903171143092, 9.107605936419633], [5.700907643963122, 5.353799672924139, 8.101020109599999, 10.403015733248733, 5.05877968701694, 5.932006769236255, 14.20665187462445, 10.85345070904884, 99999999.0, 12.608532958767647, 13.660335811994248, 11.735652094812316, 13.710369120783216, 11.591866141080002, 14.930615061526494, 7.093271251554234, 5.63225464912199, 7.188045185011531, 6.841262284074422, 6.948114649444221, 14.910668989894756, 8.242118798027128, 14.731036332971932, 13.657865062890814, 11.367021750401445, 5.209005532384261, 10.912055378783258, 6.285564812131633, 14.90078515586775, 9.666568600660801], [6.527095187320704, 13.579135479148798, 5.176160556051583, 8.812243413846852, 5.007426198383111, 6.704860531049494, 5.229826619221425, 10.705541329649105, 12.608532958767647, 99999999.0, 14.501497890772674, 13.640943823187289, 7.723160121057269, 12.76242278419133, 7.256472800816411, 13.77032517155629, 14.336962818970752, 5.8423575755196975, 14.83048222738732, 14.791455144972863, 7.334663030528025, 13.382116804294009, 14.38963251937875, 13.75005069002281, 12.300188995526558, 7.774239599481905, 6.296078117368956, 14.284285441317058, 5.422838552466951, 7.912127158529742], [14.438347103242236, 8.965735978298927, 5.709617827477709, 11.3084834991411, 11.591075596935283, 8.554776229925281, 6.733575734504079, 8.790526236529821, 13.660335811994248, 14.501497890772674, 99999999.0, 11.950130335601628, 14.626201492371711, 5.204082333224308, 13.814783531910617, 5.196286722401162, 5.7527298729467935, 9.906051314865044, 8.103309643157282, 6.169216061395827, 7.582546230405117, 5.241417448766267, 8.918912720072104, 11.51356615123761, 8.07958333856897, 6.020343012883903, 12.30370282748285, 14.283510337014269, 6.5489084020604595, 11.021190058216417], [10.71138943036413, 5.082385953817077, 13.35179940463602, 10.511674185303027, 9.336965813668131, 11.271952960727358, 7.7756319181194105, 5.8210281176381535, 11.735652094812316, 13.640943823187289, 11.950130335601628, 99999999.0, 14.13112831946062, 8.43770201477927, 5.3948365508610765, 14.095700243810178, 5.835361841590515, 8.482114517969631, 12.67097663446992, 6.475954261317181, 8.070767432336556, 5.305514542981445, 5.334763031376205, 10.186965340660251, 8.639306393240894, 11.822381763473567, 5.253306237817067, 10.214996095065604, 14.494778317794488, 14.997377404213218], [13.369024137479393, 11.042380658460093, 13.416015461567179, 7.821955414183267, 9.509531547488313, 10.317256627531684, 11.40267326081237, 6.776761987046566, 13.710369120783216, 7.723160121057269, 14.626201492371711, 14.13112831946062, 99999999.0, 6.31052120685974, 9.072156220040327, 8.653591416384678, 14.539478399412934, 6.128649438715078, 5.56384992470565, 10.203337965949956, 13.498994611698047, 14.521126955037426, 6.6745106588685035, 12.554066924699981, 10.852389258850026, 11.857457505206444, 6.13481591245095, 8.407233912203235, 13.271172311180484, 6.537035288158572], [10.148477034910236, 6.652243128356692, 5.721114912530849, 14.616871490172594, 6.7889172877367745, 7.507649977360882, 10.126429201646555, 10.26737673769917, 11.591866141080002, 12.76242278419133, 5.204082333224308, 8.43770201477927, 6.31052120685974, 99999999.0, 7.882178812579209, 6.075992062042022, 7.65058661846223, 10.522714123941963, 12.526883987959152, 7.507076956538379, 12.9936916217649, 14.620733194873116, 5.215596708235997, 8.720390862555398, 9.955784314826932, 11.618449161904913, 12.079649246592489, 8.332150192369134, 11.556840658571119, 11.313397564285683], [12.97197923281261, 8.570460932109263, 11.739433882317261, 5.302844798352463, 5.005326607357911, 9.830376691500655, 11.492351708817104, 9.95476528400071, 14.930615061526494, 7.256472800816411, 13.814783531910617, 5.3948365508610765, 9.072156220040327, 7.882178812579209, 99999999.0, 11.762094538306615, 14.586248992136179, 14.054615144558078, 7.801596882362432, 8.816221029965941, 5.691412845644388, 6.277512783309859, 5.642913425873518, 10.622819878803742, 8.803900281282413, 12.440876140273891, 7.2014709255497165, 11.165808955005932, 14.481435031906866, 5.563517795482072], [14.97194199825847, 12.408101649381772, 7.78305698448481, 9.319720141502366, 12.292117726812705, 9.396419793726292, 11.3648851044588, 7.981999616553087, 7.093271251554234, 13.77032517155629, 5.196286722401162, 14.095700243810178, 8.653591416384678, 6.075992062042022, 11.762094538306615, 99999999.0, 11.065105577397759, 13.028122345636667, 13.446284950268648, 12.073658262895277, 12.007543623935854, 9.567556564279272, 11.556286199690692, 9.864217489889242, 11.653669673496093, 13.793654004729241, 7.266224304346535, 9.626828421170035, 12.91979315698132, 5.098243332269719], [9.345854192416311, 5.584081183342687, 10.137963797956916, 12.547464318903616, 12.440937705674399, 5.3902448923043, 6.929454782634661, 6.206199103926649, 5.63225464912199, 14.336962818970752, 5.7527298729467935, 5.835361841590515, 14.539478399412934, 7.65058661846223, 14.586248992136179, 11.065105577397759, 99999999.0, 11.068126382072965, 7.308065992871292, 8.526228568667474, 10.683488713553277, 6.30674319477783, 5.0597572795135495, 8.362133397572677, 9.85834479880809, 5.978473231133402, 8.938186422362058, 9.92736144395836, 6.188474588827005, 13.270698215922836], [9.333611477428223, 6.048528411887809, 8.81059852101287, 13.47252185804139, 8.709227642074293, 8.061027638646902, 14.119037736689046, 6.627925685189339, 7.188045185011531, 5.8423575755196975, 9.906051314865044, 8.482114517969631, 6.128649438715078, 10.522714123941963, 14.054615144558078, 13.028122345636667, 11.068126382072965, 99999999.0, 5.2145586094253025, 7.245783759824019, 12.368357532694947, 14.256708149613747, 6.562630291471715, 9.995396170030233, 9.847662326718845, 12.483840475688051, 10.965689092878124, 10.401828714653004, 10.885032741829722, 14.150659795150826], [6.120562369073611, 11.733764293632682, 9.34279568592483, 14.95068566166823, 14.775910789507193, 12.916498724750454, 11.108296555444749, 12.711482540067163, 6.841262284074422, 14.83048222738732, 8.103309643157282, 12.67097663446992, 5.56384992470565, 12.526883987959152, 7.801596882362432, 13.446284950268648, 7.308065992871292, 5.2145586094253025, 99999999.0, 14.015532907123522, 8.827764819212973, 7.101199716997235, 7.442221033167038, 7.9431943792543, 12.350968844813986, 14.76255334672888, 14.751139247133993, 8.940529662213873, 9.826374268702512, 12.157351937170771], [7.790364712095034, 13.151408534967373, 11.36385637183277, 12.780933657236105, 10.089799342620353, 11.176356825845161, 7.963684361574773, 6.907411345733579, 6.948114649444221, 14.791455144972863, 6.169216061395827, 6.475954261317181, 10.203337965949956, 7.507076956538379, 8.816221029965941, 12.073658262895277, 8.526228568667474, 7.245783759824019, 14.015532907123522, 99999999.0, 8.433788388677566, 8.946484817060039, 7.378470524988453, 11.865831633404605, 12.17951333890571, 12.838138778761074, 11.822001989961013, 12.642496494506263, 5.419734732073367, 14.764526718193045], [9.849321174615742, 11.365675736221695, 10.380227903980025, 10.954271319801261, 8.884788847020069, 12.088945875082867, 7.033246972115959, 9.22699201787618, 14.910668989894756, 7.334663030528025, 7.582546230405117, 8.070767432336556, 13.498994611698047, 12.9936916217649, 5.691412845644388, 12.007543623935854, 10.683488713553277, 12.368357532694947, 8.827764819212973, 8.433788388677566, 99999999.0, 14.982399381373629, 9.658203931468943, 12.597969814300113, 5.564882993662975, 6.3982650097244385, 12.431777045561121, 6.69375191415509, 10.602695478205263, 13.932410547565949], [9.031616888380896, 14.507778579227585, 13.28157120441115, 10.679871755594164, 9.179745210096584, 8.496052445723198, 7.337365530335638, 5.3012051958796, 8.242118798027128, 13.382116804294009, 5.241417448766267, 5.305514542981445, 14.521126955037426, 14.620733194873116, 6.277512783309859, 9.567556564279272, 6.30674319477783, 14.256708149613747, 7.101199716997235, 8.946484817060039, 14.982399381373629, 99999999.0, 14.783453488738507, 7.625908907678557, 7.8017303141020635, 12.692911759180253, 8.76044687462261, 7.739723811003843, 11.475694321710673, 9.938485805346954], [7.5800131668249024, 7.699282641185075, 11.920770880444008, 9.320383464292599, 12.089871504512177, 7.090567722212119, 10.337852695419995, 12.849362429222513, 14.731036332971932, 14.38963251937875, 8.918912720072104, 5.334763031376205, 6.6745106588685035, 5.215596708235997, 5.642913425873518, 11.556286199690692, 5.0597572795135495, 6.562630291471715, 7.442221033167038, 7.378470524988453, 9.658203931468943, 14.783453488738507, 99999999.0, 7.628967093338261, 6.623826253449686, 14.994630850659462, 9.772590152909395, 6.7956445269524535, 14.926986171738115, 7.168156985808212], [13.354826743237188, 5.704050016629013, 12.96381111465676, 9.810592503533503, 12.947576519848186, 6.964737661161219, 12.146290401821904, 5.95732721326959, 13.657865062890814, 13.75005069002281, 11.51356615123761, 10.186965340660251, 12.554066924699981, 8.720390862555398, 10.622819878803742, 9.864217489889242, 8.362133397572677, 9.995396170030233, 7.9431943792543, 11.865831633404605, 12.597969814300113, 7.625908907678557, 7.628967093338261, 99999999.0, 12.489385819425095, 14.224883739535164, 10.10038814333494, 8.00496222550973, 10.083722867573023, 9.683968138450865], [12.33056991110672, 11.592437741553587, 14.378591168675538, 9.710840752479463, 12.67736648464968, 11.743123522625833, 6.872945909908918, 11.834384976547435, 11.367021750401445, 12.300188995526558, 8.07958333856897, 8.639306393240894, 10.852389258850026, 9.955784314826932, 8.803900281282413, 11.653669673496093, 9.85834479880809, 9.847662326718845, 12.350968844813986, 12.17951333890571, 5.564882993662975, 7.8017303141020635, 6.623826253449686, 12.489385819425095, 99999999.0, 13.20710357998294, 10.16248708555869, 10.69502206391537, 7.170859853542035, 13.37755914422553], [14.613844385668811, 6.564811383051524, 8.197885598337994, 8.904852395859326, 8.283310330712546, 8.343963385922294, 10.15674046859339, 12.325960589185318, 5.209005532384261, 7.774239599481905, 6.020343012883903, 11.822381763473567, 11.857457505206444, 11.618449161904913, 12.440876140273891, 13.793654004729241, 5.978473231133402, 12.483840475688051, 14.76255334672888, 12.838138778761074, 6.3982650097244385, 12.692911759180253, 14.994630850659462, 14.224883739535164, 13.20710357998294, 99999999.0, 11.033070139549732, 11.796230692023983, 8.002422377223827, 11.504384918748224], [9.934009817883618, 9.981770909571395, 6.637967824628345, 10.791795040202924, 14.773091125036094, 7.897097171181312, 10.16509161376945, 7.2556183551386635, 10.912055378783258, 6.296078117368956, 12.30370282748285, 5.253306237817067, 6.13481591245095, 12.079649246592489, 7.2014709255497165, 7.266224304346535, 8.938186422362058, 10.965689092878124, 14.751139247133993, 11.822001989961013, 12.431777045561121, 8.76044687462261, 9.772590152909395, 10.10038814333494, 10.16248708555869, 11.033070139549732, 99999999.0, 11.742622297029673, 8.168982168884556, 8.322403111945015], [5.636409379690548, 9.931324778547625, 6.842160737500952, 6.058389943110959, 8.726744256934435, 10.901162809282523, 9.604006199106937, 9.025973579545497, 6.285564812131633, 14.284285441317058, 14.283510337014269, 10.214996095065604, 8.407233912203235, 8.332150192369134, 11.165808955005932, 9.626828421170035, 9.92736144395836, 10.401828714653004, 8.940529662213873, 12.642496494506263, 6.69375191415509, 7.739723811003843, 6.7956445269524535, 8.00496222550973, 10.69502206391537, 11.796230692023983, 11.742622297029673, 99999999.0, 14.8999472483294, 7.991971775291603], [13.75693266547407, 14.7864543286689, 14.369870087100237, 6.393340830448762, 9.135621272375488, 6.380799521724619, 9.762254289402872, 10.247903171143092, 14.90078515586775, 5.422838552466951, 6.5489084020604595, 14.494778317794488, 13.271172311180484, 11.556840658571119, 14.481435031906866, 12.91979315698132, 6.188474588827005, 10.885032741829722, 9.826374268702512, 5.419734732073367, 10.602695478205263, 11.475694321710673, 14.926986171738115, 10.083722867573023, 7.170859853542035, 8.002422377223827, 8.168982168884556, 14.8999472483294, 99999999.0, 9.841405031871275], [13.674124538747684, 13.524964870673385, 8.055641606074701, 14.266050199190152, 10.96482517257314, 6.919922272860008, 5.382766265024715, 9.107605936419633, 9.666568600660801, 7.912127158529742, 11.021190058216417, 14.997377404213218, 6.537035288158572, 11.313397564285683, 5.563517795482072, 5.098243332269719, 13.270698215922836, 14.150659795150826, 12.157351937170771, 14.764526718193045, 13.932410547565949, 9.938485805346954, 7.168156985808212, 9.683968138450865, 13.37755914422553, 11.504384918748224, 8.322403111945015, 7.991971775291603, 9.841405031871275, 99999999.0]];
