M = 99999999.0;
numWorkers = 25;
numRoles = 4;
numNodes = 30;
wStart = [0, 65.47374244759061, 57.154417858745724, 16.054616820905437, 296.05474207785784, 217.7215447206186, 58.64037301487374, 57.95042108920679, 160.99888508933623, 99.65309116485186, 363.9536589884102, 185.9149012317504, 79.17099068633196, 126.5122936291628, 409.4509499292272, 267.75688867000935, 219.419173835014, 418.4269724319809, 206.26334169479819, 374.314936321725, 80.86936942594929, 319.8293879348855, 355.5633524659746, 171.64337085140002, 338.79922081316465, 314.12804106695864, 97.49120313352034, 338.3919051860612, 54.16191381806247, 0];
wEnd = [0, 100.45739626798483, 85.36474418712326, 51.6412645086862, 324.60139868199946, 252.79598641895925, 89.35797051014234, 89.4399118016913, 192.96512222609027, 137.35832862149408, 400.26266982676225, 213.5946577051934, 104.7309915009322, 164.6013356538956, 441.89401930870287, 293.67302169284477, 249.57415963864668, 447.955658521422, 239.3796606886847, 408.57632519923584, 115.48794147272126, 351.0727129580211, 392.3553456874758, 202.3125178767096, 364.5617765633202, 351.7851935045854, 123.79493487134754, 370.9158155579932, 92.28503808251823, 450];
p = [0, 10.668393612847115, 15.262561824165715, 17.66867979364107, 17.059566067959214, 13.382648743453634, 13.53692974528927, 20.39752571135171, 8.916906218678529, 16.401265999574477, 22.51713373815605, 15.68300025297553, 12.028440382047789, 11.583914166536088, 8.566468937315152, 11.517337144357427, 10.713843859517556, 18.181340094660833, 21.412353820996955, 16.750799233979937, 16.476586722317805, 16.47060110506156, 10.619305496377528, 18.03789270715949, 11.668887450922744, 16.46565276284209, 10.213624863813333, 8.604725824633961, 22.68564826065216, 0];
e = [[1, 1, 0, 0], [0, 1, 0, 1], [0, 1, 0, 1], [0, 1, 0, 1], [1, 0, 1, 0], [0, 0, 1, 1], [1, 0, 1, 0], [0, 1, 1, 0], [1, 0, 1, 0], [0, 0, 1, 1], [1, 0, 0, 1], [0, 1, 1, 0], [0, 0, 1, 1], [1, 0, 1, 0], [1, 0, 1, 0], [0, 1, 0, 0], [0, 1, 0, 0], [0, 0, 0, 1], [0, 0, 0, 1], [0, 1, 0, 0], [1, 0, 0, 0], [0, 1, 0, 0], [1, 0, 0, 0], [0, 0, 0, 1], [1, 0, 0, 0]];
d = [[2, 2, 1, 2, 1, 0, 0, 1, 0, 2, 3, 1, 1, 1, 1, 1, 2, 2, 3, 0, 1, 1, 0, 0, 3, 2, 0, 1], [1, 1, 1, 4, 1, 2, 2, 2, 1, 1, 4, 1, 3, 1, 2, 3, 0, 0, 0, 2, 1, 3, 3, 3, 1, 0, 1, 1], [0, 1, 3, 0, 0, 3, 1, 2, 2, 3, 0, 2, 2, 1, 0, 1, 2, 3, 1, 1, 4, 1, 0, 2, 1, 2, 2, 1], [0, 1, 1, 1, 3, 1, 0, 0, 2, 0, 0, 0, 1, 3, 1, 0, 1, 2, 1, 4, 2, 0, 0, 0, 2, 0, 1, 3]];
r = [969.1810215200918, 1886.0401048496803, 3279.3175451108277, 2993.6868545263155, 2177.4946169854484, 1893.0077677543657, 3580.2694729821533, 1230.0276574506915, 2936.6558290002868, 2889.9088829725633, 859.3404386513913, 1272.133609019438, 1793.3334525892365, 1600.7996805525738, 707.1029047354045, 2062.8938891559997, 3268.6817715305906, 1672.3464668312195, 2608.486352968997, 3273.580621385372, 2803.6189214995807, 749.3432529439111, 1846.1609272536982, 585.6572199270964, 3054.099145501974, 771.7227188820243, 654.552106928696, 1455.3320975208994];
b = [[[-18.879609383404226, -31.351088426833293, -0.733051660843969, 46.67909550321693, 13.59664927892672, -14.056434161058828, -1.7339920679017318, -11.300359704300593, -30.423721579924976, -30.156137331724903, 0.5134995803713974, -0.5610320859097014, 6.723946042136829, -17.205924686722497, 26.90497254560327, 0.2549358379323415, -29.830280269615116, -3.4939046706068306, -27.759097202983405, 46.95667063953228, -4.874293683558477, -21.076914273283947, -27.916970461314673, 13.586844080072698, 47.39395852120093, 20.358881731161564, 20.418612597263234, 48.77026767008447], [-26.72542723822835, -22.898886128882197, 11.542605709281924, -8.159388144311308, 12.199865438736111, -29.92658635745627, -30.233930507278576, -4.952967221123887, -42.72372134273227, -27.587455374031627, 29.12235464393261, 8.580435017926304, -34.698593833929706, -8.982674908388269, -30.52901209898676, -21.134529264855395, -42.58420061010237, 0.8724155073105143, -8.300449586436356, 18.848980188132924, 10.798704896718482, 8.917800031854968, -6.938131980402013, 2.538979359290544, 0.2874865440254864, 0.44831161951516774, 6.974717964252485, 44.29331166988914], [-28.578365943105723, -27.407205555016485, 22.88243472836468, 41.257878385401284, -24.724439434549687, 19.259149732606506, 56.793146833590235, -3.6623169271384977, 34.16665746196933, -0.3461202579145487, -45.28980875039715, -1.2669973583694043, -11.699249923270175, 10.447362018292829, -9.670225222939763, -4.310732795888701, -46.74994851888272, 61.98748085035439, 46.42679052293595, -37.617149731701964, -1.3626936863513477, 21.97089458872945, -15.772107543002997, -2.5999904498452993, -7.521591232012349, 15.00129062063198, 7.351748136519891, 31.410728917390767], [-9.891178653854483, -23.748465489154537, -41.169585727475535, 15.942796277203682, -29.54051726579939, -14.354149730864394, 20.630033401142757, -13.521036821318203, -36.71808454302574, 29.710034576862945, 15.9927127938451, 27.069859962905586, 26.083672094029655, 4.3762774787898655, -28.138325833723272, -7.780413553308066, -45.44439331989598, 36.29905377192288, -40.083630095394156, -1.7340917644361757, -44.525059251529505, 0.6418100681715263, 10.18072265363988, 22.411244070994655, -45.96377681627413, -14.667562964144937, -3.9380640753671594, 23.240988882339177]], [[-30.66055945442921, 1.18197437118639, -13.456399512661617, 34.52083198180448, 39.06210886944521, -19.327851651589945, 1.5684398883385764, 19.598416039512784, -31.819861302893283, -52.6031851001156, -33.28915920916, -22.896121414957516, 24.325109364253354, 13.714425135172641, 34.245346394644436, -9.97870545370694, 40.03145662214303, 2.745870401017625, 37.1847087806036, 39.38266939056345, 26.497090258234202, -13.863629124851526, -43.51673811647085, -6.9830415155802985, -18.28083674742814, -22.51148761344168, -14.857498096501152, -31.632277749189562], [-0.3092373788310817, 13.54390823066051, 44.37331123051803, 9.008995223743886, -33.87844772166605, -16.992460161995265, 43.249960319231526, 14.837203358470115, 18.73033596686944, 5.481936159807757, 4.556889071401556, -2.8803604539657433, 23.971127020765834, 25.19821221482304, -30.17140399415975, -25.494934958646123, -30.605077677041304, 58.204402313621046, -41.99440309087695, 5.099607792170144, -4.6354762492823856, 15.835158188343783, -19.620951115329415, -0.39199416827979144, 15.905990760103881, -29.97904323556183, -13.063206805583166, -2.7699188418769958], [-15.622240165031135, -43.475656457115505, -11.899578289175313, 29.658685563924333, -33.852516174439344, -30.054857094140846, -14.936026979444447, -5.79527626022831, 35.47431383177695, 4.9174682631250874, 8.878603940213226, 28.65112228988551, -28.14546700607869, 17.534568723973365, 2.5798483417459903, -20.78298205946533, -9.583440146642097, -9.865902155090623, 14.103073173044624, -9.41049229437622, -0.48637360185258227, -4.21062583174509, -11.477201334721567, 24.854852705281726, 27.163566691641176, 0.12326984115837737, -18.78045732019672, 2.398983636988926], [-29.791079927731946, -2.335981795983109, -35.522997220120416, -41.30912500258033, -39.189008096447374, -13.241236832042203, 32.85454056802887, -11.741124663580447, -28.058888182846847, 40.27182596418368, -25.938304373956917, -35.375029210723596, 6.8440068073054325, 13.749830836949624, -20.741415446395795, -11.376593329865669, 24.415554091245163, 25.572661364304047, -19.960569029192456, -40.020035150575545, -6.510300465353779, -16.352090029483687, 40.942727658471114, 7.409887201397732, -32.426249216819585, -11.95362402273514, 3.310197474750446, -19.02388961056568]], [[-10.520052309324566, -27.47424351514172, 25.824625477212237, -47.98815258222402, 18.303714246324702, -37.48587520421367, -58.61920743819892, 17.034108931827543, 5.5782168889166766, -64.05341627569864, 11.098521407203574, 23.589408300105582, -29.597222287195375, -24.495925614868195, -16.80510337336744, 18.05303605059898, 34.13943448198532, -55.15116987148342, -50.23633923866361, 10.23337604675479, 35.11665468581091, 26.781361598176776, 53.65766957557357, 29.90696706291057, 12.924463939490442, 4.077329051719949, -20.373137415983486, 13.837551212931908], [-31.100317188360272, 4.299547124855752, 37.02647252634362, -31.35745032899066, 2.9845170710368856, 36.72413972888226, -8.442479886976354, -7.226072968263714, 45.131241816395544, 18.324353525534008, 0.9759226176968858, 18.96130293211366, -1.0515952298502171, 4.325326904307632, 25.853068131349914, 5.687810344405234, -29.84988367505015, 27.4011786083204, 46.37182556344407, 7.417969808138773, 21.490067357808865, 4.251319410068417, 12.266102045668282, -27.85376163182103, 33.76828352056107, -10.170686170660542, -14.670632751218374, -7.182377623485107], [-17.095793317499485, -7.640981829407612, 10.777206016795375, 7.683601034527337, 18.205148875830105, -5.61905630533419, 44.678468498937704, 18.67511753500113, -11.549252968185762, 11.113014197138565, 40.382122198184156, -29.201723519788466, -24.323826541363808, 24.53178778173956, 33.67978065502178, -20.735598074381492, -46.99697074960894, 49.714137737697946, 32.4830676024253, -46.315486301519925, -20.549440669519498, 24.095846128119454, -39.245542953140856, 28.888457158051516, 18.62180381647369, -8.116743532619985, -25.18166422048174, 5.900622021836804], [-29.05351368517762, 30.263992124299673, 26.7664840347951, 50.082887936420775, 8.88337653803311, 17.736454885283955, 40.766665884195845, -4.13279113704142, -2.557237280184211, 35.00960281188028, 13.407985592768577, -35.367137289510524, 32.61572592092244, 17.540873386298657, -17.893698973913736, 16.209878556746716, -39.39928152373393, 19.302921682188554, 25.241273925318424, 36.46977968030633, -18.46805325635384, 31.072055990372, 41.132457259706776, 16.280965839805788, -31.15511044064136, -13.450727655069473, 22.30773990184211, -28.600737552919536]], [[15.479806493286514, 2.7979300009178125, 19.962880611847254, -11.494484509678427, -7.950905785203478, -24.44108768116222, 21.923679718743987, 21.320807619677876, 2.3493935004742057, -62.422556064011566, 2.279889652064695, 3.526523056540917, -1.477379856644464, 3.4989230637244306, -25.68294417333024, 17.95457946468902, 4.883159162068451, 61.74118050897165, 12.269063672128933, -37.80660149445529, 28.32165686353169, 21.286048575332913, 45.770755528660054, -9.244345212762099, 7.815016866719948, -1.9369190215799494, -10.11165357236835, -3.085873855765442], [25.47805201214626, -5.171895956789705, 0.6554962319973852, 29.663509255441912, 29.574178256969635, -36.25130152037725, 34.21111773200354, 2.2583619522802527, 15.6560941436544, -6.211635039483331, -7.210150745023291, 18.17416114443824, 4.53797672572818, -5.128252398644139, -32.671862537198244, -23.663793363080398, -31.103247827195027, -3.536944179981641, 34.197658650414816, -48.45900300650602, 31.944848426309804, -20.679848952982827, -35.36869621779379, 21.835820232491876, -39.8429250907262, -29.03558135071596, 13.943996134713132, 42.28332358802832], [1.9726789555261284, -11.442244995208481, -49.91902851102442, 15.834348540825689, 16.42116258085673, 31.31900786025198, 0.24628883036135996, -21.508447158482472, 16.66159213382893, -26.941417993892273, -18.496713648257344, 22.7641446747009, -12.267195812910982, -19.833016644538223, 18.317817285473012, -21.219983987880184, -5.92430952692364, 33.37989240590098, 39.73330942714791, -19.241688497960602, -12.358262927693733, -6.643072768595674, -28.261866318776075, 22.952785211743134, 42.26828582462689, -22.314660673556116, -3.2038028621706505, -7.361873238671555], [-26.871212975595665, 18.387013722150343, 52.118506932473444, 12.422375145395357, 18.8093989830119, -7.234280595333634, 4.797205236296305, 14.93574068126773, 2.7838727453896635, -15.774785890440505, -11.37680108873125, 12.25649914829111, -34.50705068917878, 10.928339269580269, 30.69458856770834, -23.630608999160497, 18.266816817229827, -54.54724892927513, 30.40091033449328, -35.03653153248869, 31.387285785382183, -10.136947964497123, 13.411251679220038, -1.4283079301262758, 29.415185201909598, -11.57810151627516, -12.875655556842958, 67.29418495906152]], [[15.499900825333006, -41.07849805542871, 51.2379468462279, 51.11482649851024, 34.10674300948699, 36.45340793668258, -1.2662338070368004, -25.866320855022852, 3.786409555928304, 28.687785257894486, -18.683155733120472, 21.12532240297439, -27.17095825715544, 8.080541293344613, 7.548845133454878, -9.419289921173894, -43.60031942281668, 3.0524518541153625, -42.56235890132699, 11.661194139293785, 42.280919397951514, 3.9189632634871554, -22.14992912179513, -10.361470273562439, -36.151086965953205, 30.449159261937833, 12.931311962852526, 66.81082259122955], [5.080470317377041, 36.73842088534775, -30.088038666268087, 13.14041324179473, -18.497386522709178, 17.33485971852599, -27.437172978017582, 25.66694588480788, -22.107020009233207, 4.552281068853158, -40.1836960631626, 28.6864285043435, 10.265610349478317, 15.364094738889706, 1.1682158832223803, 17.846192783176864, 32.557287493220095, 6.797392703548904, 33.48877118064373, 41.056428821410314, 37.84451604758899, -2.852128683951707, -17.143802044809675, -10.91421232877562, 44.225907483305136, 12.024007496230539, -0.2672884449345346, 0.16101530017058116], [24.87001572007425, -16.147679189008965, 7.283838680910002, -27.80007967037067, 24.953267290958987, -25.844738353701615, 50.13004698089123, 7.706210501394012, 3.6807829512977457, -11.383260989449003, -13.627626437913602, 26.550538999864646, 14.078777258590822, 19.73461283106694, -21.302102964984623, -6.3958320120919705, 11.479167956817667, -30.548176147463302, 24.564912079856736, 23.76024574745871, -14.771252614222686, 13.82048081138267, -23.88759894590293, 10.269282586504158, -41.190442729423566, -27.555644996866885, 24.527285245042105, -48.001680494854796], [9.373367591287021, 17.942100027589632, -32.174446346362934, -9.791286829953492, 11.243765443660923, -36.120626741340125, -35.31590318577684, 13.72553067922692, 39.564548444406796, 10.478479183905389, -26.872874353882416, 18.750844261650432, 2.1134318434682053, -23.984128844761575, -17.45026405634818, -19.09626641169287, -32.720723141500834, -18.87502709024517, -20.484047959657868, 24.97419754303936, -2.0068522509384676, -10.285161887167439, -27.668263995837687, 14.70160379872549, -28.01236015268717, -6.421476067186945, -9.500689997362109, 38.28857240706439]], [[-8.097096139850157, 6.333737635837592, -52.12474989915025, -21.510464574915687, 19.7712670586316, 26.57384980282385, -2.8827431613653167, 22.10490612079221, 46.970822955372675, 18.52101762911363, -27.434378713594423, -24.67289058353257, -25.52821849665997, 6.071714383479395, 24.958842254511158, -3.5170758755818876, 17.635720043987455, 18.4785388031319, 2.1401400949765383, -37.678760531451715, -17.209720784616835, 15.334392901111187, -27.25824390722663, 7.867216381284207, 32.79901518777299, 26.934739971315224, -22.510025380267308, 53.95741171546993], [-2.817859682270931, 13.308660633454696, -40.66298597030024, -40.16785704231127, -39.67485193298169, -6.84988372318989, 52.48470280038999, 25.325017979697193, 15.501241967749996, -64.46841706071807, 14.256606289515664, 15.415357886976212, 24.18163711630151, -24.279691181238555, -12.086480954370675, 15.485587363579816, -34.297660578392176, -45.47927538742876, 37.10511883991225, 19.50894327277633, 20.694294072832506, 31.82786964615943, 22.378562080707106, -24.73574392593636, -15.275658548464357, -22.030243748275694, -18.49235518297608, -4.112763679806065], [23.207738637400325, -18.32106542921746, 14.2815705399864, -22.697029133646556, -27.026521941933435, -20.40344435446081, 25.088451530975153, 11.245000022818765, -33.449598583738556, 32.79506924605999, -44.35159674367245, 9.678286567574423, -17.377048503781936, -12.39118765550311, 3.2816959411099114, -17.862369739306597, 18.26083811716852, 31.897770818029674, 33.98491287199739, -47.90661670221093, 7.954737873751836, 19.69116619303005, -39.60022966077112, -12.652447180743954, -13.832841907789929, -16.044600174628513, -23.84717248773042, -9.452965101172815], [31.354835342581545, 37.85647321695537, -16.825943083253648, -26.588077773806923, 15.934482888612017, 19.169385530736083, -43.611982729468934, -26.37342692674398, 25.17510702120591, 37.18334257777581, -20.76333768726737, -27.38768314057781, -29.247244338612965, 16.944850968203717, 7.469579730484488, -25.972935529137967, 11.867553468710089, -58.01542353141148, 31.520266076208678, -47.05769477725133, 19.70545583381534, -29.169604775841297, -49.77712252928862, 2.553829281222422, -41.672307863113794, -28.906237359103272, -9.195532670678498, -5.9658850046090945]], [[17.785338674048468, -41.08518355544062, -43.73645478380305, -21.048536028305577, 7.584231404327632, 27.664696386860612, 40.47603050984493, 24.36025261229134, -2.579662230403913, 35.622117583761565, -32.87517811067502, 26.53993069751881, 16.696197487362156, -21.37810463067186, 33.09442973018644, 29.869435570483574, 0.4642015168736648, 44.38422563721426, 1.1553977400834188, -48.1445806962754, -33.93314282054599, -17.44782481557447, -36.706486573635914, -1.5326306248115136, -0.8113664190673703, -25.165453448151105, -1.4398269942039519, -54.43878705989249], [-17.453597883268674, -43.51762621220988, -11.950595506180672, -13.612833037539495, -39.12250939618105, 37.13343116394644, -35.90575348584589, 23.379022735958415, -18.08871026411102, -28.09165003344646, -30.447813750178994, 26.389771068968784, 15.763708863231578, -16.904514579817075, 30.96629758808527, -30.924122323440468, 47.55049749097799, -13.289161445554043, 1.7725163373895245, -19.888135426344974, -42.140684811979426, 24.425245968574593, 25.495059069650285, -0.48598390780929174, 33.73197811547792, 19.744230761421008, -15.059175663115594, 58.57839037045054], [-25.9956272103149, 18.3114812994848, -36.190569970711614, 15.479278540693578, -26.5731590312184, -6.1636178478602615, 28.11114437428054, -21.763334208167418, 21.734135321342684, 36.16283554996071, -12.673072530829904, 13.189144213990996, 33.399490426917026, 16.405671703795164, 9.027897542511308, 6.701690668778889, 15.826155289932066, -43.22825154220836, 37.71510932707708, 32.15566786770933, 23.691551242966614, 10.245132032851314, 14.049612786119093, -18.57824492688991, -16.763788381397564, 7.644571725782595, 13.881747572751054, 32.27800892313148], [29.557301174228158, -14.235047440920798, -48.252634248913495, -49.2424165888057, -8.444368511460178, 36.18945510667182, 0.43448902641704257, -14.635396112214032, -10.706819146252412, 58.73296546673521, -26.871603815311982, -33.161892376912306, 20.77981152590206, 24.107264574765313, 21.642674094622343, -17.09843738450698, 30.09217493182928, -29.536701875741947, -2.408451092519743, -19.113223424661463, -46.27755135548426, -9.094033801210976, -19.864043377575054, -17.316873694545315, -33.97447758270578, 20.0419545951427, 15.175597700011785, -56.03143031143488]], [[16.149490576571893, 25.68684069815214, 46.76634747944836, -27.668217288116082, -37.84863616829539, -10.611967176116904, 13.511794939824293, -13.687970260951912, -37.489247112467346, -51.1012855025431, -15.944796230175738, -24.438561774108038, 3.8536213803765693, 3.6691855630221895, 12.796644617336293, 10.798400840964502, 13.91715879958844, -41.157896563134145, 46.24767548464596, -3.492014195971277, 6.605995013061705, -21.048614261147282, -34.94934296287084, 7.158527362348648, -29.293230994385123, 19.965153844477562, -25.634161940065336, -23.91435197475095], [-23.477473923967384, 20.180957151505954, 47.547075093249205, -29.440874425546838, 12.022072630802292, -12.766915258361191, -58.03550913826494, 18.7745062603175, 15.595529513011467, 37.27485330808669, -28.364098730956403, -1.9400100520485901, 14.792428423162695, 20.235658134058262, -21.28427471419083, 16.844830648022953, 32.76477034269482, -32.508825168127906, -36.28008620610505, -43.86447649617237, -8.736615220960166, 8.476812010817547, 12.841122850315285, -30.28765486246409, 42.88086971930084, -9.986984955593496, -25.149169010518378, -52.861869281005866], [-10.830325010828092, 21.96260601777865, 1.9114445492036864, 38.105633676733625, 0.8994266185489279, 11.141910882199081, 20.64260097403536, 18.193421254915243, -46.65728438905922, 39.243784284563, 29.33795270564308, 18.740922332892193, -17.21214581592502, 2.3866712743013445, -8.8014012121794, 2.7885590751471803, 10.536519816828767, -16.294759038641, 11.335716482040059, -8.373908710012016, 23.98573544358988, 28.77314676632428, 1.5307978473469588, -16.07417025225894, -24.049136955567405, -17.960481118517805, 24.96151964207651, 3.3583428669759883], [8.99454474141365, 36.94359809928049, -9.863246586852886, -35.575043271817705, -36.52052963057647, -1.1786293228962017, 4.152228573058455, -4.685862140393851, -23.66015211817281, -27.662652893824248, -38.03225332175153, -18.695537493784556, -6.3157838283687155, -6.199352244322534, 33.329224858807216, 15.97815357968695, 12.95639707055376, -42.02446321610926, -0.9898732120980567, -27.116399985479223, 0.1377008044806851, -26.66027166062964, -28.590542793086417, -3.2831893000971184, 31.802842011734572, -14.559737045251952, 4.615978230496375, -9.418945569192152]], [[-2.5983716621817616, 40.80035051943641, -42.711345991424274, -10.627283381376607, 35.65986306496983, 3.62489466454442, 58.11463095463491, 21.692672169172926, -30.248584775974912, -43.42308443695529, 23.530065103231387, -0.18036553242983888, 3.8987629887538757, -16.093563621855505, 10.760781483573664, -29.3062206911881, -33.5562435625232, 1.1160672318271094, 44.695743775915076, -45.828558938584344, 34.61536543305626, 8.400069036921092, 1.447906165673616, 19.889733848157107, 11.32634937875497, 7.071489044604367, -22.562713289805956, 64.02807749513717], [-9.760759694189037, -33.1432272593392, 1.4921081225336457, -39.5108860437982, 1.755520510531761, 11.423572347438459, 13.979797839603306, -21.693358339171933, 37.880973067557775, -42.95425384229801, 15.905592055235774, -31.15999405488677, 3.6527941493645675, -7.328217928533759, -14.373611553171312, -14.988550275759128, -24.20624903729045, -25.616266348191104, -40.98921378537203, -24.092571428734093, 32.823682011933144, 8.490230748207285, 20.28174266652376, 34.586098965022416, 7.911155363388923, -26.485937947396913, -10.069092790913928, 49.16635655101553], [-23.67723869282566, 10.544971162767562, -19.90056123839201, 13.062586472907418, 23.524187499398465, -6.538763209769169, 10.31963849068267, 13.269398520369018, -36.95100962407347, 24.473182240087507, 7.186465996466936, -31.149436499523215, -6.759102921129623, 2.750587375917513, -14.853526747351829, 16.318224990249664, -46.449636837102595, 47.69775912802539, 15.18027974318666, -33.44806579031636, 12.792757514184355, 27.153598017421842, 28.70834287049945, -15.087212773709577, -12.562053659765857, -1.0648640754259913, 4.572488804540759, 1.6071326780577233], [26.702097595158616, -41.82965165745404, -25.35420783886219, -28.674188895831367, -14.52366693942253, 37.88687683975042, -48.71664308210418, 13.160840184723, 20.136809085986762, -18.681237777147892, 17.218803859783225, 4.1579546629231965, 17.466246244603635, -7.506467800053738, -5.986170917749067, -7.1834336572442625, 28.319514181580338, -30.43930508426053, 17.19290715321098, -42.93279443107684, -28.85605545294887, -14.807490074474927, -34.51784610866872, -7.938300392273337, -11.496622334445538, 22.81879460376465, 19.12804440670127, 37.792684561126606]], [[13.353551859313836, 40.138881461449046, -39.99714084431162, -40.16729523575994, 0.993336006548608, 27.949519834736105, 57.10836262214896, -24.11215299057342, -41.41339409368084, 66.36693534224395, 4.945285436057993, -23.680373080437604, 29.99272818817196, 20.59805889725523, -7.5445189471879495, 5.202591583419549, -2.5638038970445884, 58.75890868493355, -46.42127432117076, -48.5557869541259, -38.56699351355245, -24.833469287843073, 36.11351173470149, 20.642313190927666, 20.864432369255958, 3.5319014206483206, -4.074035125003089, -20.06354598966623], [-19.9841478675184, 39.08467775525992, 17.942055853245094, -14.298531114762994, 13.080841220475381, -13.284225878416665, 5.963233425854346, -10.678256685128552, -22.729715521271903, -4.028168358220832, 25.225275519385598, -29.614714569183956, 10.098732477131454, -6.2279435143650606, 21.732520558664447, 24.78290331372915, -51.99892426488642, 7.676901257252928, -21.74282107080145, 41.030865841298315, -43.31501345117568, 4.143084250729772, 16.54447082650246, 10.582867466748821, -45.74861706434516, -29.9763107628925, -18.906974259459957, -20.41732407495393], [5.9709605859914605, -20.735806676898772, -16.937589679604578, 29.58651696671573, 12.33840159920968, -38.023064360232084, 54.141822006272136, 19.267714009971936, -43.712871390887486, 31.92451496374058, -26.351032064021155, 15.760984023089017, 20.134270284704762, -12.174937222359766, 34.456341235437044, -19.756887397945995, 33.98259623454275, 54.28888608268684, 19.5518443040777, -4.427951428709929, 45.51828300870385, -2.387233608442454, -21.64015053296162, -14.35777413783478, 7.378858443160651, 13.835264161177228, 1.0309998928951074, -28.946982426754335], [25.24546186210748, 23.334643447578536, -26.5944024956853, 41.298828094570965, 35.61997148416091, -14.518985317772298, 10.273358343005201, 23.49051971010844, -45.381882787839096, -2.197117388320378, 5.843425461373324, 3.2078173007263238, 17.779387707108878, -6.411994024876826, -14.846922569347628, -1.3292243740462193, -39.91541266029151, 3.717536767796565, -37.52331406757949, 45.97059482163317, 15.225466987872618, -10.732167862660384, -17.1377207985577, 20.382986276115172, 6.666621796022436, 7.294872379459341, 11.27081741168136, -36.53962543422255]], [[4.457750962750319, 25.540406473796384, 50.5281940939266, 50.172845946515096, -38.59889294678954, 1.2558424132474062, 25.699206618448443, 25.749916640274513, -35.33060751570901, -55.170406255726945, 40.49996399697789, -35.93959430717597, -8.295281015277459, 4.435316197462319, -9.197880439649841, 23.12817034946699, 47.825958501159526, -39.224577933949604, -7.207572577930088, 35.28833999312813, -2.4676777801504772, 10.140342187221108, -35.591836809220304, -7.2847119381917365, -37.09828290731808, 12.4726691032295, -3.8513192106462437, -45.336117267029245], [-9.765192046193851, 15.97071777244005, 16.645415351770918, 40.49768722520687, 30.535139587986116, -4.164051795246873, 12.42253207594291, -11.929899555435338, 13.639216734264645, -1.3656286646192024, 35.46861830684204, -19.064069619622636, -15.633730998246227, -10.342214428833403, 33.00997951511344, -19.842158557448304, -46.52318006767704, 49.58457639288928, -1.7900288909894688, -27.997804710804235, 12.891983361759223, 20.142265968800864, -16.95193362445592, -0.674656147916999, 36.86150758741706, -5.863474847622611, -16.975175655154825, 37.03118354276953], [-19.599918364067033, 43.88303765742729, 3.4828493039257244, 6.677575640588198, -15.942833775809023, -10.608449408913183, -9.026478144682045, 12.905888631040025, -1.9979025561004615, 17.920487122998253, -0.33326050702405685, 17.737316844686912, -28.704183414441133, -24.09210139616426, -2.979944577202095, -21.513311472681295, -12.42374881434723, -57.37609457511522, 18.184535468055188, -11.424262724987148, -18.0548811314428, 25.432084553547234, 29.544966690172256, 26.68636198397577, -9.904269930271033, -22.984377949477192, -22.822984042519007, -53.66674918234654], [-30.08300982329217, -12.74185181500929, 30.624778888462632, -28.576614875760825, 9.66088092525262, 31.782037092903764, -12.527355237683652, -9.370912219287195, -14.40239222427326, -38.492663547959616, 0.2514207803435327, -13.036973361722941, -10.044943258872081, -24.704977438281215, 13.95727189332854, -0.0072672881277332495, -11.653426663425435, -3.31948293821332, -38.06336685299226, 1.0964336120042235, 33.05174478690397, 4.318739715744742, -12.876985600209057, 7.167511338381872, 42.98759344255909, 14.0320863398366, 22.28258165084225, -47.225482852014494]], [[6.66725582164763, 20.662308371797735, 51.54960898700269, -33.00142747840207, -4.688595802839865, 11.038071753475023, -18.371445636779676, -12.61452793705442, -34.145985256998294, 30.719635657844606, 35.46700571906219, -1.7578619336288288, 24.667376789203573, -9.363790819364882, 17.057414531091442, 27.66506481850026, 4.997151039046111, 14.227548385337847, 7.073781714472718, 27.346433695949205, -38.82230548825421, -5.494351571489394, 4.6064327279895245, -30.751446409838387, 42.98747711157857, -24.850731758918748, -18.063822361653575, -43.30960013318122], [15.53684553168449, -26.948494474138734, -32.72396833981233, -22.44471559930508, -13.283553314259235, -32.05571573018069, 24.235679545537486, 6.669820898265171, 34.328948471834956, -47.293193541403056, 8.284358586247409, 14.417067846572856, 33.74597459287685, 17.434429633523425, 32.91550572274044, -24.920427335467505, -43.45478770170627, -10.60830839383341, 29.21355401544809, -31.456719441402754, -9.375134082879768, -8.378291963883543, -21.86315454179129, -10.89303917807221, -31.407571992924638, -14.173664020895083, 20.915004825801848, 34.091692827443445], [-27.15268522836371, -36.377180507288045, -45.80279113075962, 6.377547211164679, 13.431798276446969, 18.526601872039148, -27.738885499308207, 19.732216576350265, 13.261379659329464, 64.62338726565353, -8.410360795754336, 18.87235000624908, -0.7135418788447169, 7.8690494136812505, -5.7298191135217325, -2.066667775962444, -2.057580669524862, 59.22143534765148, -15.056563272079751, 48.19377228764721, 4.782350605892541, -19.643111982806175, 15.419012022305912, 16.976489989961625, -35.43184465004101, 29.142338146908344, 23.689887235992224, 46.263459445864925], [9.441736853561125, -36.39978532856115, 36.54208084488712, -20.44544449974344, -26.26809733828329, -2.149288215159095, -31.04026631227009, -8.099840169103866, 29.319065595697612, 46.68591809818821, 10.732011213721977, -23.48367648357373, -10.51798142321851, 19.684202803400662, 11.362503421713273, -30.983957082785885, 41.31766903128562, 46.13583443103418, -20.14109190591791, -25.213578532832365, -2.162305278920911, 12.597910179663629, -21.847857216599127, 10.360101528101902, 46.660629315438925, -26.070303310958977, 17.936098097400173, 36.62203538386675]], [[19.698807928040836, 31.9428179029577, -2.3423189730823264, -47.6797127525432, 38.062007218856905, 0.9709699521587057, 58.749455952049686, 12.748402678592203, -14.95858030873788, 56.82878011613906, -11.27861903762235, 24.84293695439326, -11.285236795550087, -12.615279207907278, -10.237799187169383, 15.471475723507986, 3.2313805899775834, -27.14631178013562, 8.418661700201751, 21.263408187188176, 12.310009256134016, 28.312917366563113, 10.838854819015422, 10.555861400030288, 24.566160428554504, -27.68270935009689, -14.798949582937206, -11.628360816156357], [19.116509482348338, 29.524811365986206, -0.4426001844226966, -25.94039816166098, 36.7200122398591, -26.035519616463777, 26.746620513025814, 1.2072180527965335, -12.41397288018297, -62.49402577412432, 25.978103126454197, 15.306212930740312, 17.664085210849343, 21.920189717986787, 24.987307954289207, 2.0214881161927885, 20.086662219707943, 63.899347040293755, -35.19893371428776, 15.937937500942946, -11.500502729995773, 17.778078213548902, -9.740981230382662, 27.254942505898125, -23.33530169109868, 8.33364181678647, 6.721408817490091, 41.30144668298305], [0.565603935420164, 12.268297089944419, -52.154777307881744, -48.41957234246897, 25.50858752889128, -39.512362646047315, 3.9578802414103165, -5.304861109798479, 0.7760365355371088, -62.40004920974353, 28.525110393127417, -32.335869259781596, 28.247395194871252, 4.908286113706964, -16.73207755037984, -21.19706654848043, -2.054349609257383, 60.373405789756546, 48.73550512042748, -46.979253079918145, -42.19282304742323, -16.909198420152812, 14.03339307132484, 27.226611066556305, 47.75793413299688, 29.87621394807253, -17.70066152339478, -20.061390208191906], [-8.30088418145541, -19.48680438886818, 2.3500674046862473, -48.996417954354726, -29.491250459847958, -30.44251071500052, -34.29867132376075, 8.16058785835655, -9.58414675084355, -31.23515281625677, -42.62793585521529, -5.51246890424561, 13.752235558872318, -14.440402291403604, -3.5738023487914967, 21.04270654585607, -48.40986701522854, 28.96209577519608, 23.081114001635942, -30.226066422734323, -4.713473886084608, -15.079031030721127, -47.310441962040606, 18.862027094917018, 16.82476996971195, -5.733621586357906, 0.7071420048488458, -62.75427183722513]], [[5.614957210416039, 39.51847460372596, -27.348327669679396, -36.86226039381794, 20.568910451023683, -38.86508866967755, 45.89565810148586, 25.959675346947364, -3.950294815058498, -35.51990209351911, -31.95547760455885, 4.802062052046677, -2.3168013694782235, -0.0037081965887079548, -13.256612861920782, 11.69331526413448, -35.25190927975853, -61.72208359356277, -39.04782555778441, 9.636921728465776, -1.804687202885002, 13.509173902092375, -31.76874747809406, 10.253742543956307, -33.36478120345413, 28.18256894751359, -12.019911341510099, 36.96255575058382], [-14.260004971547806, -17.585346727156985, 23.4130086237049, 29.397719257263358, 0.7839034332502968, -0.48479807340588577, -8.888403640707164, 25.83941358247962, 0.8528308536109656, -37.93183153523908, -25.880701380962773, -10.2045931110786, 24.673930836367493, 18.665364965790772, -28.550086087028482, -11.314862644764025, 48.29628081001205, -32.5415219524854, 34.3159978762208, 35.21838430607886, -9.898572014321081, -14.206297540845874, 23.166805174908106, -19.438661752175733, -46.25551245155172, -12.872348406252838, 12.298209628146088, -25.035533349807928], [12.975348243411945, -39.90987516257183, -20.765876171606056, -15.75575048321554, 14.043326936457147, -4.956040461799206, 13.113227881640087, -21.873128995074268, -30.903463997261067, 9.534731725790603, -37.3757178782937, -12.64520940504026, 12.079810622798265, -6.82048833466863, 7.85341325027162, -9.65373383127602, 38.658628202701756, -10.16169734000039, 41.92946719106909, -36.89182224278973, -12.718372706528672, -9.095127824249495, 43.37905110685632, -23.557509318225428, 16.31092677875359, -19.89905481020535, -11.39436829390653, 51.718747164112955], [24.02404452652122, -20.39762094857943, 47.85036682216534, 24.73047128591579, -11.219367593871748, -39.7773747122691, -50.75186046990376, 24.15751453040239, 14.413956366895984, 25.62027919634826, -12.192538143395161, -6.755036664667588, -22.02063361424643, -9.259832033341281, 5.340923785811234, 24.29745723551387, -42.2275251416636, -25.626636356578434, 4.964484103073121, 37.245422299046815, -29.987576353162023, -26.65186801709994, -23.718141904307124, 4.744167212243052, 13.152197905869032, -10.51911801187212, -5.384664797767395, -46.810658015485956]], [[18.54990791472401, 18.837267435562705, 0.5446610481602294, 42.697287763791365, -0.22880368273170829, -0.49368766116313345, 15.946690180059592, -22.467419519044757, 39.56104551165007, -58.40464574823832, 36.67258063501884, -29.22946970320571, -31.86937213501602, -18.357524444288984, -9.095065910282765, -5.938451128073564, 26.529203290520947, -63.64159255493319, -27.59225185339408, 9.831352729076093, -32.01711711051959, -15.259137579942442, -41.9157024444654, 23.649583595124593, -42.387763251997036, -16.31038139175382, 23.34775713070342, -65.50081971754506], [28.49693839010537, -44.904782032824265, 33.04571991979211, 23.32311180984893, -13.27092886547444, -13.779664490305793, -9.392301098625358, 4.635545078126292, -42.35691480466909, -28.93180104982056, -22.656073026918737, -18.65754287412182, -27.066562769800615, -14.035683720654214, 16.030024345046087, 11.90949673964027, 10.109692824553507, 51.850337658971604, 13.826922047839677, -36.548998696032, -41.475657712638096, -9.742843345756503, 14.382596259711883, 24.695728504942178, -16.532600812797458, 8.017539836573615, -19.182458300754075, 52.747956782984666], [28.80717239155867, -22.302907471948316, 10.817898738714302, 1.5770392701121128, 0.4419619298087809, 18.59536703471542, -36.021634647267085, 14.794863143785548, -0.742856049106495, 21.79452020852357, 42.49118261592107, 18.187969939039405, 1.342380498708256, -4.160744863095961, -8.73572849055585, -22.444512402761422, 35.46166104401692, 45.85267732853979, 0.8282673660043299, 5.237473999962094, -47.28823118311897, 29.154050036762264, 11.911575844362465, -15.217471785437176, -32.29290895194022, -21.19686038946743, -5.28202699299214, -66.74078527555294], [-9.90548098571691, -2.37627880793773, -10.222798694036143, 19.463186390364072, 31.40104772190047, -10.29229237153355, 59.705601324624574, 1.3441506898745035, -21.140823978280896, 57.11294831218695, -45.333501104790784, -9.143833022109446, -20.9130612677593, -23.585908346471268, -13.677478090868123, -5.151458876896484, 8.561951283239937, 53.794609247923304, 10.000304773071289, -16.011481129689418, -17.96294912344529, 8.609944519115025, 42.96380746220679, 5.8529916353155, 37.73481449063044, 13.22029147721742, -15.881647314238498, -24.776705856006156]], [[-12.335462912547749, 36.92894859617713, 25.22927459904656, 3.4037110452475057, 32.31575423459128, 3.927017630357449, -30.92389544542185, 5.436772153281086, -22.41579096403283, -45.740048238639716, 22.221187086344635, -25.538907937765124, -16.009608853912336, 14.913856252181004, 8.77921171639719, -27.38272303923712, 9.829071854828982, -44.642150045104344, 35.682481383035466, 20.399843235164088, -44.587248284325504, -9.465599304373347, 15.533403956724616, 7.208860182917648, -29.293361568937517, 13.670692495863864, 1.1139026377620536, 8.170279743021535], [-5.607051648549136, -34.833420576849306, 32.7538247385116, -37.489595787104335, 12.299425561216095, -36.12673264898491, 49.46149901541208, 20.300049468400942, 40.91650054922738, -22.271503392816395, -3.1694734206404234, 14.358119446732886, -0.10657479040964839, -10.344565837126266, -31.350960735492976, 4.100546962661816, 50.33529161130862, 18.237833565769538, -25.44955039301247, -32.23088504680773, 28.55541816133869, 27.17985704291822, -19.45100068027001, -18.26354974633966, 22.552051888998644, -11.467577427046766, 19.814739230571586, 55.39998588035058], [30.031840192085948, -34.49386845194258, -15.850107597696386, 37.27054052748961, 38.456358263343375, -0.5112011424523145, 5.513764501654985, -26.491583814084883, 4.1307473628685525, -43.549672783930646, 17.831896182017935, 30.99826880883882, -7.264846857487704, -16.754944178852643, -25.040318592874513, 31.80689394180743, -27.514694354533514, -46.80212741258512, -26.935801028453465, -43.957620898867866, 34.573410264154475, 13.810471262074557, -9.755712393653704, 34.65973387292609, -35.51260989079747, -13.17451412146297, 24.011375176212372, 58.418710455869686], [1.1558513543420088, 19.315485807773566, 25.229015906409106, -19.013082230453644, -18.92464008458432, 1.8864319346606466, -37.713475040610334, 8.455360756540065, -7.7748651965842654, -63.133664867727724, -1.5709704520082628, -2.048530025521793, 21.111282510937937, 7.536746044965349, -20.07782457789851, 29.481938568444487, 33.25499132012316, -7.418638926574043, -23.60566543650696, 48.378729979053006, -0.9483505277539287, 9.616378259898925, 39.459176183462596, 18.587311686795474, 47.95519722723443, 22.83688195923874, 3.85775561580142, 27.003670132619725]], [[24.671469667739004, -29.70701548007315, 22.007434887933364, -21.74297219566108, 22.066346876140237, 3.0437847491884438, 25.13044502283138, 8.3149133633108, 45.001125787011, -47.512186089171855, 28.402287036011206, -5.041612249448078, -27.075955695038612, -24.090161070765753, 25.614636979972538, -24.88664283575605, 29.246218291772585, -48.43430657706639, 4.683275302975817, 5.808366366464598, 4.222771103306364, 12.597053889610413, -34.805913770801325, -14.874327034730989, 5.357108618519012, 17.488525637217748, 23.65470113829403, 31.819226008483692], [18.57927225323047, 17.01391464577922, 49.849951050165444, 42.22506689834181, 37.164839989547616, 0.37896156079930643, 32.10542983447075, 22.006471380868803, 14.455002950288538, 64.22816830421954, -44.90831620602489, 33.24767174146658, -2.043516851045395, 9.973995786220783, -7.474550177619388, 13.705568736391713, -52.32199035264046, -29.81856670633835, 20.558682632798167, 17.29399284107782, 27.49710257239285, -29.12640934311861, 28.54228095083157, 34.01536034366863, -25.45123409490008, 25.72395964867925, 8.245196035772093, -29.33457425952115], [22.222741398313836, 31.4678645918773, 14.117501555817494, -38.54694840838331, 26.337060312227152, 37.89914468755192, -32.23379245191813, -6.776625290531715, -45.81725284680917, -55.67982605739592, -29.33358090328392, 26.79524429139881, 3.583166462118025, 12.14851379966231, -4.008472142624009, 2.6563811663120696, -13.307687742883804, 7.336885091946762, -47.15009044383792, -17.13752820789693, -47.80895123470812, -1.2801268918446116, -46.88715419021152, 15.956081240502353, 21.336129703554928, -3.1723467872899835, -19.95245403008633, -15.533785617752029], [1.3161135776526853, 33.087278154263686, 10.819186835799115, 44.84316803146731, -11.541311062421727, 6.599458727894486, -33.14033789583772, -2.9919822362861517, -47.42053563449921, 5.201462918658978, 21.90076543428092, -11.963590399859482, -24.32305910073424, -21.744361450846572, -17.26854855293064, 17.126192965268384, 48.01233593323637, -61.14013650603261, -18.52371441377637, -7.647621747181939, -29.56562589668342, 5.865030829878309, -33.93326136186466, 19.346624599118915, -16.34636027068472, -10.558074515331178, 0.7971172431402552, -31.702622886553378]], [[-11.765391536014418, -38.74715567086644, 14.24608656983549, -20.042306860873417, -8.316671869563613, -11.35466406174529, 30.762720194929834, 2.290353415948254, 4.778197137871741, 53.12538651983177, 35.64447140952888, -3.7835857126033248, 8.62989812705951, 20.56224579806517, 0.9555177933522583, 11.211005010095658, -26.820983854321504, -29.575319381728256, 38.698262613664305, -44.075671040050274, -30.91660575962351, 6.363221256059295, 51.29128829563907, 11.1472954004437, -25.021123295282713, 5.684937653453632, -14.533072970399948, -25.622291071464034], [-13.239006784535945, -9.09289421530596, -34.05231532672056, -11.10604016569443, -38.51663299322211, -15.49882759549835, 18.08844812836024, -17.435271656052972, 23.85133370455669, -59.811409604791486, -36.45304999211801, -2.863724628903435, -30.677332428865164, 3.706897361762798, -1.9303108813128542, 29.888935830753496, 7.372648649990463, -40.61503362198199, 21.899431388020304, 27.40456409641883, -18.523902527172474, -26.162792087865824, -10.537444984867845, -0.7433783072387964, 21.44021371512207, 30.47485211649067, 2.722811784360623, 28.949774487734732], [24.925189805718297, -1.702501281650847, 0.18242874088018748, 34.78088700257434, -17.752474172414782, 14.269180429761153, 43.20230739589212, -21.96642790355872, 43.01668022558583, -48.78582211816326, 23.83047117246461, -20.481267602931748, -29.78538382144035, -21.237407097405544, 32.046177286119196, -3.9259538448393765, -34.7444022478048, 42.6000853074405, -36.56150715076867, 41.68129568134483, 41.61568397453545, -18.983967338439328, 17.01271986057632, 27.883124876336737, -37.664850612622566, -18.353407881896157, -1.6710256531772287, -63.73647822144036], [-3.2656360791021495, 1.8421434205762495, -35.18486313745483, 36.06617922427908, 21.281531526514332, -36.969109832774976, 43.84442315421507, -26.48271280081652, 35.67658720749168, -15.937839384051422, 24.44205850080711, 21.233000977331386, 10.378528306562725, -21.859836505340155, -20.807901293668564, 4.5481275700929045, 6.700964459093323, -9.253522251919845, 1.171739693925355, 37.39359953007207, 1.7383101084628592, -2.53397631362256, -45.71609219911967, 21.810789921461634, -1.72968519452958, -15.941767011011335, 10.187715814393142, 23.774359776845166]], [[-2.098580864711964, 39.126119825854694, -51.21590890613238, -40.73687195092404, -37.4360736554234, -6.657559727807197, -46.328872480044225, -21.30730956047934, 24.84192020624653, 22.791223235074053, 37.909578975488635, -12.343306524059876, 25.501537506315415, -20.392714591322996, 20.79533158776654, 6.976440965386994, -20.404566266085418, -48.350113121933866, 5.6942145980909915, 37.77702811089918, -33.508591057092026, 14.631003702774452, 46.551162075519514, -26.130401303488227, -14.917451952332414, -27.86649835567458, -11.561041207824358, -15.10063342140833], [-0.3166781712685065, -39.75156045070198, 8.16578455278566, 30.126854015462495, 27.591997147305836, -25.834375667945416, 56.66614376667355, 17.80977592058806, 2.9266899555073786, 11.678033147900603, 41.032704972843334, -8.663379839169307, 33.580142106950625, -8.230940914923302, -20.279474771363333, -8.555793131992887, 49.54051214615184, -4.061419043790889, -49.49347790578473, -14.923164409965228, -26.443981655240737, -30.540832927131394, 44.45119871340438, 19.107465394670708, -29.203248337303954, -3.59280454387161, 22.815568179749103, -2.210584552916434], [-28.03670613228102, -21.572531664321676, -19.941739836582908, 35.66532703428291, -13.548231483347216, 22.861459749357778, -32.39486453404461, 19.09911035936764, -17.62295692112824, -17.400201455720822, 7.16072052388668, -12.977657425952723, -27.483515237684337, 12.83884498645941, -15.480698855235781, 11.526520462072538, -7.049455687314146, 15.18266843446583, 34.835729728921045, -14.811892467781604, 3.96855579742561, 23.663722936528774, 27.485807827263187, -10.081448142331272, 3.1801891971574636, 25.79561254278081, -11.34124320792357, 36.32877722415946], [7.431670890997883, -27.021610409484882, 39.15032504259503, -13.681390266629933, 13.023369487686299, 17.647463104392436, 17.41347485987266, 4.7151832537669796, -46.79075255908152, 56.17997215861676, -24.740106213214137, 10.54934525827787, 4.9446100557619435, 18.401723595144183, -4.838220425144125, 2.8123778158552173, 52.54735797601792, 29.699496637577784, -18.11096305513197, -32.10767663292382, 27.819008513920018, 13.873325544575618, -29.60809814319449, 6.559978975743147, 24.633813138484683, 13.638865966418491, 18.13446936566225, 42.92797066121193]], [[-9.922488124573126, -41.36339308980546, 41.52807245402373, -20.631104116259362, 17.22194627641482, 19.67335978671914, -36.38513870338882, 11.85961500327104, 7.508752703512993, -49.83218113743062, 46.346954169215074, -7.609261803638075, 33.781001613886765, 10.715714416420628, -31.473536378781187, -26.761943209556968, 45.9434131985274, -23.070738795724694, -30.252364945855128, -47.761017146321805, 45.53235527808424, -30.432665426686416, 0.2145019724842164, 15.671971856803996, 0.8176628024491027, -18.653632515370063, -0.46125146308865483, -29.298168478121877], [-26.07019732144808, 10.232422173341957, 34.646326368739814, -17.123351573229613, 15.057205677195531, 3.0592461997834866, 39.76178395935154, 2.767264888215472, 9.531488947579946, 10.431803176103989, 11.729527779867684, -22.141009090448673, 7.0978299771749604, 19.164166058796063, -21.376178742343846, -16.860498436295458, 18.952307863773978, 21.255579068141287, 36.827173999096665, -25.384231849994784, -42.94266461381858, 8.594147835332532, -29.562081429223404, 7.92108113815809, -40.7994599146616, -12.407244813589173, 15.545727117887, 33.2311172945599], [20.343983946641277, 43.119821513476644, 32.63665273594939, -35.34370296517225, -32.770034265662424, 14.739122529991706, -32.99392828312274, -12.764243406251369, 43.0134665377131, 6.4443742672951725, 36.55549121140786, -15.020684145272124, -2.964014615023563, 12.417616689315773, 33.24752766921191, -2.605658106719574, 17.74548932623138, -6.9427896713145545, 19.219670070197807, -12.910721409623207, 27.015079063819744, -6.912740963855001, -44.274215862778775, 1.7807277441242186, -19.337445920318288, -18.435966490679554, 17.334148416289977, -35.17432660492884], [24.238748507531227, -41.089807290209585, -30.18920285448732, 9.039990488439399, 36.14034968185706, -6.360319316147135, 25.77563371316321, -13.509334227346717, 24.989266973286032, 16.009373121651624, -34.197282768417054, 1.183720028316256, -21.769022146423183, 13.790368187046697, -24.316553852255478, 16.75737412315553, -42.494623014709695, 26.862783875000968, 43.9765720189821, -31.20127992046278, -44.16609312093794, -27.365282850672344, -46.022280822066016, -26.067167895147033, -4.662349836485623, -15.775255012399482, 12.02917454603987, 62.1118700581461]], [[18.64246383456854, 36.02673368296939, 41.87855290800851, -48.150472128272455, -26.635558020986593, 17.62790497679765, 58.927760119378796, 21.373425342060052, -20.180003406749908, 61.965441206004, -25.25721897045609, -15.103114805740756, 29.68301858582237, 7.573052730703494, 29.06540229733924, -21.54414749918567, 24.749726102752064, 55.490258759571184, 35.98517626209992, 13.408777789900201, 10.94654180559782, 5.874461883476254, 41.39237728515483, 17.389915132280805, 20.92754518878952, 21.832698829345976, -2.153423096112412, 41.187005884043884], [19.41688421953687, 33.39779245796412, 35.917982741125506, 38.14254876030486, -24.369420957602724, -8.751146088847266, 44.43663291299695, -15.63450454118061, 13.692137507000687, -28.470740214386776, 21.54165114830966, -25.19451943499912, -19.15575652964466, 4.990589911412025, 4.9388306699806055, 7.166064368225437, -6.233044392166429, -42.84371701459284, 18.522105105841117, 41.51476076959323, 9.396229040657861, 22.83208623215635, 2.247328053981357, 5.720914668817645, 45.27601236461718, 2.2148179492616507, -7.096560751320264, -36.740722851840836], [11.991052816501192, 4.352869379489481, -20.044205359043517, 31.00051906643501, 31.525021403106656, -14.130171307267734, -53.18074640953494, -6.234918829810589, -0.8779089746846237, -28.410498374365094, -16.28031613568558, -11.43022611600666, 6.690044330046671, 1.4409745876240807, -6.894930848249931, 18.655211866334525, 13.273547316024654, -10.591723962484638, -16.82773844828754, -19.8404091534196, 4.927391650088277, 29.877640351587402, 51.0630534374092, -27.340813808180915, -21.81659748546971, -13.048289935644908, -16.571217767349705, -20.091257982153714], [0.7138760269998692, -21.887198500208495, -26.696150949686057, 4.709682557026507, 7.139257080144338, 10.587102434873685, -30.48891121176039, -16.135061676644916, 38.61655150610572, -29.871588607707842, 21.74463188285523, 31.815649608880666, 22.741327619001773, -19.59196229688223, 21.68367625513451, -31.625295333165084, -40.64932174447319, -26.010211928252417, -21.146155621556225, -36.657644724333245, -15.697626565171223, 28.393628089956533, -52.72613826927793, 9.529215783453726, 45.15482174826611, 8.736722909424426, -21.549203938263943, 33.40256079668386]], [[23.983257156261555, -36.39296952799576, 21.706262832899494, 27.32803771106115, 18.460375824281304, 26.923782030891967, -60.35086665609951, -19.758564620115266, 21.462646053254435, 49.575458194513544, 16.98481282224984, -33.10762300372585, -17.99947359764877, -18.73554551769019, 14.14955110810541, 17.79321656221999, -26.772026363322997, 25.288042332217717, -21.637935748313065, -34.32420969509612, -37.32847553043673, -31.56888305012872, -44.21465325548852, -22.188217605287964, -9.385899743224302, -19.924536168261515, 8.546598804171529, -28.164784630284252], [-3.556892680520508, -16.99834783670846, -2.094720297021985, 13.06731750904545, 36.40238470610257, 34.32117680276392, 48.69378824723954, -2.8698812220267014, -37.150537129325556, 19.9652344203343, 8.86378039469223, -31.519865766630843, 21.17002784336204, -18.56558108449835, -7.273566409951939, 25.04992002558029, -50.397232704135206, 1.9262185430994745, 9.251848320917919, -26.476077934305177, -8.781182208225095, -20.35669231148248, -21.639534998891026, -34.03792146004463, 0.1444608374609526, -22.823429085432544, -12.866738213716806, 64.20998194355646], [6.591899363314914, 7.118898346593033, 42.53548827000406, 12.797247929678019, -5.8295163447124185, -7.973605750146008, -56.05584436402498, 19.149156776785066, -5.297062533791068, -27.758760901134906, 11.208124494300703, 7.026356787616306, 27.73886100356692, 6.454182726458217, -30.871786488585435, 4.0138540158227105, 5.91812772567697, -39.03540928322591, 18.00622915780399, 30.520585020399214, 40.066350822966605, -22.46361322502353, 1.911166378588869, 6.518430055425735, -39.82332885316703, -13.721824849327785, 24.276056763651326, -8.402164633871365], [27.31293633364959, -8.275195646768907, 42.66758181461093, 37.5032598802218, -29.841427702933778, 21.62307223603619, 48.04772030031903, -0.2051436025886398, -18.967976139154757, 52.35694189203208, -20.07610799188979, 15.939522174939459, 34.648285344104366, -8.70943848669974, 19.28247766937045, 28.581182505518996, -21.709135850624794, 45.08761148635647, 23.59404313433076, 28.317044073750292, 15.037734832205755, 0.18154316081268057, 51.966983775412565, -2.526956249162019, 11.987615092777311, 16.053720322254254, -18.41120884610421, 15.588446883072152]], [[-23.426495926163195, -2.095697811403815, 38.48974089789461, 13.360421067750956, -30.8628355811908, -12.211606309961727, 57.35215842048152, 22.51797752633255, -2.5497562306322714, -0.2730898902340811, 3.716032621617251, 8.287385695734805, -10.380077640301506, -21.700163941037516, 29.289189671279765, 2.761011528463412, 44.96111675022605, 55.37614230029679, 32.736103392905896, 7.456066966228298, -39.61534235753634, -28.00507617184678, -38.10234968587239, -26.47915583093253, 37.74941772232598, -14.506233254977126, -13.524016053752865, -1.521672499285287], [2.540709221622783, -8.308426536421573, -46.425239780904356, -5.141645332121809, 26.228199932952585, 2.0512863436661237, -29.32329172943203, 7.821836274199598, -33.17290883410586, -62.339979667038776, -39.2631393282877, -30.632693021773594, 19.20319360092566, 4.848041474137242, 17.29363441978809, -24.96514328459655, 6.591921330243976, -64.1362339965715, -2.389299399243381, -23.30872447680291, -24.826850758874397, -23.675803629691597, -52.12916026103758, 32.12581505803327, 33.54721842611112, -14.252180489782504, 0.5999595823625837, 33.14026602882111], [11.95157048120255, 26.059114471899818, -26.045514708519324, -48.10819347956394, 15.093267922720598, -27.42149359104578, -27.37955022182214, -8.957526426639992, -15.214580667883176, -30.03995272247855, -16.252514517457186, 21.501563163908518, -30.277567831668364, -5.170380146226704, 16.309425916664658, -3.7041824175864084, 47.7540782004517, 3.7663061408142706, 36.53623288203107, 5.523609807055421, 3.8495096692064084, -15.764937202396462, -51.91637481280114, -3.841523635456482, -34.172582671208666, 28.369868141357575, -14.521222560396462, -32.26953567445411], [27.898508406647718, 30.968044096400952, 18.90879567453184, 26.14586134611046, 18.78317588282742, 25.897895769939907, -53.07377443352742, 22.257356047471802, -27.701862374681337, -22.404102854817552, -27.0705602966289, -24.736646480669286, -12.790077524968378, 20.331152658580542, -25.493982186338727, -8.178734688834068, 3.636776714364769, -25.826704266864656, -10.177768439240198, -6.146485673796148, -19.53830461269796, -1.031666480366861, 52.87857715861587, -7.872572575839523, 45.93774853043023, 2.814511763115486, -15.681701560911543, -38.596195555808066]], [[0.08214526841963223, 41.839037202768246, -35.70071698640474, 31.884454696206006, 16.080041478570585, -4.306689338434944, 37.34063833372324, -22.211202414035174, -45.22288414187766, -12.407495320650176, 26.886912564074045, 34.82272997519435, 10.8554669998888, 23.268581816623875, -9.275740001607327, 23.69904983523242, 26.070409079369888, -37.86722543264414, 49.662565731460695, 0.83389594265628, 1.8512891631373933, 26.506574128082367, 34.83467697653559, -14.914236212703157, 3.161302624023312, 10.477286288326452, 13.028091711138325, -18.71755350309215], [19.491705419104132, 41.38207662992427, -46.762902569154264, -3.4791611328000895, 19.82338085793392, 36.63630969160445, 7.44141653513351, 1.9434629333147606, 40.85576229423393, 60.982387106628344, 34.68631845061432, -23.58527815724274, 21.497258056156372, -16.498590857787057, -33.88322001923118, 27.198211683808406, 12.369179049460607, -27.231011282002786, 27.48359063254286, -15.516374872110257, -14.312477002923858, 7.740664001680244, -38.66040192877076, -3.057449089079197, 23.984699709052222, -29.910807814815367, -2.429596726715217, 61.66080455827924], [3.753420863542723, -12.544222841462974, 44.88789046746894, -31.047988968416483, 31.478418968693397, -7.89085841550219, -30.26035995640054, -25.029185963571365, 2.9991342044443, -63.51480613844283, -41.14448321591524, -14.974555853686635, -12.280341461264241, -22.593932471455595, -24.198212006760397, 28.385781243611984, 38.32215675576521, 63.83614742372111, -8.118929100750725, -37.24368565715192, -22.064558452376104, 20.00785611721497, -37.13374136686564, -27.316234549103804, 47.13463171118579, 19.34140624382014, 4.36239612228741, 51.40384352115216], [26.787892256859944, -30.60974551748191, -44.20466253514327, 0.273672530148807, 11.420660795061176, -30.540171587004835, 32.9914154924244, 13.264516401237955, 41.158453052155124, -61.5060741897949, 6.368227702492143, -9.00013976424526, -30.325891502826906, -25.216733876856832, 22.501846490336707, -17.770091085251618, -50.89966083826538, -1.5402780058792969, 31.998640937270594, -11.72092000129199, 8.734113763544919, 20.779433055967363, 43.99408599375284, -5.476930228827301, -14.783788301294242, 25.05342488414025, -1.3442444892974585, -15.09937203495258]], [[-30.60311398403722, 11.43912292784312, -0.10539842467318758, -16.598005030090395, 29.39721167850475, 33.95381382111881, 29.35597025225272, 16.117230797789574, -43.6755784167968, 13.344955536873295, 18.07302221941622, -10.582610420050061, 12.510060279585485, 24.87427170144374, 26.41047885470926, -1.6809509023043787, 2.2947694511399788, -55.08945508580065, 19.84347297029578, 8.48506984923615, 10.147171956489709, -0.07130749556881721, -10.90730925465961, 10.667400522729606, -48.95487772209754, -5.050067158736678, 6.575446457863604, 33.0348320241203], [-11.531581115954191, 13.34642943831315, -39.801302822640174, -30.64427536804859, -8.300104047670102, -8.818436006359613, -10.52295358247818, -4.227455078049118, 36.03317414156998, 35.52142798240902, 1.5755725787639498, -14.905703993952189, 6.825988109541472, -7.073934576458916, -20.932336753055466, 0.18222172374778678, 38.91403449571242, 30.284115999669385, -5.414842062806857, 4.082156250019133, 39.544094555590505, -14.649579819061751, 31.001669148544302, 14.546147460666496, 10.983380297295568, -28.329350303369015, 10.117674848144954, -53.0535445608044], [7.644045456535766, 29.391086169281607, 6.3561600927315665, 26.989364105868443, -17.72901257395707, 18.720598086057215, 4.889764451837966, -24.996966921399423, -21.04742848851715, 41.809210962426896, 37.51172132879661, -20.20042639989076, -11.802531539899068, 25.583400254990945, -30.582520159031557, 10.800559807487673, 30.584817093367153, -26.604124187102986, 0.25949766668148105, 2.4789983190352554, -14.372390829557414, 28.011281674249673, -30.119284734862543, -9.358041499418992, -23.13862486282099, 24.874395564614453, 22.567958088659054, 20.743716422170767], [28.451299856041253, 26.926556370168555, -41.86466467111134, -48.41530722785265, 39.906367327473994, 20.256782794993878, -41.79489947880384, -3.6468230910790735, -2.8042576735869282, 47.05930383833979, 41.36949987900008, -3.77829633949957, 12.276864973525761, 7.473407019967726, -10.415934025282125, 2.217402746760354, 12.5489665000593, -16.453618406402754, -0.5014497410965386, 19.101349727192915, -41.50337186868008, 8.286751791491561, 24.198389037568848, -23.365460853395103, 24.028504940740355, 27.332204896918874, -0.3819000112893711, -48.8168456223209]]];
t = [[99999999.0, 7.957677116188221, 13.80442728484628, 6.951008460513587, 6.371979794432082, 12.977103932513305, 5.700136243657772, 9.408818359146727, 5.555677424896191, 5.032299075726794, 13.917432793854523, 13.987005199753892, 5.9897061526833575, 10.505861578310494, 6.260850798876567, 9.582496634271948, 9.404276873786438, 13.866664441090006, 10.695131567352911, 10.644458321294827, 14.067338291837844, 8.592373008243175, 6.561168841133867, 11.905814658889362, 7.519418512230965, 6.5203308084746165, 7.042572410235952, 9.97147019162064, 13.265573592442129, 5.997981410109938], [7.957677116188221, 99999999.0, 14.09949291157815, 6.750414080407278, 13.840066677038825, 5.231340764114706, 10.181058883195526, 12.001330620295175, 9.1943613315834, 11.04119324774472, 14.015997137991262, 5.41455829657027, 12.504076863853872, 6.460162910976761, 11.102704097641857, 13.529548198197219, 5.663194015886845, 13.792737348810634, 14.872174906017229, 8.231992851924085, 8.772598439650977, 14.920250851793234, 14.238369650322268, 6.819438014084072, 6.35310321590952, 9.91372045147753, 14.393052956943409, 11.412838745620984, 12.048128215582999, 5.040211883067233], [13.80442728484628, 14.09949291157815, 99999999.0, 10.958275939326185, 14.200485709003628, 12.861953352008946, 9.256260721199729, 5.983349104091759, 5.997784593241731, 9.377859763322776, 13.99136015145243, 7.896855570025657, 10.062149132041439, 6.14929463147888, 10.835046574605133, 12.654990204297869, 5.000758025803983, 14.97042723041738, 10.176011387445973, 14.818100269220059, 12.969100455985334, 7.564222560770732, 10.482753776416791, 14.630343839468363, 8.802193640494373, 7.173687447408163, 13.07035105695686, 9.975849746413548, 5.94645587177415, 9.413004132026515], [6.951008460513587, 6.750414080407278, 10.958275939326185, 99999999.0, 9.35449518996305, 5.103983185014883, 13.95427290412082, 7.882873604812218, 10.316398583216618, 9.620166905437792, 13.350961572336233, 8.155620479315374, 10.999015075469254, 10.80434195897622, 12.633994714945953, 5.825937063751273, 10.303342808868095, 9.005147405154096, 7.68498392353499, 10.891851777839054, 7.752522592094039, 5.6335891759456524, 7.796141963444273, 5.765923840825097, 6.237910490529771, 11.157003923577282, 8.371385364788315, 9.9382294530974, 13.172434590121568, 11.675329648242933], [6.371979794432082, 13.840066677038825, 14.200485709003628, 9.35449518996305, 99999999.0, 7.099264516067921, 14.526674719592496, 11.85214259788694, 9.326971833679789, 12.856921885630198, 14.703299850997475, 7.593653371254382, 10.452252669453351, 6.065986740277883, 12.9498427560873, 5.745950912107151, 5.498845158212746, 12.671426049770659, 8.336294599598048, 6.690798006300941, 9.406291629601892, 8.360787196818816, 11.247980418705364, 5.0786886042064605, 13.570428133465015, 5.070066755095445, 9.466249458655522, 10.150870954107873, 6.104728698054915, 12.953160780983218], [12.977103932513305, 5.231340764114706, 12.861953352008946, 5.103983185014883, 7.099264516067921, 99999999.0, 10.189918440742897, 8.254131064149735, 8.031859094872418, 5.247504154294061, 7.956200616303818, 11.082715584167905, 6.924784016359665, 13.097197465241436, 7.3592930907615965, 6.007536143601105, 12.285027213366808, 9.920141882839543, 10.226578981071793, 5.968307049583197, 10.713008083800228, 13.98655907795594, 7.485630269198552, 9.751031005290193, 7.551284873970699, 6.290641899278039, 10.961554305938705, 12.436062279756072, 9.351247748189607, 7.584271984227535], [5.700136243657772, 10.181058883195526, 9.256260721199729, 13.95427290412082, 14.526674719592496, 10.189918440742897, 99999999.0, 9.04478834739931, 5.810501826016602, 6.360719801259527, 10.031984422080642, 5.321761803201972, 13.575224574029646, 12.820212002742945, 9.810518076885199, 8.785522067063201, 14.471924306614715, 11.902573053347421, 12.234323512610572, 5.966983280995899, 8.898739315355787, 7.378767266879524, 11.98346989070722, 6.535110917902242, 9.55270767890384, 6.639852999646006, 7.772109766813971, 13.450738596063934, 11.168222096564532, 13.776331732173677], [9.408818359146727, 12.001330620295175, 5.983349104091759, 7.882873604812218, 11.85214259788694, 8.254131064149735, 9.04478834739931, 99999999.0, 5.219591588174786, 6.414375956711773, 12.980065254222055, 10.609939137538412, 13.937616509916761, 11.425284662360156, 12.696749919974463, 8.531999629312331, 8.186155903456807, 6.368369545407985, 8.296294890175599, 11.777383693792416, 7.640753142075444, 6.870789629342632, 5.517575967899042, 7.989652189634688, 12.448802930107073, 5.11134174696548, 5.185709465289124, 9.069612487894643, 10.56677969325758, 5.852794207383836], [5.555677424896191, 9.1943613315834, 5.997784593241731, 10.316398583216618, 9.326971833679789, 8.031859094872418, 5.810501826016602, 5.219591588174786, 99999999.0, 5.438134735882408, 10.628794491526794, 13.261628652187738, 9.6963395890584, 12.925126188211983, 6.956964052463689, 10.039698670312834, 14.903001993298808, 9.557981619313965, 10.24274790156334, 8.818130312762907, 9.907439809638937, 10.61778206072822, 13.626366256086257, 9.679147377052436, 14.597812197696442, 12.339579766568637, 7.015317231331958, 13.857654160340125, 10.098605560315889, 14.37750793564623], [5.032299075726794, 11.04119324774472, 9.377859763322776, 9.620166905437792, 12.856921885630198, 5.247504154294061, 6.360719801259527, 6.414375956711773, 5.438134735882408, 99999999.0, 11.42328509085774, 7.562293307771908, 13.109035976504314, 10.200227999317061, 7.687449008783557, 8.102142088369344, 10.125355106160338, 14.124417328771042, 6.554507247555481, 9.936037155238152, 13.537065407665104, 11.35168461836492, 7.499051035774528, 7.610834089663406, 12.301272116404325, 12.15946804488418, 12.722189633341845, 14.516038459817171, 7.715715797299406, 6.726937519962678], [13.917432793854523, 14.015997137991262, 13.99136015145243, 13.350961572336233, 14.703299850997475, 7.956200616303818, 10.031984422080642, 12.980065254222055, 10.628794491526794, 11.42328509085774, 99999999.0, 9.789074787087909, 5.024076130475547, 8.163769030902184, 12.438978829747887, 7.657073289718585, 14.240511664870958, 5.66365986548337, 13.759768075273225, 7.9438420609221625, 9.043496463384647, 8.705583889697035, 9.77148918078613, 14.576855926951424, 12.506867887817423, 10.009543086948494, 9.366446459184841, 12.557299943491248, 5.922133382335862, 10.705254040654374], [13.987005199753892, 5.41455829657027, 7.896855570025657, 8.155620479315374, 7.593653371254382, 11.082715584167905, 5.321761803201972, 10.609939137538412, 13.261628652187738, 7.562293307771908, 9.789074787087909, 99999999.0, 11.264259349456808, 8.55665479638903, 11.769112931952288, 13.38056245914123, 12.057270958255543, 9.706113610097967, 8.68473788911444, 10.407153471050552, 10.127567016539373, 11.364652021420945, 13.66184576537334, 14.073144798845057, 7.466976757683005, 12.610130497119808, 9.265671987660813, 11.725247603825753, 8.580255531838132, 7.614993266772395], [5.9897061526833575, 12.504076863853872, 10.062149132041439, 10.999015075469254, 10.452252669453351, 6.924784016359665, 13.575224574029646, 13.937616509916761, 9.6963395890584, 13.109035976504314, 5.024076130475547, 11.264259349456808, 99999999.0, 10.759057774302338, 9.517877030605058, 12.641756238978992, 10.686566510632147, 11.050140955434621, 5.172911110012993, 12.281813243977254, 12.40050342692249, 9.52088077828531, 8.644135961248972, 7.01178308653313, 9.947913376987591, 12.475818262313723, 8.309721633638564, 10.98243505363773, 13.556748404196941, 14.432047550351982], [10.505861578310494, 6.460162910976761, 6.14929463147888, 10.80434195897622, 6.065986740277883, 13.097197465241436, 12.820212002742945, 11.425284662360156, 12.925126188211983, 10.200227999317061, 8.163769030902184, 8.55665479638903, 10.759057774302338, 99999999.0, 9.303898685370342, 11.84908822568942, 5.416707670202355, 5.085977904412272, 7.171549505746993, 14.456035688137034, 10.707145182758754, 11.914976627025062, 6.216519640717192, 6.0557582417685225, 12.057588108076981, 10.894654473764614, 13.711236623149752, 12.615225275033449, 11.905792254683137, 5.654198334536959], [6.260850798876567, 11.102704097641857, 10.835046574605133, 12.633994714945953, 12.9498427560873, 7.3592930907615965, 9.810518076885199, 12.696749919974463, 6.956964052463689, 7.687449008783557, 12.438978829747887, 11.769112931952288, 9.517877030605058, 9.303898685370342, 99999999.0, 8.842309040660853, 6.695959400925608, 6.3216008030311315, 14.734079972824066, 9.761624260606414, 9.749024773949838, 7.408055158251776, 7.901424648431772, 9.447191061320115, 9.231116914555042, 8.6645314905725, 5.986934263864674, 9.716289008107601, 7.93976099595577, 13.760714207072226], [9.582496634271948, 13.529548198197219, 12.654990204297869, 5.825937063751273, 5.745950912107151, 6.007536143601105, 8.785522067063201, 8.531999629312331, 10.039698670312834, 8.102142088369344, 7.657073289718585, 13.38056245914123, 12.641756238978992, 11.84908822568942, 8.842309040660853, 99999999.0, 5.238113463329412, 6.377186911516867, 13.755213686691253, 14.347106777964976, 10.495371757845316, 7.173838384496085, 7.145232445926394, 10.216863241106582, 5.548012938015216, 13.44337315047244, 11.40228160199962, 5.25762663390209, 10.709813909571807, 8.83997205040175], [9.404276873786438, 5.663194015886845, 5.000758025803983, 10.303342808868095, 5.498845158212746, 12.285027213366808, 14.471924306614715, 8.186155903456807, 14.903001993298808, 10.125355106160338, 14.240511664870958, 12.057270958255543, 10.686566510632147, 5.416707670202355, 6.695959400925608, 5.238113463329412, 99999999.0, 8.716437681525912, 13.424946230331743, 6.960633990833473, 10.976349629868858, 10.316074117082742, 12.833015467846575, 6.888308462875731, 5.665950210641687, 14.085966190486458, 10.601445828493695, 7.18181746003233, 12.567920966876201, 10.998605080332062], [13.866664441090006, 13.792737348810634, 14.97042723041738, 9.005147405154096, 12.671426049770659, 9.920141882839543, 11.902573053347421, 6.368369545407985, 9.557981619313965, 14.124417328771042, 5.66365986548337, 9.706113610097967, 11.050140955434621, 5.085977904412272, 6.3216008030311315, 6.377186911516867, 8.716437681525912, 99999999.0, 12.743646860287118, 14.171075269931114, 12.945439877359952, 9.411434519365805, 11.935875550448719, 9.890865347326653, 6.709273421479123, 8.58238194615221, 9.195121603076478, 14.103256180756535, 7.419181003147022, 6.74298251226194], [10.695131567352911, 14.872174906017229, 10.176011387445973, 7.68498392353499, 8.336294599598048, 10.226578981071793, 12.234323512610572, 8.296294890175599, 10.24274790156334, 6.554507247555481, 13.759768075273225, 8.68473788911444, 5.172911110012993, 7.171549505746993, 14.734079972824066, 13.755213686691253, 13.424946230331743, 12.743646860287118, 99999999.0, 11.637546527083426, 12.453829041443022, 11.527060975055864, 11.205707502837258, 9.52595390050973, 6.038905382686944, 11.483081876453154, 9.121434747145212, 13.141096621973082, 9.315063563880546, 14.42600186019778], [10.644458321294827, 8.231992851924085, 14.818100269220059, 10.891851777839054, 6.690798006300941, 5.968307049583197, 5.966983280995899, 11.777383693792416, 8.818130312762907, 9.936037155238152, 7.9438420609221625, 10.407153471050552, 12.281813243977254, 14.456035688137034, 9.761624260606414, 14.347106777964976, 6.960633990833473, 14.171075269931114, 11.637546527083426, 99999999.0, 7.053431148551704, 11.281378105022066, 12.771219512854815, 10.893565296986896, 14.862128497512007, 13.35586729573289, 5.093948170866192, 7.797891439751532, 9.172784309825458, 7.29535847175258], [14.067338291837844, 8.772598439650977, 12.969100455985334, 7.752522592094039, 9.406291629601892, 10.713008083800228, 8.898739315355787, 7.640753142075444, 9.907439809638937, 13.537065407665104, 9.043496463384647, 10.127567016539373, 12.40050342692249, 10.707145182758754, 9.749024773949838, 10.495371757845316, 10.976349629868858, 12.945439877359952, 12.453829041443022, 7.053431148551704, 99999999.0, 6.820337498951386, 13.63096088190347, 7.246015563092153, 5.411898725786345, 7.28868778821786, 14.31611631072202, 8.430480846987852, 14.576859644832798, 8.773585975925933], [8.592373008243175, 14.920250851793234, 7.564222560770732, 5.6335891759456524, 8.360787196818816, 13.98655907795594, 7.378767266879524, 6.870789629342632, 10.61778206072822, 11.35168461836492, 8.705583889697035, 11.364652021420945, 9.52088077828531, 11.914976627025062, 7.408055158251776, 7.173838384496085, 10.316074117082742, 9.411434519365805, 11.527060975055864, 11.281378105022066, 6.820337498951386, 99999999.0, 13.55442691178031, 6.52632215425248, 11.673758241411065, 10.44377902824319, 11.735332184515839, 11.396998707021819, 11.1251574720934, 10.913247375620957], [6.561168841133867, 14.238369650322268, 10.482753776416791, 7.796141963444273, 11.247980418705364, 7.485630269198552, 11.98346989070722, 5.517575967899042, 13.626366256086257, 7.499051035774528, 9.77148918078613, 13.66184576537334, 8.644135961248972, 6.216519640717192, 7.901424648431772, 7.145232445926394, 12.833015467846575, 11.935875550448719, 11.205707502837258, 12.771219512854815, 13.63096088190347, 13.55442691178031, 99999999.0, 12.149186098095447, 5.540802308936595, 13.446252541525084, 9.49901262231597, 12.429841016686186, 8.605623824934996, 8.256665403960668], [11.905814658889362, 6.819438014084072, 14.630343839468363, 5.765923840825097, 5.0786886042064605, 9.751031005290193, 6.535110917902242, 7.989652189634688, 9.679147377052436, 7.610834089663406, 14.576855926951424, 14.073144798845057, 7.01178308653313, 6.0557582417685225, 9.447191061320115, 10.216863241106582, 6.888308462875731, 9.890865347326653, 9.52595390050973, 10.893565296986896, 7.246015563092153, 6.52632215425248, 12.149186098095447, 99999999.0, 8.731343345193888, 12.280260973843557, 12.672678865110093, 10.767675610957397, 7.111693897809772, 13.622692117725144], [7.519418512230965, 6.35310321590952, 8.802193640494373, 6.237910490529771, 13.570428133465015, 7.551284873970699, 9.55270767890384, 12.448802930107073, 14.597812197696442, 12.301272116404325, 12.506867887817423, 7.466976757683005, 9.947913376987591, 12.057588108076981, 9.231116914555042, 5.548012938015216, 5.665950210641687, 6.709273421479123, 6.038905382686944, 14.862128497512007, 5.411898725786345, 11.673758241411065, 5.540802308936595, 8.731343345193888, 99999999.0, 9.457216928624332, 14.080809964836874, 8.873411415957303, 14.230920794206213, 12.153404721948627], [6.5203308084746165, 9.91372045147753, 7.173687447408163, 11.157003923577282, 5.070066755095445, 6.290641899278039, 6.639852999646006, 5.11134174696548, 12.339579766568637, 12.15946804488418, 10.009543086948494, 12.610130497119808, 12.475818262313723, 10.894654473764614, 8.6645314905725, 13.44337315047244, 14.085966190486458, 8.58238194615221, 11.483081876453154, 13.35586729573289, 7.28868778821786, 10.44377902824319, 13.446252541525084, 12.280260973843557, 9.457216928624332, 99999999.0, 6.329486901690215, 6.753499148145437, 8.09854730599557, 6.435384247547848], [7.042572410235952, 14.393052956943409, 13.07035105695686, 8.371385364788315, 9.466249458655522, 10.961554305938705, 7.772109766813971, 5.185709465289124, 7.015317231331958, 12.722189633341845, 9.366446459184841, 9.265671987660813, 8.309721633638564, 13.711236623149752, 5.986934263864674, 11.40228160199962, 10.601445828493695, 9.195121603076478, 9.121434747145212, 5.093948170866192, 14.31611631072202, 11.735332184515839, 9.49901262231597, 12.672678865110093, 14.080809964836874, 6.329486901690215, 99999999.0, 12.497288517537868, 11.13251162641847, 10.264305156723816], [9.97147019162064, 11.412838745620984, 9.975849746413548, 9.9382294530974, 10.150870954107873, 12.436062279756072, 13.450738596063934, 9.069612487894643, 13.857654160340125, 14.516038459817171, 12.557299943491248, 11.725247603825753, 10.98243505363773, 12.615225275033449, 9.716289008107601, 5.25762663390209, 7.18181746003233, 14.103256180756535, 13.141096621973082, 7.797891439751532, 8.430480846987852, 11.396998707021819, 12.429841016686186, 10.767675610957397, 8.873411415957303, 6.753499148145437, 12.497288517537868, 99999999.0, 14.631951060267742, 14.32905891154745], [13.265573592442129, 12.048128215582999, 5.94645587177415, 13.172434590121568, 6.104728698054915, 9.351247748189607, 11.168222096564532, 10.56677969325758, 10.098605560315889, 7.715715797299406, 5.922133382335862, 8.580255531838132, 13.556748404196941, 11.905792254683137, 7.93976099595577, 10.709813909571807, 12.567920966876201, 7.419181003147022, 9.315063563880546, 9.172784309825458, 14.576859644832798, 11.1251574720934, 8.605623824934996, 7.111693897809772, 14.230920794206213, 8.09854730599557, 11.13251162641847, 14.631951060267742, 99999999.0, 12.162337309784078], [5.997981410109938, 5.040211883067233, 9.413004132026515, 11.675329648242933, 12.953160780983218, 7.584271984227535, 13.776331732173677, 5.852794207383836, 14.37750793564623, 6.726937519962678, 10.705254040654374, 7.614993266772395, 14.432047550351982, 5.654198334536959, 13.760714207072226, 8.83997205040175, 10.998605080332062, 6.74298251226194, 14.42600186019778, 7.29535847175258, 8.773585975925933, 10.913247375620957, 8.256665403960668, 13.622692117725144, 12.153404721948627, 6.435384247547848, 10.264305156723816, 14.32905891154745, 12.162337309784078, 99999999.0]];
