M = 99999999.0;
numWorkers = 25;
numRoles = 4;
numNodes = 30;
wStart = [0, 261.22625984158395, 326.56216793928957, 402.93688183434136, 232.81282730933214, 394.17650771513166, 402.42042687742844, 328.42716944320006, 368.4137853053173, 77.37845284318524, 190.34350295487488, 76.63964103790651, 32.89632425592395, 121.75703342079598, 362.02486664779707, 185.60557646423283, 340.3893953157394, 54.493914964552985, 268.93648263675044, 141.31577862781438, 209.400411741642, 191.71685096523223, 166.96028879797393, 358.81155923970624, 283.9978187359661, 166.59439651540566, 93.15922535254249, 359.87628014741637, 9.497101865491754, 0];
wEnd = [0, 292.5965814232823, 361.4233085540935, 428.88873622518776, 269.87629253692955, 433.80918747777525, 441.88574420649235, 361.4332297005502, 396.84172676936913, 103.71658016826274, 216.18046455985152, 114.25073435516029, 62.26397709364333, 149.57250078923957, 396.8532390612005, 217.97770003572913, 374.5650844629205, 89.21098774295814, 307.61215538376763, 173.49176304732066, 242.98081348158843, 219.95633488326942, 197.3008516280526, 394.9926456720141, 311.55127168850646, 194.40631100963142, 121.65018912447515, 394.6305512647949, 41.44351590821861, 450];
p = [0, 13.963870726478282, 15.492797424197203, 7.784214972903571, 17.16341691810013, 22.183786409743025, 20.15589512166163, 10.836624728993074, 12.593064611315196, 16.145232609127614, 10.155992930590664, 19.960764924981785, 11.889240615258421, 12.265283156292112, 22.531814190631824, 17.868837298510297, 17.119011375360255, 18.092526550205243, 18.293342722629507, 19.380317449529745, 9.15002147367718, 15.259738673471096, 17.476826353455877, 13.932477145562034, 15.44635327358535, 14.079402218551122, 10.475059263521034, 8.844479733344752, 10.556524567450856, 0];
e = [[0, 1, 1, 0], [0, 0, 1, 1], [0, 1, 1, 0], [0, 0, 1, 1], [0, 0, 1, 1], [0, 0, 1, 1], [1, 0, 1, 0], [0, 0, 1, 1], [1, 0, 0, 1], [0, 1, 0, 1], [1, 0, 1, 0], [1, 0, 0, 0], [1, 1, 0, 0], [1, 0, 0, 1], [1, 1, 0, 0], [1, 1, 0, 0], [0, 1, 0, 0], [0, 0, 1, 0], [0, 1, 0, 0], [0, 0, 0, 1], [1, 0, 0, 0], [1, 0, 0, 0], [0, 1, 0, 0], [0, 0, 0, 1], [0, 1, 0, 0]];
d = [[2, 1, 0, 4, 1, 3, 3, 2, 3, 1, 0, 1, 2, 2, 1, 0, 2, 1, 2, 0, 1, 0, 2, 2, 1, 0, 0, 0], [0, 2, 2, 4, 0, 0, 2, 1, 0, 1, 1, 3, 0, 0, 1, 2, 1, 0, 3, 2, 1, 1, 1, 1, 0, 2, 1, 2], [2, 0, 1, 0, 1, 1, 0, 1, 1, 1, 2, 0, 0, 3, 1, 4, 0, 1, 2, 4, 1, 1, 0, 1, 2, 0, 4, 2], [0, 1, 0, 0, 1, 1, 0, 0, 1, 0, 1, 2, 1, 2, 0, 0, 1, 1, 1, 2, 2, 1, 1, 1, 2, 2, 2, 3]];
r = [903.4420351829583, 2166.993728434997, 860.7735884567942, 1912.0143613094835, 3768.515392946328, 3638.594062684595, 860.6167152874499, 1276.4216792313075, 940.008020040058, 564.3863039241162, 2124.864485846342, 946.0267081489674, 1068.7871075391026, 3096.1332964859175, 3097.5913188749732, 1474.2382917184827, 1659.3406995039202, 2273.576645840298, 1210.351275958488, 647.0934163565936, 1542.0908043026793, 2183.771319111523, 1522.6801204965634, 2564.38625301986, 1583.5188464169428, 1652.671968336814, 1166.1599222573998, 1749.884600941734];
b = [[[-2.7844626099641983, 17.821279765932566, -4.525743692826483, -19.93920172283219, -37.162618518982654, 33.24810848575916, 19.618555628922007, 0.9131139087489811, 20.499597284174836, -3.9998771564227935, -49.10803916217651, -20.106549096200666, -32.98757981470958, 54.062599274224034, -52.1316321849896, -24.942530184524728, 19.916183347010676, 28.272218984415044, -6.177839588950865, 7.430411853171915, 19.234726052158546, 23.216994805711227, -11.134885189382437, -33.16923484691573, 9.609502089382966, -22.589306488603327, -11.059428612908308, 11.272663747000017], [-2.480928299559547, -30.90226332442293, 1.4476551937924718, 12.363357128235094, 34.76767821331157, 27.291967067152253, -10.448306073104932, 34.36379227605976, 22.34452342774577, -20.35930908752806, 0.09869410047137721, -24.30460152769915, 35.63286137207681, 58.486820369358625, 4.380204171574816, 2.0931833168167877, 33.553334784641955, 7.569829747626248, -54.204766969958605, 12.239016351801412, -19.334113311120763, 34.10003259780889, -33.69149149542148, 43.177514159601635, -29.930354234935653, -15.942054287611994, 6.242188763122292, 14.729379638762563], [38.14742344102753, -37.717104475765794, 17.937868263363843, 44.71775509528686, -20.765225566031166, 34.59444445540311, 22.978717103054123, 2.491685575615573, 4.00750908993571, 2.4841574699185247, 56.75446338335837, -24.467026687233567, -2.1075239113557336, -45.46397002306004, -39.922057507540636, -24.371793284855507, 29.911609224714777, 22.845527190992033, 11.243553553083075, -18.55348087059578, -34.79555880094149, 40.72417469744987, 20.88895230191129, -41.07181596105157, 27.428896136563008, -2.993716895455334, 7.183904182682444, -2.5495338049149265], [39.814064218833565, 43.33104388244705, 14.90859016392949, -29.87568279903558, -23.56642498107102, -15.163128808033047, 12.33720147863736, 9.911661164548347, -24.120015118155376, -12.211990620980675, 1.512242956966677, -2.1411450987101497, -22.683034310835254, -1.5573791802366168, -26.882518481641796, -7.44250215815399, -19.2432995454593, -14.722784850179588, -14.305455412544802, -8.276871588837231, 43.20024995167804, -41.65898375541547, -11.821994882269781, -8.454328793432465, -4.699567804088501, -11.929744142710728, -10.57029540162309, 24.828209587852346]], [[-5.8405084372471485, 24.700635083369978, 20.6314843840892, 8.435424621894638, 26.159879665635355, 18.985730695443763, 10.158731251426786, 12.309519482584621, -43.8255316896532, 26.905874859319333, -13.038113947734592, 28.444606955634985, -26.1965957333541, 36.724180067933524, 21.59070360600148, 41.39720662282896, -22.94629473841806, -1.5765276542505005, -45.01875154174474, -5.9158065887196125, 14.289551666200039, 20.0124351893495, -16.968380385676095, 37.420048340099605, 35.99216388669245, 23.725849756287197, -26.219089198224058, 30.179389009833287], [28.733400733392067, -7.858930653771133, -0.49077389850674996, 34.28974088230533, -23.688093925866447, 58.11844539386058, -26.457183374834113, -18.34541428610552, -14.35321645556665, -3.2432433475513576, -59.85938316545751, 13.214335502658495, 25.800292961145956, 45.14867867118629, -49.43249388913466, 47.39849128484766, 41.600881671668326, -0.387474184690659, 42.16048167342122, -16.309896962199748, 9.657117875178264, -36.49563978123733, 15.177307851236348, -33.27272895494482, -11.315397565089894, -30.0206503435399, -5.776944765660453, 29.353472636012448], [-27.48799108236923, 37.7984941147297, 17.46892037359791, -30.483688668437317, 3.7511121901143825, -0.4605717811642861, 20.85501436114478, -16.54695572780279, 7.173894168375681, -11.18364445650321, -12.242666517233712, 32.09330290305705, -17.432840812665525, -7.474810690111731, -49.295356267170455, -17.81152804505508, 50.35118821891866, -42.86570179897303, 10.160618181121352, -26.190152056612636, -39.40875140390633, 31.776678776637905, -25.858480991945093, -11.906355841995538, 36.62308405541767, -5.898626783895165, -24.55404428600656, 11.920542899114299], [-22.926200766212343, 22.91952255215417, 21.73240188919997, 13.170245531921182, -20.363846939446777, 28.35873156862333, -16.180901755011487, -29.00664104793522, 17.660350915943745, -3.7987434031242504, 27.51817472041076, -8.702271590176201, -10.21047325988416, -61.825092270479466, 24.03098998847064, 9.062611400383588, -0.2017578333584611, 23.853976328298945, 53.01460355672001, 21.88659178616965, -0.9579620393595972, 15.267992910364168, -38.95702741467727, 37.239215271507604, -31.430793626679336, 2.765878661047781, -13.307022939470542, 0.9482913182498334]], [[-35.82568174660768, -18.663749737617614, 21.84040991056768, -47.09193411855621, 48.27504809670134, 28.460448777737746, 6.630588918711138, 21.283318921910787, -15.954094576109728, 4.734279117177651, -42.00057511674705, 12.778993410562638, -11.018102666193041, 59.35004227801941, -42.23685031699439, -24.53164275760723, 5.223378774812855, -20.279266853164714, 30.935463475035654, -15.78285668776824, 12.744207503716337, -46.08473931505131, -16.12478787802072, 34.94885658444214, 25.9093107349118, -21.08174063148118, 0.49955642749523627, 21.496144171174322], [-24.892059656133764, -43.24326073031408, -21.414679545786637, 5.567427256950433, 9.044920223783393, -58.95783216123167, -29.583794801297934, -8.141258888287446, 6.554971869782242, -27.714023201628244, 51.16337132789894, 13.183482691026748, 9.79366730264611, 14.161029235407572, -2.5933063330808306, 46.66325217377885, -28.515271495424702, -36.14213605281491, 35.05817978272935, 6.105979756054815, -38.75458023557004, -9.346996041184834, 15.534596800846064, -15.03234358749299, -22.72996598303593, -5.080463641031553, -25.645517335207288, -7.410654778185049], [10.971808083179194, 36.93463236963165, 15.453673207924414, 27.203535675642343, 53.46343242118304, -37.608083193317626, -4.2979325968297974, -23.82840504644372, 19.91809087922235, -27.39822863198334, 27.29720200707112, 4.922452705434297, 20.918105996198694, 9.202898645965277, 24.428975663542875, 22.250985970216913, -16.806462138766914, 41.42954390755186, -56.33318665197946, 5.929282368950918, -17.89421058590243, -17.11522378837453, -26.56592178900757, 40.508956374467026, 30.139051293905553, 25.89485326025252, 2.7060898320277365, -18.238989066286337], [31.609957061982293, 14.337683046994737, -2.7509116492696344, 1.6780965139348334, 13.238472254727741, -10.628631662530323, 0.22928998925269023, 23.65351701634444, 1.087444134162457, 14.703514260003095, 35.273577599540076, -8.006044240474628, 2.7172805339820423, 29.838381135822065, 33.455048816849114, 31.70786947389596, -46.029240842744166, 32.8062273607793, 4.257071716166218, 7.819832081229813, -10.169238714413085, 52.25829800362951, 29.252827130639126, -35.54517903401222, 41.45453604825724, 13.82627838596008, 12.32883364080134, 29.27057375973237]], [[34.806617080149316, 10.10110003245425, 2.216793464763609, 42.809863844898764, -23.08234264021052, -47.9539579324113, -23.062008582670423, 18.700727332770214, -9.080242116407938, 17.566061211453942, -33.21885964453641, -19.159142479850527, 35.7775678243774, -2.7142679652992574, -4.297649481643182, 30.552553806120955, 16.472355783613928, 39.495814429612956, 1.82299567018207, 5.996321609157547, -20.64567269252082, -23.59303611246585, 19.145349660879276, -27.191209171132385, 5.844427303138803, -27.05073599709437, -13.05966882024868, 17.56737950821627], [40.28124002545238, 4.958418070011329, -0.7831889648056773, 5.26430179111085, 32.766871437424726, -3.35282901390853, 14.207609413182439, -9.2464814524728, 32.8520763434482, -18.000513527879257, 56.16366149917167, 22.27006954118018, -22.84882370748819, 42.13833498549645, 41.547766461047296, -30.167428696036872, 23.414006521239724, -24.95788965699261, -55.17184315167651, -17.173421987170258, -29.26629128975935, -18.004800568560665, 23.380150287318802, 46.318256029399784, -9.788153914407976, -0.11960056182387842, -0.3208308583153475, -0.5912919398980164], [7.053566857226884, -17.224784269185665, 11.434259128406564, 36.613372933181466, -46.95887478988278, 6.106525765290148, 23.20067078775221, -29.96425368927179, -9.988607945085967, -30.176850824039118, 55.47697102445767, 8.048943409942318, -32.3518572328818, -54.13117817942059, -31.55303686816295, -20.207413962010307, -42.030784764351594, 12.687344489095416, 9.636733054790907, 13.383224804445918, -13.573861093092923, 24.779667690130992, -1.4883121424811092, -44.75569935157216, -24.661626791299284, 27.544576342904715, 9.566667908416278, 16.75367437883079], [32.806308795883666, 17.145332337062435, 0.648993095925306, -33.528471395795755, 45.887716475378156, -50.57097349388398, 19.563317386832324, 6.989281958320331, 14.138719604228022, -27.069842638041827, 55.84070322517371, -14.605202122507107, -26.691119504843076, 64.44759707811738, -9.92216606537097, -28.2105214585254, 50.15583925088634, 20.03044259007262, 18.72382905058754, -3.9935311336698898, 31.587894379063776, -10.315487497757177, 15.002355145305696, 29.70345120816961, 16.22146208510371, -28.462232173697576, 1.9294364535612432, 11.237445967728464]], [[27.539090475380046, -28.162695816997214, 20.07650538201636, 29.58050705619492, -63.4631490873561, 36.56030397498078, -29.702145035342355, -31.553307656159518, -9.587454978513492, 26.852605985523883, -13.899608708118656, -16.32071128058243, -4.471891033556588, -9.005960503506287, 10.134903280530773, 18.17788259625386, 28.545647151985786, -10.849917219215882, -52.757123070117636, 7.06233813834174, 28.058142516652993, -40.583136830157734, 14.34328562974727, -19.08271734751067, -11.181869295695428, 11.14247828982139, -23.095157917348818, -29.150239526638572], [33.08309117314781, -3.3280765225716706, -19.338626744902953, -17.65477721933698, -31.276202189830613, -23.385489655640594, -8.910816036135921, 20.805760107289633, 17.64449151954052, -24.30769678626726, -20.529874010825544, -3.193057352019133, -21.661684490725793, -22.01606642239967, -1.7848849883118723, 38.8855675130013, -48.34318466250014, -51.5089365767798, 55.72012723897267, 14.36600023747236, -22.497124456337257, 5.652565779351176, -27.149256933573437, -35.0224727628797, -37.06188639907604, 12.686937606553737, 25.660198789122298, -30.091629525364237], [32.435470113288446, 5.9883271399911715, -8.460388964425753, -43.83239699162723, -35.123233037416085, -53.18127169536105, 26.407724849517713, -6.058034801725553, 44.907718740478934, -29.425771788260004, -47.07458546740992, 4.124351156759059, 16.927863471266402, -35.21633495962217, 37.37600611883721, 48.569351475623925, 4.48675912679217, 30.6924633615301, 5.551047702539715, 1.5209671678850198, -45.460400997182695, 16.556620383480034, -5.860935501870467, 31.400952358900447, 16.627097384712428, -26.443248740938895, -23.949727036485882, 10.70482885313788], [-20.729929462070153, -5.352469221175204, 10.015464501599903, 15.932937934477449, 50.87511472070254, -39.936587202060814, 30.64040491468763, -12.974117678551933, 20.784776916874605, -10.765983750986635, -21.195681201309785, -8.921318174968999, -1.7510473610120638, -49.565396372512375, -2.650685255249626, 48.52743435869496, 11.396989806865742, 5.234475136269211, 25.45183650084623, -23.27732356816732, 34.05483025190634, -22.071457045727865, -23.01365299504434, 18.099915394946294, 19.330763569333048, -10.880242814711092, 0.23526459931576882, -17.31163556847444]], [[33.978446692454156, 30.009010645096772, -2.2386748926361166, 20.889541681572524, -60.50025966122064, 21.56063974120263, 3.8232781619485876, -5.07389622780864, -12.819407007480418, 25.96318330691292, -34.77636762957299, 2.127571273601857, -3.106686772188046, 29.738059074823436, -25.2846187864906, 46.983144472421, 51.77936437879107, 29.06580778763925, -33.58520309944927, -13.578138734908443, 12.691868346818115, -51.582414310635954, 23.27254157772004, 4.9917033902825425, -36.18930714449336, 26.785309852127828, -14.945877796725211, -17.14931721010012], [-16.857306463508092, -33.77613112465872, -15.080591437027824, -20.123827422813353, -63.04550118269774, 24.888027500017042, 28.349759475919058, -13.172437440008892, -9.738699557187614, -20.442045816634952, 9.44740921894965, -26.63177689335101, -11.386482701273607, -23.174490056031658, 50.11860234863753, 8.71444096558801, 36.22956470946048, 42.62091406096212, 39.485409001677, 11.02768183169995, -40.18126257197254, -29.722195050948727, -10.708416613535517, -40.95429888480585, 3.0878910112861333, 2.8061031274104185, 18.624001067174905, -5.923154526939], [-41.85177360437428, -21.341786644911828, 18.030416004893997, -27.86506154991369, -46.65131517595742, -48.954912960812756, 20.992680658262696, 10.397444807438237, 6.218753237744269, 28.955001427957022, 8.853672163343825, -28.36595226414613, -13.56080711980409, 20.234869400593713, 33.24628578212006, -33.39092778977361, -25.986624376645263, -30.91443854226636, 14.075516646647873, 25.10606510758353, -31.158600058263776, 14.623292080492309, -27.6251107896465, -16.600487509525664, -14.83052455049403, 7.70488203202495, 7.8551687332184645, 13.11144918466941], [5.292741430331693, 4.725054436911288, -16.119917852780556, -41.41004783957724, 64.0288317055887, -3.7245345968104884, -7.070353067379351, 18.873253212100877, 14.759147036036962, -7.841481850785396, 35.2459423201523, 14.454374719311975, -28.545095357652155, 8.621382786409617, 28.193724656155428, 43.7416482117154, -30.929894363710435, 17.751770447858764, 32.83739603411614, -23.67441610387226, 30.745430562628666, -8.658645483975908, -32.27613677404782, -27.23232813878605, 17.97850732330592, 12.345668513276724, 17.843813424948348, -7.44079452725816]], [[-8.492018807303085, 25.99618391180552, -10.351406110798562, 20.894052588302003, -50.24407923578074, -0.9836131224867987, -22.29921484116862, 23.387966548229073, 7.090623727866486, -28.095519484859473, -31.549111704827567, 14.184797887954018, -24.79541176518533, 2.7361406783502784, 5.007252316908389, -23.580972291011346, -0.290502381945561, 48.179824368429266, 22.11428576672905, -26.42960202161222, 32.58102221926834, -23.72916760878332, 26.9986812675157, 34.69332091911398, -20.370850948069705, -9.44214607292457, 25.490739092605274, -4.550582938849908], [-7.093245526251121, 40.30229192244347, -21.845811276124138, -37.26693251928683, 64.97094039267895, -22.096294445364734, -4.90307470117309, 11.749776973582547, -35.29216745036567, 11.226602417883912, 34.253401807633864, 4.396422637374439, 17.76160138637929, -27.865573393979123, 30.091237455385404, -17.383133629432585, -32.058756772964145, -14.429685290000432, 52.777705093075504, 23.892673487295426, 13.5479510302145, 44.43760155968176, 36.791749555334356, 3.6226935681563104, 2.634980496417775, -31.157405037560324, -4.633144424129726, -22.34607212156959], [0.053892963662534515, -6.57528003346224, -8.648163077188114, 4.56176647077125, -14.956728879135085, 30.614882015785053, -29.32676791807129, -32.69343326582977, 40.17461495158632, 12.41325200671096, 36.946072346437624, -8.46514353369546, -5.239742038118738, -10.659915083353996, 48.444176920634746, 16.25828907610885, -19.999791942014852, 42.37395695136894, -47.49563974358, 25.561231578012105, -0.9693906923917028, -30.004840018339436, 23.788152841414018, 25.89230387096485, 21.953010233194338, -28.864502157546575, -21.98687475365425, 11.103619547033537], [16.42588949160832, -37.000432031261376, -7.58694379378458, -50.403189017067554, -61.518961238585725, -48.54794318749978, 12.922150072350691, 12.475977835064535, -31.214300723585907, -20.83574675827096, -13.154718908105707, -12.567014346900605, 2.004440871840749, 51.94048646241134, -43.41080909557207, -17.874470043293062, 11.736989889634742, 22.38040088780116, -6.42853116653203, -15.691708617279305, -8.45100119249195, -29.965119164000203, -23.080260184241578, -43.80778187775858, -7.001067057718885, -12.078947414658334, -23.787043688985595, -7.599534855448887]], [[-12.835567327502899, -39.58804429851053, 11.422019125421457, -31.232836565003332, -22.545886949766455, -36.52712102421868, -15.470674617169058, 11.909337083596377, -8.34638405808385, 10.040709885894161, -25.163423489421465, -1.7778340120693825, -28.16310547813597, 54.61319521296522, 5.074128488689703, 47.984806489161286, 26.608408915199778, 9.961751100565904, 24.70187099324232, 7.242500683412402, 12.946634434980036, -49.505091651995286, 37.15393068991148, -44.16134900283265, 39.26100346122744, -7.42545764688018, 8.258882203072588, 28.914800516018374], [-17.562605558660454, 32.64264634197846, 21.82142579025378, 21.67110651554787, 36.91663952138809, -57.91525020375537, -23.593281997421066, -12.936957336358157, 6.800183885448136, 2.2061396038452297, 15.926180947042424, -28.285816729024226, -9.7609911150466, -14.551001017327762, -39.13557619321278, -15.670955650418026, 20.833898892502692, 32.393669870122615, -2.06345104808694, 2.208747475981064, 19.631364438889726, -45.32714625880551, -7.8986395925166955, -37.42812367097552, 39.536069170296976, -2.0695427136326243, -10.356980903643105, -30.497263442437504], [-27.21334991517488, 22.67600993924772, -18.247856907039278, -35.10346973434526, -62.11773209264209, 5.963460984372198, -31.233554060007023, 10.668267192007225, -39.66315165460773, 3.435441555746305, 24.549314024381125, -0.7061433415144928, 29.084474847797345, -16.149531109605213, -12.8074327874394, 18.31577599759597, 31.27337657206893, 4.539232447632939, -23.849720581123666, 11.655057799040272, 14.396321395345687, 41.73469667125927, -17.99566760400319, 27.98205468574247, 13.490732898436374, -29.864464548306167, -2.836692320074776, 21.486460593340265], [-30.730844082350757, 42.67325550077751, -18.548582302863434, -0.9652958465321161, -11.730840990989845, 7.427133766179406, -21.043409880269653, 37.70382924104162, -42.90332194927216, 19.74050702168205, 43.60201365768827, -3.1235676712338325, -22.976047616908982, 40.38491729565834, 24.592633289320574, -13.203786240267588, 0.45584680740491423, -33.329647503107765, -11.399876671749798, 10.249672091275539, -9.348819655953196, -18.062041412079466, 3.5848847312275294, -23.351322332504758, -18.980220843019556, 30.144076935973573, 1.4594386456888544, -20.06074739480597]], [[33.12849909730856, 40.244487667766336, -5.352138754608442, 34.241633059580444, -17.629377731635717, 43.92531566789859, 18.012842513295396, -9.230743750436218, -25.882400645962505, 25.46217784656925, 55.69274379534068, -15.831630707367626, -6.096935493569276, 64.24246322118498, 47.672962665824286, -40.910470476807326, -20.230913462242018, -21.573761326356607, -5.011816935371198, -14.776760809225502, -0.442836084964264, -15.922883123417328, 8.782982364734822, 46.144353469877665, -13.081373200261098, -15.495487267836518, 3.3782334518518833, 9.19403613732737], [17.45988077877429, -44.17646614097341, -17.991001227669585, -0.6105895604247853, -2.8434061681724327, -42.34356409599354, 12.261104788720708, 31.551884848085987, -21.656895930337658, -26.40238086841179, -36.1784334632055, 26.336387446955253, -20.831140083518054, 61.606367552971456, -17.772513062627468, -17.620658173907042, -53.502475436221836, 6.187950588152454, 49.86874760732221, -11.375501253895559, -22.539648677478905, -48.31214546808987, -39.368567467747575, -15.318607210797579, -35.907675472310004, -18.615185089249138, 21.327500476431577, -2.4929603666968094], [-6.189351751115293, 32.731681189083574, -2.156274150971468, -32.31678030502126, -12.427870128750522, 18.511114003289208, 15.39795519911033, 5.178230368474922, -26.39992048046296, 18.6976681753129, -30.784964616974523, 8.329225716282277, 13.753604893664528, 51.87964893430292, -8.5440928270745, 29.032991323797244, -30.777278321266273, -13.45561011383246, 35.18368877237577, -20.42092635543214, -44.65299126236076, 18.916035421448594, -10.04484323859468, 39.67893167564828, -3.136148755636732, 20.869874373352207, -9.445523391604048, -25.057358298046463], [36.09814001757509, -16.680317234357368, -4.804601310751956, 7.033755516305389, -25.184094149533454, -37.015822883589195, -7.597518513424639, 21.18785943015123, -10.01438503144341, 15.76189043266021, -37.51964468380222, -1.6116441566105195, 23.138563710613543, 50.236675101797054, 4.041737253432748, -38.0319933835645, 0.07369022955484716, -19.105558305637455, 8.740040234883423, -16.533666916637664, 22.67025055457734, -13.634836006659766, 30.766155697917746, 25.27882051499792, 34.337361129157216, 29.55177650392889, -15.726893186035715, -5.985141473019762]], [[-6.779582223335187, 29.231737423443334, 6.791409118992242, -20.318549196702637, 32.038644759261494, 38.0230506628876, 32.30903848431173, -20.37964838890547, 11.754434022729185, 27.029618066261623, 40.60471774016344, 22.741266238377175, 6.702667169930597, 9.727333940079527, 19.197832407765976, -16.340394899419085, -22.01790181162762, 52.861012121747926, -6.15135898684454, -27.34069650083712, 35.60961141786456, -52.24311819457787, 14.282363920791953, -14.021450741328271, -41.978390300584124, -25.5837626108772, -20.648781888548115, 13.728408445669137], [-2.4813105804050095, -29.931443240591918, -7.37311297927973, 46.791964062723075, -58.58619413361069, 25.11917589445028, -19.21741516165723, -10.793098160203922, -31.77221390644098, -13.180887466531887, -2.276206089953622, -32.381023258470016, 4.632761711017676, -8.781148801492657, 17.94371438566757, -24.662220533495283, 9.690707097521347, 8.949492407110185, -44.766534068056025, 5.63028448285259, -34.189064867485165, 3.6037998088291716, -0.4571334267930867, -30.48977902881824, 14.642456673868764, -6.721743929755457, -16.67420232599854, 6.978615333164204], [32.772752465176005, 42.98816360145736, 6.380940058711412, -34.74239572559722, 20.475498393324006, -27.04411596016736, -18.484318931238263, -5.261778515452549, -34.45736137554706, -29.51713896967951, 27.751991870466153, -3.82341038204518, 0.2061016653162097, -3.865375128441077, 25.844182920287402, -34.68772317638096, 36.247761524202566, -30.578767649043982, -43.388870674337205, -8.940778768226728, 14.638860221653074, -15.112527727742421, 11.438927161217054, 33.19113793553587, 7.743607045711401, -15.694725337078383, 12.943410720376296, 29.244482935661786], [-13.143938272841744, 29.063984301420145, 8.815895819387526, -42.651327846595095, 16.32535629248482, 17.7914785991691, -11.077446307893752, 16.950502440288986, -29.915955338918476, -7.438897617490291, 14.193453514347022, 12.284054309918748, -32.71057251057045, -58.78312918435463, -9.16673288069145, -1.3592853523053912, -36.52674198754508, 47.26858336525257, -8.908322793251019, 0.40779105881831346, -26.852222093559483, -1.6817253023958516, 35.34372173257034, 13.661263840133106, -24.522556970660357, -1.6155466948258523, -2.1759736971654386, 2.0494435528823263]], [[-39.36461186532297, 13.32303689946735, -8.579150503664112, 47.34984619363376, 7.440443548494526, 39.134608596386244, 29.93297530516312, -25.3646229581254, 19.605630515103925, 19.035265511735805, -4.561389781265663, -8.615191797015463, 16.23264242759852, -29.221203227968857, -42.17888103162038, 4.60327819463039, 49.656052942935034, -14.830178796505182, 47.163467987715094, -21.25709217172399, -32.76419995421972, 51.67293630404254, -13.432509961233341, -43.59878495899242, -4.3504122204310205, -14.34039708315772, -22.10212836673963, 21.79815919946372], [7.6014228374840975, -24.552715601114418, -5.672141554761562, 17.4449071434111, 45.73929352892121, -57.42355791955335, 6.9220978122599535, 34.34072955483811, 23.692890858489168, 27.689061017093938, 49.58152284856313, -16.275563522849477, 22.311659441754035, -45.27569440409366, -53.24767146800214, 39.31449465605964, -0.006981447562582497, 9.271225365801829, 19.49768804119276, 5.189791382505768, -29.170105129995438, 33.49663050500316, -18.37934034714999, 4.365940280548396, -30.040696166961503, 4.096602887298651, -9.985877164311027, 16.05794701154167], [41.38669778017349, 2.165152794565616, 1.3357026428997583, 10.127255979012258, 36.639415580141204, 54.81649992972184, 23.264346324735058, 32.90968365512199, -19.78031700004395, -5.268629185121789, 15.02127686615141, 34.85373019785986, -35.21293137493911, -39.66213545791236, 49.32617848738959, -5.200783220339883, 40.58407791352103, -39.57104325141617, 56.81452388372068, 2.307978111707963, 7.521408481059919, 51.25186412945754, 31.99811362295568, -1.3946241854940875, -21.350636771809047, -20.53594725277421, 10.270892769263948, 8.332090513064193], [-31.413263136168613, 34.02289319475132, -18.68437054736577, 25.002462988386004, -43.29823590455466, 51.10396290037079, -19.746015317767597, -1.5257787913692968, 37.93223118534645, -5.737478326240232, -2.89422879086421, -26.668789349460482, 31.18442967278501, -47.12729226999524, 13.29550334698637, 40.127410532818004, 21.91526390120131, 17.757875790528647, -5.7315163425867794, 2.670060905726058, -7.682211997069383, -0.7819247703478766, 37.97913602321598, 2.5253193597593544, 5.083735276703849, -23.57262111418241, 13.130511687588442, -3.939805312820425]], [[4.426325448222846, -41.23148103606677, -20.59539051435302, 5.186998461276091, 66.28693525346114, -31.05469429953488, 4.7558629529908485, 31.430506547346067, -13.173803072617778, 6.428200642899492, 28.851677048562795, -12.690148831193627, 28.9667573288762, 16.219646215633528, 27.070552849329392, -39.64685402935936, -13.1687191579648, -4.066365369409552, -46.181975713863736, 23.803519901720453, 4.011605624499949, 49.432684277737124, -8.018954760382485, -14.536431494486422, 3.6555236237835573, 19.763537530653807, -2.838087920819248, 7.1562223671153316], [-39.66064225632471, -0.9999837417901087, 20.79080018923696, -40.10932495600064, -2.8869870697297118, 45.426686450418856, 16.73889282185823, -13.204698626815125, 43.10968752319649, 16.407933279177712, 42.346603285052666, 7.101112007717467, 1.0870093736735336, -17.95857081322284, -13.273469663808308, -29.015371372071392, -0.9266695424342044, 7.837676463506712, 51.55176346566621, -8.432050865031941, 7.319661332102543, 5.822308268645486, -13.910038753385429, 29.393441516972086, 31.892005436187336, 2.9077204329716975, -5.07882149120846, -16.516296371922113], [34.63843780550228, 6.079879811507401, 2.784903783672804, 32.77276497137316, 25.01221713768049, -35.62391899553407, 6.1150327410068455, -24.496708604723523, -17.064049930510517, -8.178839271499436, -5.78690742456126, -5.327954578261818, -2.5474245358434713, -38.09855089013296, -47.851670448357794, 38.806851400208934, -8.566006789429778, 20.532968971268183, 50.229581605995186, -13.311499547087545, 19.171021775997882, 20.012958358758922, -9.548418315659742, 14.308022889360892, 7.249736960234675, 15.440366971170945, 4.842531302233702, -0.9559091853907413], [-7.764433865116551, 24.168597231265434, 8.16670995439604, 17.50072808865235, -11.98847387612239, -58.10244818769439, 31.01158718129578, -10.552316988666265, -28.858032032467825, 1.348851883324844, -12.102672989397515, -34.86584474988828, 0.8552221014143098, -34.57533066243068, 11.157931441563939, 35.15369606027497, 34.32162099391578, -17.928171544981613, 29.253273749379172, 21.4416348825841, -17.015487169333127, 41.30548823565594, -33.73589609061341, 26.98476605976177, -7.200207142309732, -23.5921389708623, -16.621099752288416, -11.143270457291448]], [[30.88048513418129, 15.709771793013088, -15.02042397014264, 19.081028187859722, 40.439314064230395, 54.28467113808506, 17.309203151149102, -22.992001320910152, 7.5224855581918835, -7.300559096433439, -16.30850512424339, 25.086571291498505, -2.326381332609509, 67.55173282203276, -11.413233380061802, 19.593400873833428, -53.47872446413813, 1.427159510338991, -23.6087178597496, -12.243201171073387, -17.350967811073126, 44.080495756399905, 7.801075468250676, 28.449157595986765, 20.81385280753101, -16.34729134435499, 19.241412440474644, 27.873066236803727], [-7.8864462756452305, -29.603137338488395, -19.063594085415886, -20.363305852829868, -63.44969327215782, 37.13241466400844, -2.5470014181652463, 1.8863975561548858, 38.78286294919048, -22.29107207581014, 30.73941361711396, -21.277186606009636, -35.363060501204544, -67.28683147881435, -46.78006844402102, 47.37093620867817, -44.2577027256274, 29.263240683757182, 14.034772426654719, -21.370099664105734, -9.073264780591376, 9.564365344861525, 39.98645862398886, 33.983941481787454, -10.149697293422125, -28.641242061948002, -4.124042993220467, 15.480699714373198], [-9.83390398258073, -42.28592429314335, -16.510540185885805, 46.90301622140568, 7.881829063611645, -36.49645981385469, -6.219717988762107, 25.66709984658579, 16.582420506284866, -2.083497260853537, 55.691209734457026, -1.8568348238008707, 25.308898952074212, -56.52802429628728, -5.875136063705939, 3.3346042843407693, -38.00802883552923, -12.31920239659561, -29.404344580236597, -12.77455444278922, 32.44837278800574, 3.192534913503567, -31.5659770751199, 9.367824655722846, 18.35661768464509, 17.465582463292897, -21.68294491294918, -5.234885536345772], [-18.553160372916082, -42.98246686882342, -1.9508567371145906, -37.930094987067164, 21.130653486110276, 29.783191014457763, 25.94486476367734, -32.829769742627775, -34.773426414560156, -21.3698639554851, 53.90907660863057, -22.061343222357216, -0.046078276544763146, 65.77380882510167, -2.1597305025521347, -8.540743791619073, -41.68513914050413, 45.88855598814377, 1.5458358202067242, -6.2676443886383195, -3.3455894572369766, -5.01881572536316, 36.08017413257995, 31.47238046816224, 39.96766206205792, -13.587658087894187, -5.165381897822281, -21.131688668512773]], [[-29.28645131413613, 0.5835192546024143, 16.33071645230468, 30.267811258845168, -29.788688815507815, -55.875249451144086, 15.215955716090146, 27.092514023063227, 28.28087078356277, 4.779152609669547, 37.9864287800731, 24.700465950606485, -31.596213428969246, -55.31751760615482, -52.06322391809118, 40.27490119699243, 39.7305834942067, -23.56955859245544, -45.94364010326233, -20.499304771387276, -24.43367199148179, 23.474622566326353, -36.685409442265126, -39.59166513159093, 8.257587473272636, 25.124067159007314, -4.30489020846946, 6.4776815389988345], [40.83833184321172, 41.9892840271796, -8.912570804011686, 28.56119073774594, 52.72808408054536, -23.23014198379616, -6.641975079286118, 20.431585321142386, 25.951594639073335, -1.4424940711724785, -38.285847942758735, -3.983975837150583, -22.017528642453577, -24.156290168623354, -27.360611901569804, 24.165178055351895, 15.600710743018348, 51.75679349118198, 5.648577031798687, -5.552100952641016, 22.482820561068067, -11.105372724134833, -26.3112830716822, 10.560708271101054, -16.408784496956482, 20.71084819450007, -9.292127580086404, -9.696270197334698], [9.39779711051045, -21.470062713061935, 13.959973510257292, 40.84841092434735, 52.90547108796594, -58.35696780783102, 12.261512471271205, -7.584598551470107, -34.75972374711501, 9.94280661471933, 28.499287758724975, -9.10463342111108, 8.9897320798242, 2.5766875825466866, 1.4815957328603095, -49.8053435896916, -28.743380734536302, 41.68661216655777, -38.42897509899457, 15.566695395999831, -10.351739332634258, 11.889820361425475, 28.388564671082683, 12.383479293677876, -36.809388510859236, 12.234412851821787, -26.460425702801565, 28.771634692880983], [-19.648954374961168, -3.592157397343676, -0.6642287182988454, -49.654176172827825, 31.3791279159781, 12.58911348488696, 7.636278131799159, 15.370630237413042, 6.256135687271748, -29.12242551019091, 26.217435781143124, -21.42000470623732, 35.15424892038, -7.598433661198452, -49.87401137163614, 45.782786524990314, 44.32351952436709, 29.65221373473037, 16.22682220698472, -8.345726342794409, -27.60367900810534, 41.52985435709783, 16.813559549152878, -0.45863101231424397, 29.380670388759548, -17.39457416519884, 2.3932548442637396, 21.30869981220095]], [[-10.444591388329153, 31.60294146847611, 22.37923946224451, 25.72380636867645, -41.500118644674814, 15.129594481220993, -1.9095599213974264, 15.328581513089219, -15.882422410769028, 14.407354461039722, -23.186128065763725, 29.025874248145154, 5.036791675548158, -53.67467870674379, -47.403883551183355, -1.847498872652752, 3.9783897728684585, 46.72625756074758, -38.52889820583271, 3.3614292733471527, 6.8110928476586095, -15.535700103922776, -24.03956014139002, 13.87971155123875, 15.529445000605623, 8.440649927072707, 18.562269963437807, 10.947735756553328], [40.619633542441235, -5.899991170673466, 16.749084968300146, 3.0132184116548912, -41.07283755161882, 60.27055906496794, -18.278811348496248, 28.492661616526856, 38.90240444131664, -26.647823205154914, -50.9921449513417, 29.648642906941753, -13.61784187648335, -55.76414037868808, 48.008699900251095, -6.2081727064896, -3.3253880182562514, 16.98898893730066, -5.560623823509942, -18.401137490211774, 23.39606850933148, 35.10645289085196, 13.080988486694093, -5.68086288328485, -26.36838278985883, 13.958337211267837, 4.792054949566585, 9.649505934241123], [-0.7471488849883969, -24.024964528212763, 1.792008654869518, 14.503400856135158, -22.91667421789506, 24.134041980999093, 9.65204295322021, 2.9119196278080817, 13.519427250051509, 19.624704351746644, 44.62867619298216, -18.653811556197027, 9.83209901404709, 3.0339138263112138, 47.15207676254804, -0.8349421991249998, -52.89899597643701, 53.720702176330214, -14.195947839478618, 14.841961661864897, -31.94314737356407, -39.787989125679715, 32.04628713591996, -5.421160036175039, -22.14434778868645, 4.650165606729849, -11.619882966712726, -16.29512851551117], [-39.9940125471639, -28.376283519642115, -7.319118853443674, -44.92956723805871, 8.69930043191468, -39.2311023147341, 18.825780689851815, -2.564587920962006, 13.296202739553177, 18.528161465159123, 6.801826376097873, 18.341830033285447, 25.154605372595363, 34.535689787298914, -25.46128656054678, -33.69922313001878, 34.5457472297949, -22.659994477437852, 36.64740711232296, 14.696498787709709, -24.554298431930164, 51.569454741226465, 40.97208819798048, -16.959872324311714, -24.725488752865672, -14.943639832175661, -2.015575426995902, 25.732342339779]], [[-7.059286622846888, -40.200719054556416, 2.7417180308312172, -39.219865560596354, 29.670656971028684, -21.770327172285935, -1.0537330466919255, 18.43796813683346, 16.14730323970689, 10.370746599985017, 55.5238709253145, -26.34327244406118, 16.650776877324926, 65.47127522598454, 19.040718838652392, 46.213077313238934, -44.96589646689072, 8.669422302626868, 23.5392048847476, -26.234314205579285, -35.36519208576896, 37.2908926541979, 31.75053540017561, -10.700858803509195, -27.647627069816817, 5.7479593941364095, 6.570563138271106, 0.9352364890818592], [39.84680880858411, 5.282580168347448, 7.602478563945401, -50.153507507266866, 38.91209798948373, -19.188324885718462, 27.973626182570996, 2.543838799227039, 23.723847138004416, -10.793343742239708, 19.024326665769735, 29.37101239651668, -4.363372635211578, -58.82966165395645, -46.477211907226746, -6.948573278697092, 27.712880453694172, 18.17928611283311, -16.16252753859909, 9.851500186961744, 34.153264832954086, 29.209203807483604, 17.77179259610282, -20.427948291310738, -23.21144041698242, 18.674070073316738, 11.793566656881216, -6.583842590663942], [-23.21616897883301, -2.300585310757306, 14.939107813570477, -25.995331157180008, 48.22363314996347, 39.2230842927307, -21.151025401330617, -16.171371960072577, -9.20119298517897, 13.677662949552326, 43.57962084929875, -19.22717125693112, 12.270070722254298, -19.878098303110395, -29.610717107272574, 37.548158213377086, -49.145644344390256, -23.254321577535247, 47.33024117592791, 26.62418349363333, 0.3073684363805264, 14.470359760713663, -10.673117158978288, 44.996267851734565, 18.102346091705694, 31.308229714763552, -3.008100228660629, -10.840950428145774], [18.16632295156604, 33.95402635573396, 10.551015963818418, 2.124824020510229, -42.80989460924931, 17.264660756908498, 10.021493776703192, -0.11737737273837259, 28.55225354184437, -8.556629181148699, 25.966384376218645, 18.043733407067112, -17.26983268148768, 42.183851440040634, -49.44499865282955, 30.48608904876177, -53.301839641369696, -0.27715334087472215, 38.47888342656194, 15.00491035903044, 28.445671733571533, 16.81860968210731, -25.801012077767716, 16.869370142487213, 14.467495943792295, -27.74875829930887, -10.971128498761848, -12.961722485777734]], [[-36.45337060988375, -15.615362837655045, 22.945211747448298, 51.38883516770352, 19.850701491932757, 31.511761737428355, -9.779421428081498, -14.85456383500268, -31.181896015585593, -13.04559395496695, 17.314265444205777, 17.39882192812874, 0.6545065664653117, -15.612359361093302, 20.112315454811657, -46.555234617874405, 3.064393897382278, -14.695095854098891, 17.611224555056033, 3.828648963845146, 20.48737610730255, -51.281005469340144, -0.6168147519200835, 36.657436905790675, 14.362438583993944, 24.690328222339158, -19.62425056134816, 17.399421641189846], [-2.8333957270655636, -45.64505163940864, 1.9178206671906484, -32.519801399973275, 49.361574795692135, 31.30570119115955, 18.413658026013458, 3.002324972580164, -18.891006989991755, 12.662997052495177, 50.601716349074806, -12.306088604410169, -12.589671850698412, -51.81153725366818, -38.56677067813719, 25.90754796964163, 10.181199983306845, 23.88549155778539, -32.84022910709883, -0.8435292595908176, -26.267790243483763, -21.527324816372033, 39.18545453662216, 44.8115284124531, -38.62177782519188, 16.491446582504405, -23.585567309882773, 13.970289205848927], [-1.133447120965391, -29.689682321767823, -7.79322186276886, 11.693738601748471, 17.949734525698442, -11.481467402087533, -13.994105928684258, -5.690320642592523, -36.186214454207814, 19.64317755490039, 3.0628611420360894, -25.496656953257695, 3.839460479826182, 27.118191725171933, -0.6299962947503096, 36.48208782303266, -28.392989966581833, -46.65963717435726, 44.89453047768265, -3.1913470236672277, -3.8558316669835104, 51.12090706006216, 34.5812216589396, -38.972302432662275, 24.25808818344037, 30.074875400805393, -14.790225682547115, -16.77838153675913], [-29.36656265069623, 17.41086134130475, -10.00725768912224, -12.258973695462771, -22.636723090630696, 54.724613485489535, -6.469636429373501, -31.44127994273323, 1.274225078418464, -24.885728070207783, 44.922898725785075, 24.103410331164646, -8.415569446858745, -26.45706314980101, 14.124080728513366, -34.58093646107259, -42.88236566475075, 36.16518228376873, 18.85200186555855, 3.090008022832075, -16.94494492531319, 31.489853315012525, 0.1451320653443047, -26.939889731580053, 33.31249831168301, -5.205489927822317, 22.893576441420308, 30.99332860896845]], [[-10.886206086289441, -45.70578939700164, 23.135678099829722, 30.00968409766669, 7.528390735271855, -49.03420873391824, -18.790667373654887, 7.045933010231377, 8.514897376168555, -8.904762472789434, 3.349505954184478, 28.320405119515208, 33.91125452202535, 48.03896915521693, 44.26311787439429, -50.972480311123945, -52.35067850539238, 44.04705391923936, 32.89271256451233, -2.9912391296410417, -13.368809024267403, 37.64785842850143, 40.179001430035996, -35.563883596834714, 40.20474492541139, -7.725176860805388, -25.21620436754273, 15.167713214277315], [-30.329056896369973, 5.083889913780644, 1.560753216332142, 49.2947781692788, 27.44595295081182, 53.607630743148064, -22.952392585376863, 9.763640703548335, 24.05421120238797, -25.911580887575337, 14.930665423111506, 13.811155359506733, -31.538638015493245, -2.06817722844089, -25.778275186368987, -6.576026046612605, -49.64140953655452, -32.76213048507741, 20.44964966166304, -22.922574791381283, 13.328858526996147, -3.8017150480399273, -37.00092625084829, -8.290168808341091, 41.989051895370984, -27.393946718140715, -2.172284710816861, 8.954991515915356], [-22.61455077946999, 28.325447476187044, 11.172298823920515, 30.880942090007, 6.19878144202995, -8.247431536380608, 3.910140595154057, -10.344787647669637, 37.41266385548745, -17.146185825012903, -46.77412979831056, -34.12463683947492, -15.479328439080518, 12.94951963675032, 33.09339181511078, -41.71687623174171, 41.23474250270848, -21.690644338577197, -42.92134850071815, 14.417074675035392, 36.402337275658, -19.05500458877108, 22.29555166739632, -27.79425155739806, -19.38982633632323, 13.349717442041028, 1.3105624077052462, 25.50989398861971], [38.264453757519746, 21.348887512330286, -2.6906322102794205, -32.317870394996625, 64.31426861627122, -16.071484430018558, -28.468284977266947, -22.230431508584036, 0.8819467049333196, 7.763501128620064, 4.0180003027336815, -0.499627631996762, 18.635837503697807, 54.91941822609616, -24.70569195391912, -2.0035152476639357, -12.381915830304886, 47.70739164350738, 37.220142016495345, -18.31889845077066, 42.132168696035826, 51.112360605194645, 31.488641917291737, 31.17851474003645, 39.93144322954638, -26.429312592548726, -13.707285854254547, 26.3607720382348]], [[-12.572107110671293, 18.996102517416563, -6.275758227433225, -13.04636863310036, 41.03150738268716, -30.790122249347665, 10.354843278628488, 7.395227929782971, 6.078299026840946, -3.3435308322304644, 31.60338216856888, -34.09528270975826, 34.05269699944449, 48.811359744197546, -2.3090882667825365, 10.045343219075384, 12.933529485063005, 39.247748033433425, -35.731978753845006, -13.87380234262638, 11.12452482457633, 34.75383323347516, -31.699850052214856, -8.066724961851849, -18.814786873460115, -7.939707143827221, 17.21640849511787, -25.77418365996295], [4.99807872886109, 25.316918798077232, 14.253447144046545, -2.173825064911538, 30.9844655750769, 55.95791588182113, -22.258708790824326, 0.895056345043484, 7.256471327049626, -17.10582972284245, -0.5523227582543516, -14.688176831264776, -12.205320624219603, 6.997143682364796, 47.05228849301073, 18.751401782736597, 51.394733695250665, 36.375053585789615, -49.161996201209234, 27.44018970088011, 38.61584232722496, 1.0792304340945116, -2.0648400406880034, 28.45156118453962, -16.61337659282919, 17.331701657370907, -10.315926111938738, 6.686244727577624], [-27.688528976315784, -10.544161654585178, -13.79011392561161, -19.373863100191997, 56.984078172562434, -25.013751327827453, -17.903952541145916, 1.0521036294415096, -44.86891282361666, 21.277557678151627, -25.618018773070542, 28.035572969477673, -8.585185696771441, -19.866033462584518, -42.25387906794705, 11.064095873139586, 7.4526770535025735, -54.50456397919295, 34.027870557771706, 10.371585128298976, 16.52911807948857, -31.03353433930908, -30.967339612528445, -6.917398679949086, -25.290008248574658, 11.672122088422308, 5.973546651132556, -0.7519420070130979], [4.354938549835936, -24.36664824364531, -7.442936621617895, 2.3269689650519947, 34.31460266579591, 43.73355033174243, 12.64264090135265, 32.02229639140071, -30.577222280000143, -26.2113208555171, 23.717836689546594, -22.825394384422758, -23.03010235435003, -10.690892911075796, 19.011775807681715, 38.041247882240505, 18.642321447758707, -51.25601356635719, -53.71729692279421, 4.762729602319716, -15.937484921701644, -30.91727416184725, -22.74749321570135, 42.558143769295825, 40.9019569034215, -17.709496434661382, -1.1977025188860437, -6.112650921289891]], [[-36.99234324995705, -5.541834813687436, 0.021181630670880032, -24.334947382262147, -24.036161810501234, -40.660286692809905, 19.382543779601978, 37.07334329800124, -38.69261933499153, -13.038535947448814, 6.998968501579449, 30.796778957385914, 1.5859800264154285, -57.39388626484224, 43.97410730602595, 16.741703541825032, -29.991118997445724, 41.842361556403866, -26.185174806894583, 21.350337904790777, 11.284879677712736, -7.255936560440824, -20.1606856783983, 35.83957538435132, -6.890039608612021, 28.30343155175127, 18.161538507230816, -19.48991499547426], [-39.709232688839215, -12.64295082174777, -18.88612973666833, -0.8431655808130554, 24.015356956445302, 24.53872388686995, -25.241262679793934, -28.279970083432747, 22.364122688011022, 8.97277178622264, 5.336649288811035, 8.755689092344847, 31.441350256089397, -0.31927854236713543, 38.62070153462595, 14.595076169279297, 46.89828335280909, -21.81927842671163, -45.51099734569719, 21.02197540077054, 32.35192285070885, -26.811589382193393, -39.904682112252274, 14.997374255567557, -36.71716031369126, 2.673491057783105, 12.533780902629704, 23.95355652208202], [-14.987397918258367, 23.51071324442688, 16.368264296974257, 51.46126451927652, -17.189750870723092, 56.78246848932285, -1.9046451614715407, -27.993238001905496, 38.53717324254781, -0.39282983466689964, -28.43554315368849, -32.46322942651455, -3.3689705649140973, 54.740335827687964, 30.277716359059813, -10.652355259306532, 50.91632045905769, -2.9961620138224774, -24.92917938357888, -5.368670108487208, 17.783535972447094, -5.305791180730332, 2.9642179177040098, -19.64273903426898, -31.2117877200786, 7.806258658733101, 12.982423790851069, 17.973778352370193], [4.249423621271655, -32.395714692901436, -18.344221892472856, 10.63097657181891, -13.451243791751194, 31.665548952082293, 3.0741764444640554, -32.798652365982804, 0.12532561604916617, 26.916829132231335, -47.03996659961035, -32.089963270409015, 9.966495490545405, -13.026201847556022, -44.78317720503413, -22.133750157656266, 34.751216366993546, -28.57048744207757, -49.886137728751315, -13.283466106026232, 4.703027295515548, 12.579774099994014, -18.86249596042783, 43.671350630880276, 27.239673756801864, 3.264443315584797, -22.361146116856364, -28.0438854132254]], [[0.4351403877386147, -40.373244560082696, -7.820976165358575, 19.45285752068977, 62.15569465695213, 34.76735888089316, 20.3725789428522, -33.13870123218304, -4.515610690025008, 26.608693035176874, 36.70492642110825, -9.646987432329725, 33.29205758239729, 64.97506979015202, -33.77374533647452, -24.504049009824616, 26.416627964635484, -11.822339010905328, 51.56620083818824, -14.75049671970396, -14.031960766325295, -10.482507407343837, 33.51463095884867, -36.53145275829176, 15.832287552255691, 24.34961470290972, -23.054455702348456, 16.064989286422836], [-20.218299165865727, -8.695812288668328, -15.677989310700962, 50.17407337703667, 38.890194867495005, -48.952523011043695, -18.77550548745934, 23.955311413908756, 21.502159414893605, -1.2246243271290762, -32.7002548437684, -18.704913601630345, -6.469112656003039, 0.09680137017706242, 28.37565999662616, -0.28151412541962273, 36.152746907268096, 45.67036938359225, -4.920244133329923, 22.01378378795214, 21.96336276256377, -32.53900544615467, 32.48200618049033, -44.793316155424165, -36.17266619095106, -24.56993468188907, 15.301940995963564, 20.083793897774218], [3.1764626690895557, 46.36333661593547, -1.688644307745253, 50.97037992383531, 37.15833925614978, 41.83245287350496, 23.378478742416636, -2.1586745537853935, -40.412738581222705, 19.217124309634052, 9.272479861381012, -16.35608613438614, -10.881775748468092, 66.28024587825375, -7.489518055104274, 14.994989733655446, -51.71399958957608, -32.18169456376172, -20.215484305432167, 0.7365978855344346, 14.49649797828363, 51.695576858113796, 22.286573014372294, -15.285089457416785, -13.061614720105766, -24.93921588849193, 7.973481242281409, -28.256866807936408], [37.921068706904244, -36.65244572886375, -20.34561611222668, -21.841044962343204, -44.03732558180252, -3.984149392706722, -19.6045720668112, -19.71041575144902, 37.70555837200035, -7.507162095100149, 53.102448022377814, 23.528381326204727, 4.4163206123509955, 49.96939216362398, 10.656853192490173, 49.98389417200063, -3.8725233098586003, -8.864519025544595, -53.05166007572106, -15.190683895377708, -28.250384269714743, -24.007077158939303, 19.66400025195687, -12.060174197644558, 34.01858152957809, -6.134201154163469, -20.158491674945274, -0.2900586649269978]], [[21.348789556426098, -13.750561515987577, -2.1153772036214913, -35.3944800560326, 36.004897920653285, 36.84151370600175, -28.424311444955247, 17.458723631299762, 15.449123793185315, 24.67332260462083, 28.902142136719675, -2.9872622857109636, -13.56775470118045, -33.84350031515257, -51.727084135354445, 30.855845416254308, 18.427580463031802, 39.523810739868324, 8.73859686548559, -13.480007510657456, -34.07151294605446, -40.608389963087674, -15.551061898334748, -23.24960105195758, -21.561561511325813, 20.221555084884706, 5.749467152157445, -29.015373056732642], [32.10319444642699, 33.46380111766781, 11.777976282936645, -45.53928733348645, 45.197462756704525, 19.980706586454218, 20.412295676435537, 5.488860916060017, -10.83230545989753, -15.175724332831132, -10.015926491624214, 27.61674398090573, 33.102490511147735, -7.6316789858435685, 11.704028008484588, 3.0193335037691824, -6.689215276041585, 8.723695193130895, 54.45561751146636, 16.90530266202954, 35.02304214336558, -49.10034428640344, -23.277960477252957, -39.22429699724848, 33.746224715650065, -7.169715700931197, 4.479298030257765, 25.106900378880518], [17.518291254561603, -5.6775031588171885, 10.251616456181873, 17.585410236419186, 27.869838427568364, -22.596964877105837, 27.218854342662716, -20.478943037958647, -39.49041560105213, -10.349256891796927, -51.412081599161176, 25.563603901775753, -25.893723890111016, 39.30499868974693, 25.49038194146322, -18.411937684543517, -31.733517080283985, -8.000273636976955, -30.331098905235486, 1.982012345555963, 33.83090730151764, -17.276039789858835, -6.4814210035933275, 37.364373648330535, -6.278307249582767, -17.233571371647407, -5.43544004262196, -26.629141006197464], [-18.120548090784972, -5.877396603299534, -17.275621427199194, 12.68666854071622, 23.66550663039052, 50.854224971323916, 14.68253248703585, 15.041608734972543, -10.073853550085635, -14.900523250759177, -53.00772060358036, 7.922958824443638, -20.988661105083604, 4.879624437374649, 19.10257364496735, 33.35935686151032, 24.79168735686053, 16.834992408514697, 18.939233042020785, 18.48758327247427, -22.421000528063637, -16.804943365774893, 9.535043819884397, 44.036644479744226, 21.65266841591149, 17.00359731421836, -24.62007843484388, 22.993665987638845]], [[-35.527986198583264, 0.8993597816695416, 15.00993308073505, -4.445340420390671, 57.28922472741502, -49.03789124710544, 15.263815013577686, 31.252943371224227, 45.84580200706435, 11.164870402886265, -52.923611508561066, -27.738163474663118, 28.569546548570553, -5.321270829660544, -2.5727567039656867, 38.391992041047175, -43.93736270185817, 6.305008333801755, 15.882718327734182, 9.980683996881755, -40.18046665112995, -23.352147251284574, -3.824978197186726, 37.3424215034409, 17.497066296688754, -9.41883134707526, 8.023200183165073, -19.852790703460776], [26.258275579835896, -43.58365753166242, 22.11580925091906, 22.55162513448605, 62.64345605961558, 45.62323465492883, 23.78865222647413, 27.548867191910844, 8.817396429480814, -7.151042257886226, -0.28849776898973023, 23.68843269161591, -31.24343286270806, -27.32861399839039, 11.249128736131738, -43.47466042597588, -21.22167283005407, 26.172520000341358, 16.383507642801348, -20.252012510587754, 30.472758435336445, 35.52992836894489, -15.435450154878525, -38.027157028967544, 1.8566336544922382, -15.188520773066237, 1.0150154179638764, 16.062611811790884], [-11.855169989232815, 28.684531453449274, 2.6559357390577145, 1.843262020471454, 36.167219792290645, 16.555853130747202, 28.265223510810383, 6.563996995463852, 0.42438843544549715, -5.357506362866606, 23.841032358243034, 23.42513007931193, 27.134133089135386, 24.41061534256713, 46.37333257162511, 35.774590460526426, 24.50008173316713, -47.0970379311702, -13.966402668179317, -5.370440471147796, 8.912985429164959, -6.558101214290663, -3.3311218225209243, 32.678816023750215, -7.574272756528159, 8.300817101732688, -1.3949647650168147, -24.91378477287873], [-30.16283693109589, 6.400341335434998, 12.42786567677206, 19.732934914677106, 34.90336114847852, -13.133049884567397, 4.0940147957181825, 2.007496895037672, 37.91365996654782, 27.860096614527368, -17.77671259639557, 13.791092712746046, -29.400445408750976, -13.415803447380572, -50.43304314137899, 49.002955638627824, 3.4904237501348754, 48.307464017292446, -35.203266708943744, 4.144176168201475, -28.685455634398554, -4.647450819551403, -38.95213874429088, -35.441994914923725, 28.291072418581603, 5.988619505218191, -17.229837576335907, 20.384428183898454]], [[12.175259755155698, 1.803339851562951, 20.325572921534867, -25.900068779975467, -15.474693291118124, 16.225634737116213, -30.94403265624609, 1.5595958288102783, -11.304792053434667, -2.0412246379939285, -24.30184431322729, -5.4797024507162515, 8.527186051456596, 29.17114314837502, -6.646639967014519, -32.397417226923686, 48.983950261180766, 7.547719829738726, 53.312556261379875, 1.4299376327422733, 18.37394937588341, 23.309862181069068, 28.24650584147916, -41.96173616846039, -40.902216398396114, 3.5379618415036975, 21.824716416039244, 2.3802066012995935], [10.450702118629208, -31.64608077653675, 10.908468971552546, 35.97010947350623, -38.71694099125672, 10.771386019564575, 23.957168047661977, 4.8149592058104735, -1.670887713776815, 5.300049986011633, 26.100482409602574, -34.99827316386965, -20.113112210485475, 33.80794149600676, 41.215921093619805, -34.77917515325982, 23.261051260639462, -7.078875891527876, -22.523856465519305, 7.413477521703852, -44.659240347600836, 38.0742461824283, 26.02071709781211, 27.61638200559072, -7.140956850395789, 11.107875162655136, 10.122858977496032, -29.44232093170599], [6.175269854678608, -25.649795478521845, -14.637591874713369, 40.81033542786377, -59.79018064435099, 55.19893526057664, 23.59660471757014, -8.416625197826573, 38.763816621267225, -21.10857033044918, -33.47235751252348, -15.162966189078736, -6.603519406196576, 42.223654801510236, 9.553551770124399, 35.33584706002877, -30.215585342786557, -43.275842423206775, 55.379475088684885, 14.922043038590445, 21.26209097280142, 28.905049353765403, 21.564810799601286, 2.690851555125453, 1.7201120098561906, 13.701222326623737, -16.84836033937358, -24.56486629722637], [-28.61879538957963, 33.069989334637945, 4.575366665982904, 11.422035171929318, 21.051134256400506, -44.02744401839625, -12.135462076030482, 2.2431438183950916, -42.89500407003605, 4.5107951825369135, -46.60953017099774, -13.884269122105477, 29.206931566218838, -22.71472446456274, 27.575612390408377, 22.456385525983038, 29.669859248054433, 39.88323383098855, -5.1084418837429695, -3.0196706178763706, 26.668359823742893, 52.24241921226957, 38.41429485597703, -5.224882218931733, -5.3889063160632436, -20.629766392890026, -13.459749548309517, -22.355238175597464]], [[39.23468528877731, 42.97460015334002, -19.872514632352726, -7.225100445443224, 51.65327909935096, -44.911474488411685, 8.376881526474694, 24.354083861718497, -0.7923947925034279, 15.159521381394573, 13.414131025324224, -10.663491704965407, 3.882596143103214, -32.89699414094873, 48.121911735876374, 21.06500344156515, 3.292906775752398, 51.09470900652776, -37.61453629681856, 18.419192172130817, -13.998558972683163, 34.762909393504195, 1.8986784267849355, -10.701393262910468, 28.28353615788654, -22.453080047190234, -13.880332719168194, 15.688943686405713], [7.04816906590676, 42.81459285114376, 5.236705793864973, 25.03290635938002, 20.97003009176229, -28.382295134561126, 7.616646956601441, -25.277707892997665, 16.64902379779319, 1.8311055355123402, -9.708522545312881, 6.710845544375704, -25.452614517185612, 55.95944778768378, 21.660606126249387, 4.848034175456721, -16.218214798041263, -29.39837670087455, 19.147024735258405, -16.737172811105392, -41.45063096066399, 49.38986772352519, -33.38038221851091, 0.42159120325766464, -2.741229838237232, 27.353071484381793, 12.004153631303675, -7.841383177773626], [22.254724818255088, -25.680522900757822, -9.27136768336548, -8.349293348996778, -16.320380821944998, 39.15257500614969, -15.763635291504821, 31.137699935536247, 43.65645859587288, 11.77494078746428, 35.17043838246786, -17.603934824211645, -23.417993105577168, 62.576294267268814, 8.799742027493417, -48.13412617447499, 12.977586964483509, -27.726294970598204, -53.045810914442264, -4.396069069873069, 9.683642602166621, 37.65270408775208, -7.187288394205321, -33.0725214544905, -11.00957688508869, 15.546059255426412, 25.151594551191906, 1.6861447855464253], [-40.4732847379365, 20.52269420934734, -18.223019988063797, -11.056156645110216, 65.65140379986325, -23.55372077968481, 30.148798408729924, 13.054506406261197, 37.6453741944794, -4.964971043611926, -7.199646075100724, 34.862793482252876, 4.840430649530939, -29.097702167741133, 6.216890586666945, -3.782052913392533, -31.628721453829723, -11.429554780963883, -32.40229082559079, 10.924422625029418, 16.787054095136458, -33.87566487320396, -0.24785319359531724, 14.602294407797254, 10.821576693108588, -5.710989011175893, 9.491434747664297, 20.56482267841941]]];
t = [[99999999.0, 5.645289555604567, 11.494016898945743, 7.6685933667206445, 6.498749781897164, 14.515921116626258, 5.685406002392667, 10.00775262850972, 5.2611396545445235, 5.978131468975412, 9.18220447766403, 5.482001449206898, 6.924245771080177, 12.552258343387937, 13.021157417088219, 10.172022162206527, 6.154171674420285, 14.096322627397434, 14.388459025413121, 9.28614456511761, 11.981339273220525, 5.599368006467527, 11.228439853520626, 5.618045758928101, 12.618695819309433, 11.862148046154115, 8.347026711608097, 11.748981601775133, 12.80166397954045, 6.384483471251379], [5.645289555604567, 99999999.0, 10.077766709755338, 6.5689294989632625, 12.526960844819028, 11.150075677855522, 9.504035557354957, 8.363170291843701, 13.304589074268542, 6.9404032644498725, 11.559748386620997, 6.825928527033154, 13.376172626780559, 13.832109405300454, 11.714167676052927, 5.992279571159456, 10.64453174113451, 12.024570838117405, 5.72725801670642, 11.950091300156242, 13.227479902604989, 11.447370468507218, 11.865502017429762, 6.082704313354279, 11.15659028122651, 9.913621685759908, 12.730993039242371, 9.217743622687172, 13.811045474310735, 6.635638848621232], [11.494016898945743, 10.077766709755338, 99999999.0, 7.129768921796231, 9.126194373493327, 6.418652222755807, 9.975453393348982, 10.512219166445284, 6.978533288119129, 9.799865141633946, 14.56146240703791, 11.72549103507032, 5.944374942326435, 9.522689183877816, 13.049910944410444, 14.096433052692936, 7.1942605792076675, 6.6993156401193605, 12.493337934594212, 14.991011448590804, 9.097035888245355, 12.024571855660728, 8.223359216207673, 7.74734373686588, 8.461119165269972, 14.948416819703112, 5.329692173983741, 5.000798297506441, 5.231252054918024, 13.776764657306005], [7.6685933667206445, 6.5689294989632625, 7.129768921796231, 99999999.0, 9.735938719250443, 12.145453910333776, 11.9365693740438, 7.431235248893049, 7.996377203556006, 7.572742241874403, 9.0263120963054, 8.475137005814886, 6.762233894691637, 11.308243630980712, 9.153928513959842, 9.546739649813619, 14.448223586290187, 14.421310994959653, 7.737986859764475, 7.709145842137906, 12.154714116123936, 14.830916195911946, 11.662999577128378, 13.984547898041415, 6.0076193771797115, 7.999333685799455, 14.818282865786642, 8.2946707243165, 8.388622983134518, 13.454721455087338], [6.498749781897164, 12.526960844819028, 9.126194373493327, 9.735938719250443, 99999999.0, 5.324008123370488, 10.082246655742072, 11.804345897643405, 14.57695288319703, 10.7038910298381, 13.98683232407907, 13.837510972384063, 6.2800588479488, 11.016385738684754, 14.437465010328822, 11.191978623095688, 9.55331120841111, 12.704044040469352, 6.102299555063344, 11.879147556995266, 10.575461710918933, 5.000316976937867, 12.845887103994919, 14.259929925580169, 9.431785535930992, 14.353876335345934, 10.986073674678863, 10.537300260095149, 12.533703139466606, 14.623350007336231], [14.515921116626258, 11.150075677855522, 6.418652222755807, 12.145453910333776, 5.324008123370488, 99999999.0, 13.385713864682948, 9.623231034981881, 9.890946440978965, 5.42938693655829, 9.66143395607775, 12.594251958283717, 9.429339841223031, 7.040194333747195, 8.89468252643508, 12.190905831618293, 7.567899478884685, 6.700278035352473, 8.849108646632516, 13.238008473166325, 13.892087733910376, 9.79710639139345, 11.194743787445155, 6.009845112035257, 8.726797992166953, 14.194103065022967, 11.810994586799776, 14.61789824329497, 13.615407011059897, 11.195063665464488], [5.685406002392667, 9.504035557354957, 9.975453393348982, 11.9365693740438, 10.082246655742072, 13.385713864682948, 99999999.0, 12.005021587533697, 7.718232508738115, 9.770229557396053, 13.548646950833268, 14.413302990179925, 13.653343512919514, 10.110906062241417, 12.266097278695334, 8.892216976734257, 9.287430566158454, 8.866102884659005, 6.4347218638893064, 9.511352716346035, 11.214855185099324, 7.741134972316832, 10.817104539956695, 12.841223196860039, 12.796139715071279, 11.939250789552528, 8.048085799230996, 8.767706612509562, 13.110987811513617, 9.019337566310577], [10.00775262850972, 8.363170291843701, 10.512219166445284, 7.431235248893049, 11.804345897643405, 9.623231034981881, 12.005021587533697, 99999999.0, 14.231449877427753, 14.436303863384465, 14.899363509802736, 13.54651030256066, 14.596329252868518, 10.963495806527854, 6.38641544982957, 5.213470718322025, 12.698652869433786, 11.19907603641733, 12.698337710703285, 10.033062941947883, 9.1401799410494, 13.871012233195646, 7.717371384112859, 11.113379623111221, 9.286934934317372, 10.019917025389189, 5.629068153682231, 8.620668260719981, 7.459779176320955, 11.346987841111789], [5.2611396545445235, 13.304589074268542, 6.978533288119129, 7.996377203556006, 14.57695288319703, 9.890946440978965, 7.718232508738115, 14.231449877427753, 99999999.0, 13.183289247864762, 7.886345778531298, 6.9474070310304645, 6.864529281184146, 6.10316020297916, 13.534535821378944, 9.702895910683905, 10.926347064154612, 7.440467533484146, 10.997377546852004, 5.212764785828509, 8.974816381840718, 10.897224470990954, 6.817573621463402, 5.768353988080678, 14.11185950425762, 11.6070011231716, 9.750127029505695, 7.795080022518509, 7.164936944769334, 6.206516047075709], [5.978131468975412, 6.9404032644498725, 9.799865141633946, 7.572742241874403, 10.7038910298381, 5.42938693655829, 9.770229557396053, 14.436303863384465, 13.183289247864762, 99999999.0, 10.824437550570654, 8.226198255134214, 5.121760721539749, 7.995899041235369, 6.67867425825182, 9.354573716594375, 8.654810595936954, 6.143824903858594, 5.580747247248561, 14.060350977519805, 9.984683452585388, 5.74275184712405, 14.158499399152966, 5.0503780602004475, 6.369226614241512, 9.168825720547751, 6.531554633836228, 14.377568007151805, 13.595821195466328, 13.694959728774883], [9.18220447766403, 11.559748386620997, 14.56146240703791, 9.0263120963054, 13.98683232407907, 9.66143395607775, 13.548646950833268, 14.899363509802736, 7.886345778531298, 10.824437550570654, 99999999.0, 5.927337696103558, 11.995231626249954, 9.647369291045596, 14.120027303708493, 9.557638590808358, 13.41321570569797, 7.229363019317262, 5.209047417804066, 10.745903518997881, 6.9320075286815666, 8.822917913112775, 6.361582453976665, 7.745248532050438, 11.7683884865786, 12.922546707181326, 6.890821639717544, 11.659810221235606, 9.808141622889206, 6.073854607062637], [5.482001449206898, 6.825928527033154, 11.72549103507032, 8.475137005814886, 13.837510972384063, 12.594251958283717, 14.413302990179925, 13.54651030256066, 6.9474070310304645, 8.226198255134214, 5.927337696103558, 99999999.0, 9.74427488108641, 7.84479284255786, 9.47429636813668, 11.298614249456303, 14.247653448620333, 11.114777658618003, 11.763375250904929, 5.026488193009074, 9.309397463893873, 10.617521112964958, 6.097751631179213, 7.157315459046586, 5.88386251982215, 11.794701961017756, 8.569941255418613, 8.512555491753645, 10.533504713268993, 12.329035911744528], [6.924245771080177, 13.376172626780559, 5.944374942326435, 6.762233894691637, 6.2800588479488, 9.429339841223031, 13.653343512919514, 14.596329252868518, 6.864529281184146, 5.121760721539749, 11.995231626249954, 9.74427488108641, 99999999.0, 13.255995933448391, 7.627140749218344, 6.114098432366427, 10.578045427752436, 8.710790991002458, 8.27479823798194, 12.342176995289224, 12.254117803941824, 14.620247044008185, 8.472527951417677, 11.762127239151678, 12.85756215545007, 12.979115123005585, 8.64584155463169, 13.451543542002325, 9.713707855298495, 10.444511650536597], [12.552258343387937, 13.832109405300454, 9.522689183877816, 11.308243630980712, 11.016385738684754, 7.040194333747195, 10.110906062241417, 10.963495806527854, 6.10316020297916, 7.995899041235369, 9.647369291045596, 7.84479284255786, 13.255995933448391, 99999999.0, 12.22710920545406, 13.347194495177646, 10.066006583260386, 5.728871978715786, 9.084229469669015, 13.423389969379944, 10.147589644186311, 7.651065372945444, 14.750973461867304, 12.982371974818758, 8.1336024935713, 7.093871587370979, 5.589855550699509, 6.18450394789082, 13.55768815735424, 5.47159370528421], [13.021157417088219, 11.714167676052927, 13.049910944410444, 9.153928513959842, 14.437465010328822, 8.89468252643508, 12.266097278695334, 6.38641544982957, 13.534535821378944, 6.67867425825182, 14.120027303708493, 9.47429636813668, 7.627140749218344, 12.22710920545406, 99999999.0, 8.438773315601576, 9.264892926564121, 10.52523064935438, 9.556428649182989, 12.619897672755464, 6.351606868772118, 13.480388819113617, 9.793459283304998, 10.926195991664063, 11.853430381198027, 13.788982997705425, 5.140309440523106, 11.60054637340949, 13.036882429070834, 12.88690691125584], [10.172022162206527, 5.992279571159456, 14.096433052692936, 9.546739649813619, 11.191978623095688, 12.190905831618293, 8.892216976734257, 5.213470718322025, 9.702895910683905, 9.354573716594375, 9.557638590808358, 11.298614249456303, 6.114098432366427, 13.347194495177646, 8.438773315601576, 99999999.0, 7.023723692389105, 6.64180912500014, 5.616206696806469, 12.928584775061186, 13.547303347709917, 14.391443460560115, 7.209196267825152, 13.539905128017992, 10.526382468173198, 11.041389628979553, 7.566254106324508, 14.543278342184042, 5.213103874910582, 14.043323906494514], [6.154171674420285, 10.64453174113451, 7.1942605792076675, 14.448223586290187, 9.55331120841111, 7.567899478884685, 9.287430566158454, 12.698652869433786, 10.926347064154612, 8.654810595936954, 13.41321570569797, 14.247653448620333, 10.578045427752436, 10.066006583260386, 9.264892926564121, 7.023723692389105, 99999999.0, 6.392713743852107, 10.325395679229306, 10.575054391746974, 12.143923965876827, 7.079337321968836, 9.19550820435327, 11.397508578992621, 10.475719082837523, 10.549619871844634, 6.5394752190865315, 13.573001002855932, 13.587084588967912, 11.266249414111433], [14.096322627397434, 12.024570838117405, 6.6993156401193605, 14.421310994959653, 12.704044040469352, 6.700278035352473, 8.866102884659005, 11.19907603641733, 7.440467533484146, 6.143824903858594, 7.229363019317262, 11.114777658618003, 8.710790991002458, 5.728871978715786, 10.52523064935438, 6.64180912500014, 6.392713743852107, 99999999.0, 6.8433034971452775, 6.995380571262038, 13.35840375202871, 6.380419173506003, 12.632617482175998, 6.429447223303226, 14.062958691145825, 13.985043746716453, 12.831494858400704, 9.44919653241404, 14.132774337558587, 12.735099551633969], [14.388459025413121, 5.72725801670642, 12.493337934594212, 7.737986859764475, 6.102299555063344, 8.849108646632516, 6.4347218638893064, 12.698337710703285, 10.997377546852004, 5.580747247248561, 5.209047417804066, 11.763375250904929, 8.27479823798194, 9.084229469669015, 9.556428649182989, 5.616206696806469, 10.325395679229306, 6.8433034971452775, 99999999.0, 13.700154944903518, 5.274326212329948, 10.894089338562338, 14.502232558040594, 6.767275977515425, 12.659610086343868, 12.1618761210539, 12.615351477558175, 12.648399667917316, 8.729175294358527, 5.006882314834968], [9.28614456511761, 11.950091300156242, 14.991011448590804, 7.709145842137906, 11.879147556995266, 13.238008473166325, 9.511352716346035, 10.033062941947883, 5.212764785828509, 14.060350977519805, 10.745903518997881, 5.026488193009074, 12.342176995289224, 13.423389969379944, 12.619897672755464, 12.928584775061186, 10.575054391746974, 6.995380571262038, 13.700154944903518, 99999999.0, 13.353944073404328, 9.467678896057576, 13.257492080696592, 14.155018017140058, 13.41527830572439, 11.79935630465641, 8.032532638969144, 10.383454719494221, 14.137246980697576, 6.360426968488278], [11.981339273220525, 13.227479902604989, 9.097035888245355, 12.154714116123936, 10.575461710918933, 13.892087733910376, 11.214855185099324, 9.1401799410494, 8.974816381840718, 9.984683452585388, 6.9320075286815666, 9.309397463893873, 12.254117803941824, 10.147589644186311, 6.351606868772118, 13.547303347709917, 12.143923965876827, 13.35840375202871, 5.274326212329948, 13.353944073404328, 99999999.0, 6.500452293691071, 11.716895841161596, 10.942581863415183, 5.322549211010661, 7.015258954937561, 10.987706462115211, 14.685163670311681, 6.858593052697788, 13.012012939731903], [5.599368006467527, 11.447370468507218, 12.024571855660728, 14.830916195911946, 5.000316976937867, 9.79710639139345, 7.741134972316832, 13.871012233195646, 10.897224470990954, 5.74275184712405, 8.822917913112775, 10.617521112964958, 14.620247044008185, 7.651065372945444, 13.480388819113617, 14.391443460560115, 7.079337321968836, 6.380419173506003, 10.894089338562338, 9.467678896057576, 6.500452293691071, 99999999.0, 5.015095766401039, 8.355495104750041, 9.921091393546964, 6.620607774684588, 13.619040141663122, 7.363507772802073, 6.8361037345673905, 12.349709111019193], [11.228439853520626, 11.865502017429762, 8.223359216207673, 11.662999577128378, 12.845887103994919, 11.194743787445155, 10.817104539956695, 7.717371384112859, 6.817573621463402, 14.158499399152966, 6.361582453976665, 6.097751631179213, 8.472527951417677, 14.750973461867304, 9.793459283304998, 7.209196267825152, 9.19550820435327, 12.632617482175998, 14.502232558040594, 13.257492080696592, 11.716895841161596, 5.015095766401039, 99999999.0, 10.941380004604538, 5.245961456704925, 12.69427595458362, 11.33752927484519, 13.684203958313962, 14.378640941347005, 14.351721500461744], [5.618045758928101, 6.082704313354279, 7.74734373686588, 13.984547898041415, 14.259929925580169, 6.009845112035257, 12.841223196860039, 11.113379623111221, 5.768353988080678, 5.0503780602004475, 7.745248532050438, 7.157315459046586, 11.762127239151678, 12.982371974818758, 10.926195991664063, 13.539905128017992, 11.397508578992621, 6.429447223303226, 6.767275977515425, 14.155018017140058, 10.942581863415183, 8.355495104750041, 10.941380004604538, 99999999.0, 6.504512389763128, 6.72595181128115, 10.833621519556488, 5.5948776714000985, 14.138774736599448, 10.808698096355638], [12.618695819309433, 11.15659028122651, 8.461119165269972, 6.0076193771797115, 9.431785535930992, 8.726797992166953, 12.796139715071279, 9.286934934317372, 14.11185950425762, 6.369226614241512, 11.7683884865786, 5.88386251982215, 12.85756215545007, 8.1336024935713, 11.853430381198027, 10.526382468173198, 10.475719082837523, 14.062958691145825, 12.659610086343868, 13.41527830572439, 5.322549211010661, 9.921091393546964, 5.245961456704925, 6.504512389763128, 99999999.0, 5.631087439108871, 9.95383887815975, 7.9638071523841685, 11.032820231653169, 6.190660254447526], [11.862148046154115, 9.913621685759908, 14.948416819703112, 7.999333685799455, 14.353876335345934, 14.194103065022967, 11.939250789552528, 10.019917025389189, 11.6070011231716, 9.168825720547751, 12.922546707181326, 11.794701961017756, 12.979115123005585, 7.093871587370979, 13.788982997705425, 11.041389628979553, 10.549619871844634, 13.985043746716453, 12.1618761210539, 11.79935630465641, 7.015258954937561, 6.620607774684588, 12.69427595458362, 6.72595181128115, 5.631087439108871, 99999999.0, 11.918179671301932, 8.847153343706772, 13.920132861900944, 5.864758815826728], [8.347026711608097, 12.730993039242371, 5.329692173983741, 14.818282865786642, 10.986073674678863, 11.810994586799776, 8.048085799230996, 5.629068153682231, 9.750127029505695, 6.531554633836228, 6.890821639717544, 8.569941255418613, 8.64584155463169, 5.589855550699509, 5.140309440523106, 7.566254106324508, 6.5394752190865315, 12.831494858400704, 12.615351477558175, 8.032532638969144, 10.987706462115211, 13.619040141663122, 11.33752927484519, 10.833621519556488, 9.95383887815975, 11.918179671301932, 99999999.0, 6.868347661163074, 5.364323362487646, 8.310351654058223], [11.748981601775133, 9.217743622687172, 5.000798297506441, 8.2946707243165, 10.537300260095149, 14.61789824329497, 8.767706612509562, 8.620668260719981, 7.795080022518509, 14.377568007151805, 11.659810221235606, 8.512555491753645, 13.451543542002325, 6.18450394789082, 11.60054637340949, 14.543278342184042, 13.573001002855932, 9.44919653241404, 12.648399667917316, 10.383454719494221, 14.685163670311681, 7.363507772802073, 13.684203958313962, 5.5948776714000985, 7.9638071523841685, 8.847153343706772, 6.868347661163074, 99999999.0, 9.041491766068223, 8.771518409722612], [12.80166397954045, 13.811045474310735, 5.231252054918024, 8.388622983134518, 12.533703139466606, 13.615407011059897, 13.110987811513617, 7.459779176320955, 7.164936944769334, 13.595821195466328, 9.808141622889206, 10.533504713268993, 9.713707855298495, 13.55768815735424, 13.036882429070834, 5.213103874910582, 13.587084588967912, 14.132774337558587, 8.729175294358527, 14.137246980697576, 6.858593052697788, 6.8361037345673905, 14.378640941347005, 14.138774736599448, 11.032820231653169, 13.920132861900944, 5.364323362487646, 9.041491766068223, 99999999.0, 11.327276730597653], [6.384483471251379, 6.635638848621232, 13.776764657306005, 13.454721455087338, 14.623350007336231, 11.195063665464488, 9.019337566310577, 11.346987841111789, 6.206516047075709, 13.694959728774883, 6.073854607062637, 12.329035911744528, 10.444511650536597, 5.47159370528421, 12.88690691125584, 14.043323906494514, 11.266249414111433, 12.735099551633969, 5.006882314834968, 6.360426968488278, 13.012012939731903, 12.349709111019193, 14.351721500461744, 10.808698096355638, 6.190660254447526, 5.864758815826728, 8.310351654058223, 8.771518409722612, 11.327276730597653, 99999999.0]];
