M = 99999999.0;
numWorkers = 25;
numRoles = 4;
numNodes = 30;
wStart = [0, 218.71553703682193, 149.12452640036798, 212.4810483021957, 249.80661669194313, 363.8343390721337, 229.6009890114136, 219.43440760978405, 22.086670787368348, 122.62997357201728, 328.62998548908115, 395.74855095951244, 97.3645010861808, 328.27603340395825, 417.73576869478006, 287.5948042701961, 151.4232288589078, 76.20140911444155, 133.3239669854274, 125.02470135210386, 207.51010776792427, 113.47890808082852, 121.51916160513815, 275.7543089660294, 66.75526991020213, 71.52859987726323, 118.70817379223843, 231.76216391590086, 239.07028440859128, 0];
wEnd = [0, 244.25482174764883, 184.46840419178662, 245.844956990625, 284.1199091174724, 397.1923731307926, 257.73716749640664, 250.24898638528117, 54.70386192028007, 160.51568819774786, 358.59261614502884, 433.4844931293486, 130.87762733529877, 354.56506319189555, 445.70061141262397, 315.6686993073308, 188.53080598743392, 113.51724497462088, 162.3317922687216, 164.63644583175213, 236.41868725227008, 151.9374659895491, 156.07061697253297, 306.9092134822399, 101.97718209731966, 108.15905605549628, 149.460979262409, 263.8531958226615, 270.10706920068344, 450];
p = [0, 10.797636538051567, 12.99867979315855, 21.381447127482367, 18.099495775846556, 9.364018771959788, 11.168574088816118, 8.205523657951886, 13.072499962687456, 23.873701937489656, 9.794147407810145, 13.533750745334343, 9.120727941559384, 15.164243471029963, 12.844782420000477, 13.411995067592676, 14.482715544365613, 18.55437667332663, 17.37597650330092, 21.99480903613812, 12.146585948684283, 9.774073657656588, 13.985890498279408, 16.0189062318877, 15.42351838882776, 16.098110292555244, 16.60142433144431, 12.32595993728564, 12.501186532269848, 0];
e = [[0, 1, 0, 1], [0, 0, 1, 1], [0, 1, 0, 1], [0, 1, 0, 1], [1, 0, 0, 1], [0, 1, 1, 0], [1, 0, 1, 0], [0, 1, 0, 1], [0, 1, 1, 0], [0, 1, 1, 0], [0, 1, 0, 1], [0, 1, 1, 0], [0, 0, 1, 1], [1, 0, 1, 0], [1, 1, 0, 0], [1, 0, 0, 0], [1, 0, 0, 0], [0, 0, 0, 1], [1, 0, 0, 0], [1, 0, 0, 0], [0, 0, 1, 0], [0, 0, 0, 1], [0, 0, 1, 0], [1, 0, 0, 0], [1, 0, 0, 0]];
d = [[1, 0, 0, 1, 2, 1, 1, 0, 0, 2, 2, 0, 2, 2, 3, 3, 1, 2, 3, 0, 2, 2, 2, 1, 2, 1, 2, 1], [1, 2, 1, 0, 0, 2, 0, 2, 1, 1, 2, 4, 3, 0, 1, 4, 2, 1, 2, 1, 1, 3, 0, 1, 1, 1, 1, 0], [1, 0, 1, 2, 1, 3, 1, 1, 2, 0, 2, 0, 0, 1, 2, 1, 1, 2, 0, 3, 0, 2, 0, 3, 0, 0, 1, 1], [2, 1, 1, 2, 0, 2, 1, 3, 2, 0, 1, 0, 3, 1, 1, 0, 2, 0, 0, 4, 1, 1, 2, 2, 2, 2, 1, 2]];
r = [1149.8922301257103, 1687.6487343504184, 1339.9120809883345, 3553.953527117667, 1372.4778522543907, 918.5155418939246, 1317.0804710713144, 1291.3856130570334, 3227.4879846857734, 1173.164072578316, 2342.3243977796305, 725.1319847688649, 1962.1025628160226, 1583.0484567037063, 1917.1041936696427, 1431.1485908010166, 1647.5813615719333, 2924.423024834152, 3737.510553418224, 1926.8780916982032, 635.1147434379892, 2352.486715220991, 1038.6484956349268, 1045.7097497198897, 2845.6032995653886, 2569.7294771234083, 1376.4289374057548, 1552.711317129723];
b = [[[-16.28409294971597, 0.6615136106614266, 28.729882607421068, -46.77242441493324, -23.14601918644188, 12.210926956514696, -7.410996227473651, 2.7841594675765977, -46.407737043089995, 18.072438340378806, -3.7623498390296066, -24.815162271020533, 8.634908341481058, 23.441845617716385, 3.5905058005621653, -28.13502337754232, -25.384334029008347, -15.286547719668796, 4.074691005577294, -21.652782531845773, -5.541275632794169, 16.051113405999903, -33.99937764562428, 24.543535898052077, -41.532164741746534, 49.143396015454606, -31.11153704649465, -15.115108309625102], [6.39328377060511, -15.407998374783045, 23.875035105330703, -30.233289935880546, 8.48691590764659, -3.985949295486511, -15.044511264509582, 7.1993576664976775, 54.95529307239187, 22.24761144458901, -20.083483418407045, -26.66904849808587, 36.53685257297198, -5.655959507440218, -12.25505270701588, -38.782416110642465, 7.429913764518122, -4.845109625557828, -42.051155623646984, 4.587036314674537, -13.333099172728437, -38.477691969696586, -27.412364275222174, 38.57909963991861, 37.832742086392024, -40.065466263309354, -1.8995519043480744, 19.507760628425487], [-27.241841283376374, 19.280033821818108, 55.4249614755326, 0.21421350870088074, -25.817692911826946, 2.3193805917565906, -11.100736466627906, -11.038196142563269, -29.824231900875244, 20.442181529140896, 0.22393106220086123, -2.057282051330202, -42.613490800876576, 21.89187776180464, -33.83693731057437, -23.46536327468111, 4.304487520685733, -35.112540323598594, 7.187604518162919, -8.138171075679576, 24.805817021693674, 18.483235899945793, 19.295668145338308, 33.41417957003675, 43.69279412556733, -11.486992364633204, -32.104880038805284, 9.84143734322217], [6.331834636739267, 3.450651674215355, -58.29565359668323, 9.858640087542065, 10.856186852641667, 0.140903607768806, -2.226160384230581, 6.323036015076198, -2.3267742478857687, 26.454916873566685, 36.430853009372825, 21.207190852096083, 37.59928491879148, 19.47089512938329, -18.265236886508713, -34.89444624959687, 3.81729987243154, 34.18214508448304, -15.238016714288712, -5.624834094309349, 8.114258323424519, 15.57891040922282, -15.086909429194613, -43.45609219609178, -43.288793728558474, -37.51484413912988, 6.7823192731965385, 32.656165822298135]], [[-13.222223944375253, 25.75686669374282, -49.50373375875703, 8.024099515848212, 4.83157568459765, 9.70372522038337, -12.458422617784116, 19.340374340187594, -5.276007767243221, 14.472813488160522, -2.6199222396346884, -2.5974458725421723, -26.691728896018883, 36.91806086145439, 18.132969271004708, -26.03718149144048, 41.60485492720785, 45.81404226029435, 30.855417765094696, -28.523539970870498, 28.43903803721322, 19.24653966971271, 14.611916386690714, -41.32461741603619, -34.468920023928966, -41.86519807793498, 3.8186436908995636, -21.8646022256673], [-15.242749291484396, -25.042247494403618, -34.709263433145956, 35.0327913996129, -2.089459409367255, -25.520901210886155, 14.18296838672769, -36.75273297486802, -29.773935438391177, 14.054074400694594, 10.065440700639131, -17.26710158720982, 27.029409611085644, -36.56553083029965, 32.22572861239082, -29.831019845202576, 0.13091144507059782, -45.863240275771965, 46.46720732319744, -32.20530610719372, -1.6865518954307246, 14.165810696481756, 44.162516564352075, -22.30360365369634, -45.60871559621438, -48.04284502237269, 29.03210379506, -13.091880054424239], [-13.600065585831002, -7.744739066309177, -46.29634542979633, 40.189382890497534, -25.41827246822142, -1.1769072541985257, -21.155299405459818, 20.49497309173449, -10.888594024850805, 5.436427793474049, 39.68848991307236, -2.267419672291298, 3.3008927349513644, -35.371592942502666, -13.793879796758167, -38.20221048562121, -25.136980333595325, 14.331040843298016, -46.567117084576125, -26.40757287516369, -23.158909995268466, 7.3424767418820664, 37.52918806026834, 18.13769094335812, -1.7329114918088935, -45.285544298257925, 27.573178137286092, 6.328251134486132], [16.707867523289913, -27.629088456625176, -5.992598683528858, 12.150429667897447, 22.19505474516696, 11.835648191350197, 20.514440208435577, -25.981196640103214, 9.287540684199245, 10.707198288697091, -23.67462023205782, -10.009819912830917, -34.558671477848215, -28.332367810292713, -38.486278039547834, -19.646034287369307, -34.17952414517667, 29.81383451305071, 47.44752213702978, 28.52077930378217, -4.757550472575389, 13.473691832996511, -19.88680125569735, -39.29551455357826, 45.89943016127589, 18.101938795346122, -18.11155525857475, -8.558710254945398]], [[22.786547009238916, 9.63673712133002, 31.49318641728553, -1.4016960347479062, 4.827235595705534, 20.4997253729689, -3.201922017863509, -26.049950463933357, -61.75090883313245, -29.276139785477376, 36.43822473328609, -11.311389628477798, -32.44680740102359, -11.291175339399567, 33.873608699657005, 38.552176710678154, -30.000165480271725, -19.464949491692245, -25.06683345267108, -8.801079928551488, -7.534948915153802, 29.728526854197757, -18.296392367360273, -40.94510141762441, 7.402729988435756, 38.44291968881845, 31.651802704223737, -21.473129744848286], [-13.431147466381685, -12.459769655084619, -25.11548769667309, -31.200668948481145, -24.36769143339252, -29.509179461988804, -7.298408083389955, 16.95132737111473, -53.165332068135086, 28.346546745900312, -22.70549009432146, -19.06309362063202, -1.4176330832338429, 33.27627424178527, -39.08574865294238, 18.338855733757253, 19.58404780424157, -29.548123652261264, 55.938802091754994, 21.28126320402855, -15.76145873931261, 40.60042759089588, 12.783132383963236, -2.6914210795887765, -28.453806374499603, -22.260705191910105, -34.250666913788265, 7.468706738042017], [-4.372434631654288, 4.86172718546193, -51.82695780225294, -17.19599160319593, 5.872354322099768, -5.650211827779559, -18.172666464070275, 0.20735433304829537, -9.326724468996598, -5.672844923810024, 34.27888703195866, 0.3546456134384574, 15.229519246117835, 1.6677203497074047, -20.527123194706192, 32.03445894336109, -33.07090111562495, -43.70893138520797, 31.41806358771521, -30.221917063264872, 3.441231525652578, -36.37197704284447, -23.882267443797204, 44.54470150938571, 36.13273518950359, -38.23700072343331, 29.790842354807424, -10.402257687059201], [-6.580575854371684, -7.438124681563158, -39.15450187338573, 36.450564201747156, 1.8895151480975076, 31.728731978028936, -13.76482111077526, 2.1398061466085587, 17.62049496781911, 1.3628742449985987, -38.681610973369956, -18.527474853963053, 27.15140581219617, 12.794770593403076, -27.316898210972102, 24.528030003726585, 16.893215988397685, 47.41860198986804, -5.4074317132695064, -31.93771138277844, -24.03570161120614, 1.6946552323129322, 8.389789675112375, 28.238114985398518, 11.76685055325051, 15.576512180367176, 29.278010817213687, 33.4625325769724]], [[4.276474185444588, -34.326584682127596, 50.426199806836635, 9.049143542557717, -3.4901651182572624, 27.043664598179777, 20.66867401342647, 1.8316597524696923, 67.17210833582665, 29.103154723797342, 6.807923287382416, 27.30821064789153, 4.168821437383899, 19.7153960546276, -0.0517242018640518, 13.104351539429905, 42.485105723051184, 17.453527886549544, 15.18742421536071, 21.230036183762742, 24.803099585343436, -9.398808676898765, 40.17577469988744, -15.49527244367075, 22.3168814420064, -45.9359967057736, -6.086893331947768, 14.548023314373225], [12.059811195245064, 12.027106302414303, -33.87064073894481, 28.595966106455, -6.074357881563045, -13.420993681759642, 23.106006501684604, 12.571615641793628, -11.373687127602441, -16.54884552027553, 27.746017121475635, 4.673719902736266, -19.539639639771405, -32.960312805382365, 39.420669925880794, -36.35660788494323, 14.674181812913874, 13.466243405835714, -33.60566242481004, 27.066797083977534, -22.69225350833329, 25.04664378608883, -29.09109815297034, -20.995142631425765, -24.35333926391947, 21.10694507972405, -34.38132383249757, 15.346958142417956], [15.134904194400141, 6.694883831020546, -48.44726104192202, 38.63425219664122, -1.5323990596638517, 3.1184826356502233, 20.521056836397218, 29.21357876323724, 11.686735912917781, 7.491898234457131, -18.022197809781236, -0.488780785699813, -0.2553786622827464, -8.7967251000165, 16.28189107684972, 4.494251232624394, -9.553956001619161, -33.63180187911616, -28.397849254434938, 19.84695199960346, 2.9088358211645833, -36.64882522459084, 15.05905248785414, 3.545635298566772, -39.69492973162638, -32.635837315858474, 26.110700527260146, 23.586618126854706], [-29.10338508129015, 27.42676890244948, 14.09740817481432, -21.097454366289334, 4.5353079399103695, -25.592785322666277, -11.714223091654409, 3.464590394114923, -70.22689540635984, -21.968070960759167, -19.08097082747067, 1.6699798720599768, -6.091568348763511, 23.825613333103313, -34.76474137275991, -23.764405972078745, 39.96627566804977, -30.791477576965242, -65.02712516783068, -16.855345761981035, -20.257853889750564, 11.764272144427416, 10.331560980299999, 25.935979979770547, 25.671819726553167, 19.34353118775886, 33.43810188966676, -17.836518976210836]], [[2.6127130648131525, 30.407092444102638, -18.46681476870426, 13.494300982990012, -18.454150394651162, 25.209076478361258, 21.047939476989754, -37.88614771638096, -38.51040487796088, -19.493011160463364, 14.254534616853476, 4.390888648337266, 22.718340924083474, 12.108034268773125, -18.588824238481884, -34.512143852813715, 39.69857125471726, 36.67101713448226, -47.65514772905479, -12.151344357702358, -23.231538919751472, -41.6326101040815, -25.680076748436356, -11.350575734057308, 3.4390863905803895, 34.59465416756772, 24.00256670043474, 9.536762676095968], [7.90613914781147, 19.62994214544225, 13.21764721134125, -48.31735671545433, 6.560268790645038, 1.3674378768634794, -4.602202270303346, 34.67719827891658, -34.8274147751007, 28.07961220552422, 22.667490432091405, -27.0685710760826, -4.970376831826157, 1.4195590574981969, -18.936453586136363, 28.771796390499393, -26.98188691059615, 4.7069394398504825, 20.972132999720607, -26.147989491296233, -13.624438704422456, -41.56675232813235, 44.79761383860787, -22.60578339516719, 27.55545584345029, 34.049195786355085, 7.896617265507832, -4.101444732426338], [-1.8920151529371394, 14.316283200600134, 27.15370834632042, 12.214610023368015, 27.251187725832924, 27.255691965829424, -24.55324830116812, -36.69468084600303, -46.57630956522605, -6.895794118541696, 26.661508965197264, 9.458251363914187, -17.02642976491304, 7.402547458412858, 1.714899165443314, 36.17549791649082, 24.587860526275563, -37.31508086897293, 45.10119597460751, 1.1207154923764493, 0.13665183014747628, 28.842153199834804, 33.64495406435718, 29.69956281541648, 7.820945204435755, -48.75167893629789, 13.858629186872555, -7.399044373757575], [-14.02606695901778, -7.389365587947265, 59.67476178023256, -49.657218099801014, 2.7479365247004703, -20.023537094156413, -20.354021867045066, -14.78147683226864, 63.16747572243297, -23.76464511043564, 3.2755625255834153, 24.97714269147907, -43.59348645070426, -5.6153734255797705, 6.178347796826248, 21.43290571701705, -52.58181785007996, 46.44386183693906, -45.3241854861519, 2.315091461638013, -8.696916876876255, -12.367165281725981, -26.42328440362619, 6.549131718539832, -4.8154623224004975, -1.7831800270982794, 6.582341566624238, 0.9784927367956486]], [[-16.715844673822865, -20.352741256749766, 44.335108116114505, -12.211840104300437, 19.124423821716796, -6.15804269489, 8.197134177950899, 14.916203825058897, -7.330063277634798, 26.60241143470873, 33.4419040291958, 22.929430273769032, -42.681596643052856, 10.186316831492707, -7.5632206160681035, -6.206260693429815, 25.487096556501488, -36.728885946815645, -11.752124345059034, 2.806069947316389, 29.182149541030995, 4.035544920678824, -29.146008101698705, 9.58227424726723, 15.620350501816548, 39.746302815133326, -29.75438964337905, 35.92912380686292], [-1.1785430073851841, -6.0181400442912345, -20.44571400726017, -27.87747493808338, 7.992576330160412, 12.94725619899518, -1.2141411038760284, 15.773474604369111, 70.17102598486495, 14.745984150312738, 31.951475180204444, 11.37744196994259, 22.44793765297869, -17.48644919096505, -26.337112911984214, 23.78995519620159, -16.16933791033614, 51.71934515507673, 33.85126706388387, -23.880620056833273, -0.37641550098269316, 26.91475006528795, 31.513225292564183, 26.88479150156965, 37.735055265933234, 10.292747783993724, -9.859286063449817, 29.56886144450069], [11.822972246494258, -12.611075163509712, 33.376092471992294, -14.489483077259367, 17.76233192577536, -6.86902846619478, -4.63844521852195, 34.96667468931913, 33.800174330265705, 26.673088168724554, -0.9593233108928569, 22.594314216006488, -9.833454264183148, 27.431999297100344, -13.661148242516498, -30.288052987788955, -9.52743858450605, 8.293530255359174, 8.650844724174346, 1.2289904188689467, 19.582078155218266, -11.82235554029141, 11.437105987088808, -8.75422099835465, 12.432956775788343, -41.75971205206252, -7.1079226624206235, -27.444300850419275], [-14.682126748406084, -28.78481325267814, 59.52360806383131, -10.130272734870015, -2.7673395809693417, -8.931350627605646, 1.0254657809214305, 0.4768972919043287, -20.44918042681622, 8.840154484749544, 11.512619066599616, -16.753295170776163, -4.228798727100346, -18.467302162392713, -22.828577399559947, 9.35468246797808, -13.697124170466704, 31.401939583055437, 14.859104767650415, 7.7399809351980045, -0.6576276347109127, 3.7384308489185427, 45.79898005791901, 34.404636332751735, 9.049942937492737, -48.828043482451456, 16.162047089977793, 19.350557600598524]], [[10.376838957996695, -23.754122208087434, -14.014966470073597, -47.86708430769627, 16.2041825282103, 1.5103491664502324, 24.091228861235656, 6.81640970690832, -65.50659083062973, -22.69279158072146, 7.524826636941542, -22.06249798214448, -4.554196882646621, -0.6055488413753756, 13.477458398413976, -15.96543048730811, 22.577926290225278, -2.8435891578965293, -64.14648956434719, 5.6431156562217915, -25.431759586188495, -26.481549543181213, -23.222549197495677, 3.0687675280594626, 24.208124005808962, -22.251718892250715, 13.385057220183931, -30.733500738516902], [-28.70379391202453, 14.714338355417032, 33.775400823413854, -51.55284061945046, -9.087224736961344, -30.547000535569826, -15.759960429899776, -5.309983948949782, 19.84121923223759, -20.570146823059197, -14.256980828795852, 1.9576867471426471, 27.83616091333041, 6.3259362887517625, -13.842018308743059, 14.603940239024636, 43.07896469443122, -19.787093362629253, -33.87269064805463, 29.583484356693205, 18.24840729717534, 40.078515847931826, 14.28237140139043, 18.95462045057919, -10.569003098308979, 3.8253136631239992, 29.828311383521953, 10.218819508391809], [-15.59640654786392, 6.865959408486736, 17.442195865885804, -13.419580668397485, 12.939364092037446, -29.084368515803106, -21.708834999850808, -2.5818632348587687, 53.48208671749126, -27.343790650406973, 19.094771772600104, 21.23450048975531, 11.374997515572039, -1.909399860202337, -9.488563906549796, -17.958027917413983, 41.94959960619124, -21.43419727483422, 46.28121695014345, 33.0359236449165, 9.988814347145787, -25.641328742465163, 37.24448786594856, 12.58669343899105, 18.268465503354232, 11.431233392238813, 5.289483875690353, 8.269488571098245], [26.917557269864957, -9.679200642751717, -58.53971851370332, -4.618836457492761, -27.827688448627367, 17.722228717511353, 13.66938414890466, -19.9139195872058, 14.092745308048684, 28.32692338352882, 36.942623794624765, -25.3271554606753, -35.24154294943109, 17.83574164092226, -30.3567056311678, -39.71078629312243, 34.03481211365729, -23.05159480322022, 53.859060099082434, -27.925738210460246, -19.45247105446325, 1.7968678246785517, -15.154085681529368, -11.252591831030655, 16.17924682122067, -30.971385621633615, 11.845683739127049, 34.77083501291475]], [[24.160704697391118, 29.81064571771095, 61.08687750628598, -22.709453898908087, 3.4753243841891535, 9.2844307156925, 8.832359316352585, 9.9222139423193, -59.823112048317505, 24.112452600970954, 18.39461790649862, -10.52850397616438, -9.567624241709119, 6.6533172306274935, 12.20464081337663, -1.722295380295455, -49.6823551943076, 40.23844469820706, -32.29318611558633, 18.719131237537226, -18.39691699831005, -3.429840002325265, 12.125285418335263, 4.266778638617725, 8.024700570811165, -23.66746563491162, 25.395439948899313, -10.396986462763772], [-22.44885611440546, 21.747345870682416, 41.185361119527435, -36.15888810052273, 16.26334513357015, -33.41489364064078, 7.798330174517351, -0.4616332242716294, -11.476171999007876, -5.782747192585913, -9.286514959989212, -3.247923146249215, -32.338830283443784, -6.445200133890689, -9.77264195074099, 42.13551471654297, 10.3090536641776, 4.495620251684664, 36.965130352899386, 3.8047462467996818, 25.872074263942018, -2.647276506696705, -44.259903096355195, 39.68108298490355, 45.57230637994648, 4.310193083023073, 35.35870395848215, 1.0170870324118835], [13.270871073596371, -10.819655709737845, 5.984202055114011, 28.15199160567155, -1.8312851852354448, -15.815478733639342, -22.956097895077896, 31.683168092090153, 41.23309148552678, 19.332121840737504, -11.773704185685158, 14.659614458500862, 15.655316967321474, 15.385324391812793, -6.050395383976851, 3.0252628225643723, -48.09440182756063, -21.976157842296114, 56.378127768298285, -12.43649901017061, -4.437636974294267, -21.756602588794845, -18.96250738710143, -2.762715315238886, 47.77881122187505, -47.46848247779784, 29.271207409668005, 7.1546404017515215], [-22.89824141808436, -27.105144167294668, -1.684846590610206, -32.050892168701836, 22.431245676262492, 19.408119717946445, -15.69557677957762, -5.601399226881881, 18.224185971956878, 6.777083934402995, 33.35147246413478, 8.2304464710618, 22.38185765441713, -24.919510099443734, 40.1743728970616, 0.5195578760843969, -53.93364987012834, 34.95026404251737, 64.17384110391873, 27.394812585337565, 21.94031137941071, 31.383734538695172, 47.45050014632512, 37.2990721138717, -30.535964007335036, 4.237249191854134, 11.111800035180853, 13.175103808347545]], [[-10.129416025116406, 16.036518718382965, 51.03233136805453, -2.199881514144644, -9.13196134629746, -20.146266170397002, -11.473982090685464, -7.523671668097103, 9.881833931507394, 23.54477260353758, -39.300341935708474, -9.334836439077426, -12.055653045158058, 30.68226251571932, -29.171364712472887, -20.324434212151235, -41.446454267229434, 18.784713022270324, -25.561262552270634, -4.500087343097743, 25.313370762132333, 28.45566931598243, -23.900720590654497, 10.461473251993826, -14.48864925254938, -0.8098028104602504, -5.059482450664142, -32.978930703972026], [-2.1794474491988884, -2.5376640188428916, -26.637335235578707, -30.06686126309123, -9.979316931367295, -0.29199696563103233, 17.676316544883967, -10.8384506371986, 33.41307472333261, -21.62247524227029, 39.97882047731372, 5.7838117475404935, 16.316823604104663, 38.3130711254903, 9.042657514966944, -30.877393527034773, -29.96326828220049, 46.21279117514345, -28.380982573647007, 14.643289773866947, -29.00398916548549, -22.540267589002426, 36.472920464174784, 9.026216170326487, -45.77899966171516, -11.1096401386902, 25.705359466240495, -17.067449487289352], [-28.207381770629574, -21.874974127764098, 46.588822225093935, -3.26423106151228, 9.033781237256388, 11.366673881583928, 5.525271518412588, 3.7754821675083057, -52.45155316279235, 10.021041526543376, -20.695812100880175, 5.138036114181186, -41.86941931265526, 35.357603198343504, 12.487057852271072, -36.50124832759498, 17.588583685447603, -28.294556899763794, -40.343631179510275, 33.086276235361595, -26.608974895316933, 4.988162796557618, -7.866249984646637, 13.182649877869423, -2.194528122116501, -6.6032780086649625, -34.22671059203428, -30.76915461378749], [29.488290230188607, 36.04717428110582, -50.36426571979949, 19.252886320945414, -14.398839198955075, 29.812027775834395, -12.080478963628332, -24.79129218305446, -66.1296226731473, 23.35792064835153, -1.8476991493258677, 3.885870875606673, 43.13877527842251, 6.895203863148681, -30.30402248107059, -39.4115365098321, -28.791087944786852, 29.15201148452982, 50.5752751397459, 20.723304940074467, -7.715651756724111, -33.62711579000651, 4.523750811039739, 36.631725823396316, 32.75234389891322, -26.008528408936005, 29.631084229615265, 24.452248482507343]], [[-27.70694117806628, 29.36708058739872, -7.50839580256846, 10.781465076504457, 12.166489706787303, 1.4702620185703101, -21.107138447065154, -32.67272115860926, 2.3483664401387783, 5.00947843025666, 26.494137685596918, -12.419207032417, -3.9204808756521503, -27.97431196557287, -20.668145314648022, 3.8621199746562187, 24.554667075296454, -6.212654465901924, -52.854861400899196, 9.121559238559307, -21.431323366059196, 24.699169105252103, -19.247875639165162, 11.120699538000167, 34.82439987046723, 23.136000495725643, -2.233217197203631, 27.60341878573093], [-5.007669643183673, -9.965231932096087, -1.5378357242889198, -43.388386495459514, 14.003510997306801, -30.332779119853978, 16.528121946987966, 34.480298210201404, 37.457939772284696, -27.109585300296025, 23.77697306738007, -19.235794056748233, -26.59117864820577, 7.3897468951585354, -15.527984756333002, 32.27416371182629, -37.76609971640405, -15.640926321906623, 50.127997601562036, 4.665649360232355, -16.498122679344466, 15.928226355542918, -31.154251407822294, -27.257130526727313, -1.5069081255127494, 7.463966697431705, -23.38280426091852, 18.940302944290767], [14.908340865513887, 13.298769216186695, -5.647759446349207, 28.769962452373992, 2.561910129329077, -6.9438932462123555, 6.387827439690992, 32.121089544228894, 54.353491333416734, 3.1571435393241853, 20.086008479150504, 4.267552290299337, 40.16658446293706, 37.5909839706707, 37.77280929877578, 11.128239559272169, -2.0365700256674923, 18.82039792901038, 42.71293847553122, 5.042359448356997, -19.627964648390687, -21.273963469979517, -34.280450642755525, -36.45489148361708, -4.5022711214409865, -20.214018252025937, 23.230811030125707, -33.13890062038727], [-13.38683536493572, 29.250348077338163, -35.522884369264666, 17.44252698304075, 19.465876471285004, -20.234835709365708, 4.355399892566409, -13.983993150449686, -22.209810871327488, 0.11331857230319109, -31.364590068228843, -19.946029350806448, 37.872847213469264, -21.271975246960533, 16.452619742950976, 1.5365858918440136, 23.78823479283595, -19.204133145698897, 22.792240793526254, -28.89876431727308, 12.766183548146167, 37.86166702787355, -24.525811184500146, -13.192388441926598, 12.138610624667932, 17.298867117085297, 1.7691352585680757, -22.663252503542815]], [[-0.4928656344837232, 27.36209003839648, 5.125419137857437, -9.951611751792996, -6.082993142662643, -16.362904611014677, -12.142298285761157, -19.201712163264734, -47.957196935865326, -24.121384334190235, 28.706987102390656, -17.390764440582103, -10.431919567126577, -17.201648686898714, 19.58431693410157, 15.663904844878399, -30.685395202299123, 37.643009530599414, -31.62010297387767, 32.626843784927544, -20.67894094336935, 37.10794467797476, 34.09519213365921, 27.647930970001113, 30.744576610675878, 11.159028398691094, -34.869103406802274, 19.535795028236308], [8.24602313454294, -16.225610069444784, -17.8552079513027, 45.22324702327007, 15.14677318083843, 19.740137031721712, 0.5746069531065203, -35.05807300176941, 30.357760658041922, 4.688208600547663, -36.095740293910005, -9.485149992412117, -30.45560003439089, 37.4073720547538, -36.885909794362966, -24.640904001017358, 46.92762565605097, -12.59645369451214, 52.29728745902118, 36.14699848667452, 16.270980283131003, 12.298676041543851, 38.667483634806686, -21.225304353282077, -26.31015380184196, 29.136651689105907, -1.6324374817076857, -28.764959593607145], [5.491706202476998, 3.430550359493553, 53.64392989093236, -46.93722737450523, 18.071906463104256, -11.372042169497496, -21.803059453470144, -4.505750257085154, 64.66021615920185, -9.26712228248791, 17.085961871633913, 10.852781629235178, 32.50915840077886, 26.08768372245052, -10.104097475159119, -10.270609996694615, 27.009574252552568, -0.5211229833032821, 2.144331799957938, 16.708184855113338, 14.65521456507492, -0.04845035039678866, 13.573067884184862, -9.407684407138362, -45.42864450307236, -9.203549277100432, -5.943112242657266, 34.806041680370875], [9.961802776458516, 38.60755992585371, -0.7909933161392082, 6.3230429223243405, 1.7707501649841206, 13.16655122161805, 3.1085748797735784, -31.79406341755213, 70.60455468288521, -3.199458548714591, 25.478763935967187, 24.707797930093413, -34.47056821153771, -8.345993858364196, 19.136671318782632, 40.184490621277575, -5.3779177380714085, -8.377517085421397, 62.74315271970072, 20.69589120244892, 27.341431359764908, 5.572585340078803, -4.802182830256192, -44.49921293417097, 17.53746520152418, -24.290687901787184, -22.517913869707375, -7.558301681683667]], [[-7.0037415719804725, 29.96418011968842, 27.601574145375395, 20.41298566179179, -7.68259212970038, -5.806819282124324, -5.3042866059053475, 20.63674880282904, -10.613080530808633, 18.874601144842934, 24.9820141286008, 10.245873993924627, -35.675437172994826, -23.71881842618824, 15.161628687252545, -7.016686795250731, -11.615255816283607, 18.64391448921186, -64.15268820387043, -21.150295392746806, -22.238457082825814, 11.07331009885355, 41.44012886825612, -37.284330520513926, -32.93029170791984, -15.392909546164475, -28.34350414537169, 22.32041880055425], [2.3581605088560664, 28.334926245535883, -48.048009997759614, 8.583237714129183, -0.3172648186405452, 20.30519379587352, -19.583204269415283, 28.771095758336358, 17.158651446595968, -15.244717772327794, 11.804057603967303, -16.45435113674927, -41.17760263363645, 37.802563946878706, -23.992715550716113, -9.959713327468034, -45.82215431571764, -21.220311017107296, -25.938312189476985, -31.486993057509014, -20.776301050304085, 19.860080671685978, 38.81745037200815, 6.281671005233606, -19.46043401899372, 34.693827846026906, 13.558769211834488, -35.66713259430382], [28.756483090205293, 4.861816595912865, -8.418594218902756, -21.463401048638435, -16.606202648155524, -12.295159197513632, 11.616980396564935, -28.826599329042335, -51.101119379245624, -18.292326972962243, -36.05106706085105, 22.050491792013904, -35.654569572397925, -18.677908596072115, 38.99106392729491, -1.062174390590875, 39.94731175733879, 14.289946803581714, -58.72640763542961, 22.741211737810303, 17.929873499676106, 27.012585562849665, 8.10109967611983, 26.66868698459635, 9.293127780280498, 37.073854261011206, -8.45065418978015, -14.491525007278247], [-16.776867829360445, -8.985592742920499, 4.08923958186244, 40.89164631770868, -7.492756252907153, 16.164716246269904, 18.490510656142064, -15.178437961247129, -67.26198849982724, -3.0567533245319276, -27.998196681826144, -9.435359656319763, -15.066489375584306, -12.994759512428255, 24.866209337960825, -24.030336021135504, -15.63739957793849, -9.090441176937874, 6.929842463414225, 20.64671679461412, -28.642602888313437, 7.7473200648488545, -24.349643783108032, 23.24378824261665, -11.459673989992867, -40.028305847646436, -9.0875337454612, -27.53180926437462]], [[28.16937530328361, 25.567478859970123, -58.614031889100325, 52.94713477636147, -0.4150426960927295, 14.986730553557603, -15.311046683806667, 15.680411807374627, 30.329351363637013, 17.383840732245595, 39.39225778420361, 2.400933102311783, 11.875378166846875, 1.075064236381454, 7.362511292400752, 35.80693750504336, -34.14340125486579, -12.722363320526432, -58.253148854283836, 8.360199934473352, -5.656267527759725, 8.086892337896064, -45.44111297128504, 41.84515637071759, 11.8493834309577, 47.30022475150754, -15.656785987089355, -32.58018583278923], [12.434353538642162, -17.345074445790527, 46.80840880932792, -41.1536646855977, -22.87512046348374, -12.433550757159171, 17.138613428685687, 22.302158387966838, 49.18759002323318, -19.93963555239342, 31.512130819048238, -20.120355492824988, 22.73765721794511, 2.0003814218017095, -1.6859516933124714, -41.20238490588568, -4.267302467852111, -18.059693162977844, 51.76751093018442, 22.170162319295088, -0.28641423904150026, -11.13128845959476, 40.719559886060125, 13.928245953862175, -22.00217030367475, -6.383135554718296, -22.815378996193054, 14.374774269150928], [2.6975897366734927, -33.462029005613694, -34.997238912865996, 28.22173844722053, 11.49493642616026, 27.060194308112127, -7.485479917598876, 0.5295121482010972, -17.167159663115708, 3.402508498362495, 31.221355531145885, -17.83275855481086, 31.779502844798007, -23.73568243291793, 23.434839268552242, -23.685401898388346, -10.617325107448234, -25.609473603305172, 53.21913222577359, 30.758225274480683, 10.7906573113148, 8.653848889637603, -25.98537646087516, -40.64364285232262, 24.567659756095832, -30.629000297197848, 11.257298357957557, 3.171816853604147], [23.918298395671556, -20.88239980579961, -7.073525054278067, 24.76600273360558, 25.358340964848967, -28.08524751158729, 1.587272282132483, 38.9628391897089, -6.966318454253141, 25.095533684307675, 37.81281485973661, 6.365135633594437, -7.953969870935358, 22.52488708162765, 33.119585642842175, -19.881117370670445, -52.258893227510626, -20.368107790413166, 26.728809494865633, -0.3186961037132645, 22.395651619868367, 37.185328855069265, -47.37372959576894, -23.710746941289415, 25.47054103233744, 9.091004284618483, 14.304856776782866, 11.337902434346177]], [[7.142889196988585, -23.94194765348364, 16.441633833341275, 45.487667755860194, 7.294910758602471, -22.71376681156328, 9.144941426593176, -8.01145166555515, 45.983640315632435, 25.472441646596824, -18.6897571643735, -21.916835481635896, -8.476120273446174, 16.026162979502345, -8.90103399433032, -24.89482797745791, -18.941129300230823, 26.703791291273948, -60.84099164461313, 29.56418310616289, 9.60969067960378, 20.794330747664013, 18.864312250087433, -29.68260838222534, 30.911868214090422, -43.187333466903475, -27.335847598913933, 12.865553370158612], [2.6616709337442104, 38.08378003983428, 3.451624495408267, 34.14196698350377, 5.417031830875392, 17.153503917879863, -1.0042637236975946, 27.301877367562433, 5.196480511657868, -10.528095954377177, 5.525462950384378, -8.525423262201064, -30.351824694110885, 36.751427047945135, 24.337121510653645, -30.20736328324106, -39.68141323902035, 41.52895475303704, 6.794982501912622, -6.7586096656874455, 28.450186691925772, 37.098220300817125, 20.897856347411736, 41.77067860791418, -27.33680818200528, 17.919167641940632, -31.49492816559724, 5.16339371668904], [-19.209792190391926, 31.308206684020583, -19.152683620000715, 31.827786874757933, 1.9687175202231852, -11.552241254472936, 23.188964429437423, 14.171606957988452, -22.67695839980432, 5.645723399971637, 9.850730376188134, -27.01308171884719, 24.293099475492696, -13.080500430386572, 20.74650012921723, 26.444229354669936, 51.55864441741439, -48.14696244879672, -43.84844548206736, 21.947811850663058, 7.9995915805988655, -31.351133719542066, -30.396455745892922, -41.81442736916868, -29.913485396540413, 43.386885367869795, 12.766808036044216, 19.083295931025233], [-1.0635687114068944, 30.336538328347356, -4.520144885431027, 31.866462618396117, 1.7639492974668556, -19.78546228680693, -3.078466810219191, -18.805904192589065, -70.05503168350914, 5.696575765728099, 33.00220750792583, -26.500367417825537, -45.02373367995467, -6.544023621785913, -15.554527796031206, -23.80321692700194, -26.408725729260716, 12.489979427428715, 5.789401893963701, 30.734413513363453, 11.695801817264126, -39.37354618583911, -16.652490121372573, -9.42632540386122, -47.917770445668666, 34.78261842641439, -18.28824567012484, -14.513455382749836]], [[15.762643080386548, -9.651108808585043, -8.013919782594732, 11.29472355843425, 18.62456165479417, -18.837225064060505, -16.762059461605666, -21.11561373016511, 13.179160392380597, 11.114303550055581, 26.087302259208403, -5.736749121810705, 44.13543808738581, -37.814342225115375, -29.114109607030443, -26.101246167030588, -2.0857653944124044, 35.01066200985629, 8.915730569088387, -10.801189740880831, 21.192789976391964, 33.380872677222875, 13.56694680747051, -42.283432280986084, -41.71523210959687, -28.049225515662645, 17.346490613453202, -27.550977362231777], [8.990023598330183, 30.058110109981268, -1.802182799988534, -31.66621694208109, 5.950857662203588, -32.636130164778926, -6.165227026517607, 24.332610821511043, 5.19766872454479, -3.5203560187093568, -17.78788882864849, 7.050469217548315, -0.5040376531207369, -32.255424155411916, 1.367950858236061, -25.18499868248004, 38.781552802862535, 26.422643715209322, 25.238931007603984, 2.122117333454993, -13.510087755833192, 39.267345192705086, 4.139226498697089, 40.220332322074086, 18.842601861236055, 2.526734415962136, -1.709533185122887, 24.95183911998848], [-20.16995673692921, 25.723280455792498, -8.820740526387612, 51.55670332563291, -15.033245003520921, 16.085556724037456, -12.461970823364826, -38.86115112497702, -29.644892841616397, 21.648040572426897, -10.041508112245225, 11.902605661826835, 32.19183932703288, -36.37693123983962, 36.95151989685311, -24.82668645744122, 38.85441726222119, 14.80817931949474, -8.924041990824756, -16.247121055325774, 3.0632578190471484, -27.37629445748785, 14.252665552112106, -15.828667657354362, 47.67472476379021, 9.361440214354404, -6.309638161707542, -17.899418254813863], [-20.250454697931584, -17.533643037539278, -36.93731700738185, 1.098493308654458, 23.787441715569084, -9.213511355468164, -1.1686729633493913, -0.32948662197440554, -61.61936955930732, 14.841761725146261, -5.3804439118753695, 0.311191264949809, -26.646769954757385, 36.84124881229694, -38.42272572304267, 34.720916191968705, 23.655064799220263, -17.235345650564792, -14.78640698925056, -15.566078070190104, -27.88683939207135, 20.216772382703905, 35.24827541504437, 37.9299266472568, 27.1063021489869, -20.633859503193573, 32.773897134716485, -20.239633913978928]], [[25.003412562893644, 3.7484689897407804, -2.9015358483514846, 11.319201193298484, 19.413021142882627, 11.140684507283138, 1.4506200456480454, 32.66280905971319, 62.84668395444596, -16.6653143074489, -40.18452139779707, -23.851479946914566, 3.6458304405886737, 8.538327273383407, 38.71274736731798, 23.261087138571536, -36.3651965544358, -7.716266564216389, -58.73352092529216, -16.11946693081833, 20.550361755140404, 23.817686817864367, 13.157440117120231, -2.287752245041604, 25.055938256546305, 46.80894826620412, -31.141923257385397, 10.36382414839139], [-15.948375692860498, -16.515987892295936, -31.20651746231986, -29.435082194815422, -15.861564326157373, -8.3020736012395, 3.693101400791045, 32.72499587695134, -29.158154467490743, -5.004929030298483, -32.18957590617586, -13.078476763217441, 35.26091009519704, -10.629637602529415, 24.77658710744073, -22.042074466632695, 36.867791271887654, -2.3912993216987024, 43.80963967590458, 0.20129006399783747, -19.42122285818833, 37.956052238775285, -3.5747238632939955, -45.68461096107157, -37.07665447441034, 12.825007427867948, -8.480269916636908, -4.632916067936402], [-23.40399067768488, 7.2500420764184765, -5.270456024860394, -7.976065035767547, 27.057761421140924, -16.36502621205616, -3.92289692246862, -29.715247609561573, -52.69887109614876, -20.70492549585146, 34.01107988385752, 20.580289699390512, -41.822939607479924, -10.495397547026336, 6.649686942085935, -39.25078739650997, 10.06704512052265, -35.62342364417947, -51.29610011797441, -26.13758846914996, 9.121450317063074, -21.99574708186811, 2.3453098038939038, 0.8035576177537767, 47.972523656633015, -29.010816572812242, 19.317162111549692, -27.969818096060926], [-7.4937536581002515, 16.52913824167039, 3.389497167252394, 29.570609006536547, -1.9597854278961544, -12.153285322075222, 9.199034229445568, 29.213756455280098, 31.003449967225784, 7.556957069014639, 29.20506796382659, 20.035704463088155, 27.30216462435641, 19.297617137592066, -18.13518500859259, -38.06087642172026, -28.6321079334152, -43.590813280413556, -50.28057794252045, -33.116102242748575, -23.347799790241147, -22.414276237573905, 11.31539976024393, 8.670878965842883, -13.909182437630651, 27.076771045159088, -11.158061950188598, 2.2163768320553334]], [[-28.241825130134924, 18.718317923437084, 38.44914797855833, 7.433523612419963, 15.323146377837912, -22.010243231891, 14.68872552661308, -24.332504490246958, -21.805296659369553, 7.329395302555169, -26.50128713457589, 13.653208255451831, 13.298411753821698, 14.969230941223474, 17.35516253245071, 7.5118370068986255, -29.267216874659727, -35.36913457255776, -62.87337372307675, 18.61441614896459, -11.96656910069255, -25.764546799285533, 27.770055259700783, -25.626100757013507, -34.508139981395615, -29.509235812147523, 19.364165642073935, 21.260041984729305], [-0.14439318970467904, 13.73802996737478, -35.1481787097586, -15.505159141706153, -7.5688743065763, 18.062206848534327, -18.169027214912273, 21.553558161134347, -19.58476477697117, 14.578424025827474, 35.62670412571635, 10.784825653619128, -1.0462763968595337, -11.785284509456357, 23.695867730446135, 21.397200090738515, -25.63007065144179, -29.994163285684664, -1.7235273474869814, 25.98686356890323, 11.107736601423653, -38.73325821156412, -0.47439456528678403, 2.9564736371535236, -31.823981984479605, -38.58453818694719, 7.409756778994142, 10.747061346073204], [7.122225741236665, 2.1972424378392503, -54.468129615266676, -25.476136191422395, 19.71910674223079, -18.198881743920087, 15.418319995545927, -32.89567605533527, 20.124485004388546, -21.961131308617116, 16.963735984672773, -6.145923356550099, 25.899938570293862, -28.54790176812867, 0.7970177702069283, -21.22907778929506, 43.722757491777635, -2.3068875385815852, 51.51453183469214, -30.87720454497948, -7.971218767183272, 31.619061583609806, -13.599327248944626, 33.14212851732229, 22.69313317297238, 35.86290705050674, 2.6262416040878858, -22.633519372542956], [-27.005224187739238, 10.489856552373203, -47.53698668532668, 39.31387332546999, -10.691416526330118, -21.63514685987988, 9.609236404327975, -34.124028598181404, -53.30552060462891, -19.600623587581794, -20.263123195124802, -12.233300356359061, 39.62491449012656, -28.766322567965815, -6.512206847016665, 20.872781549480013, -1.5439625893631344, 11.353917933217447, -47.75737054387634, -29.18667737257417, 4.88645496421885, -26.35796123901433, -3.3403501354428116, 38.31210282468756, 32.526536740922666, 6.541775933115061, 23.598918031020947, 15.41931152584669]], [[12.836114450948314, 4.822009814531699, -0.6648114654941708, -11.763573060461663, -24.262589572030446, 15.620078630531795, 10.469315426524277, -11.554789384074017, 57.10955738300855, -26.510568852099752, 13.873744838131552, 14.063091862780526, -29.012180266673877, 5.5438874387951245, 12.405761531954333, 35.841321047790906, -48.023227550866125, 4.940490332276308, -14.578617851461937, -20.976725885993947, -28.550510563643375, -1.6634795890509537, 23.149616920893035, 5.792079919859515, 47.85841393731424, -21.467654524384457, 33.25055568599457, 5.717968298961234], [6.52644344637024, 25.96428515722297, 45.44386286981913, -47.92343079481815, -22.568223825910717, -20.907431011371838, 5.137896802821982, 12.518485779275014, 16.251284734374, 4.494835938310962, -34.442755138662704, 11.32854271102218, -31.472542302296738, -9.5541285276263, -6.162520231737658, -5.4676175821088675, 33.66027625866819, 27.68464988486643, -35.12519463677792, -1.6062215558717976, 12.953337711946391, -31.87044086647984, 34.00900639506051, 18.031150082770594, 46.7496791282453, -33.877849700738814, -29.06110919967669, -3.84030030113701], [-5.14573254413217, 26.93877989010019, 14.157929355493149, 11.850114453326244, 2.3745249046981014, -23.67598816116858, 14.838107798249252, -26.012817416846772, -13.804305439910115, 21.459743513797083, -0.7256644879480675, 17.9352338825347, -25.082627145704517, 34.53189766122403, 34.47221224849595, 40.59241263844514, 42.97209959323941, 50.82304484598076, 13.975265083751758, -9.815761070474904, 6.390694820175021, -15.15314041132273, 46.6801960293055, -27.648243663503365, -10.446976072643793, 26.10616220947756, -13.558543890083772, 34.83554692293387], [18.511435930954732, -32.260523106620326, -18.477275687430684, 7.4305893500054365, 25.6963813182212, 0.2676035947914392, -21.517602842204003, 27.14661647143937, 27.819903761624808, 11.823470915734191, 25.00409969671253, -15.518773696487713, 30.52328904107837, 4.2841078819703595, -19.04768174211307, -7.104017016483059, 39.13010314349778, -29.314357264187485, 39.59161025776624, 7.2207100604011885, 20.285663141012364, -16.21851625894814, 24.428406552256686, -28.887498210490207, 32.453944627910374, 30.05636283667982, -3.9852112861271984, -10.407239983171943]], [[21.00023779710377, 19.219699294676513, 23.843999975099962, -27.53883329791936, 6.597162817767997, -27.260115468853666, 5.553531018121929, -6.968572000848291, 5.210520212755125, -13.571983470520555, -31.47115289407791, -6.61454741250212, 44.77871636839845, 2.0763787141200436, 26.09312884463342, 0.40481388703094484, -18.11809254007595, -33.2160076586358, 12.773336302699375, 14.02343209253158, 20.113645504663157, 2.3445048321888042, 25.42589976856311, -17.854430773806698, 7.470401714185061, -44.684383864948245, -1.3203704480806466, -24.230303995299398], [30.288981684191885, -23.702211971096585, 4.2123738651068505, -38.72423120389358, 10.85230634901138, 8.260034051613596, 2.2113623282525676, -36.784885696914984, -18.533984078102055, -29.13843276191448, -10.318620157494077, 15.796408035515679, 28.354073971601107, -33.19988185933267, 25.153073177682312, -42.21467365794623, 22.588314035621973, -36.37874936926445, 32.30018034532257, 0.2343482043507066, 1.4827718807380472, 17.059316740347736, -8.150404172313902, 32.49212441317168, -25.850243097550933, -9.935273368435693, -8.689737865751257, -31.825042596295912], [-8.601431291415727, -16.97509498316502, 61.66415903891098, -34.451094116766, 27.164886749853522, -1.7634552949315214, 10.129182156784823, -3.0192253237080475, 34.778360331549685, -14.553478948246878, -9.019054052440074, 14.19074778380817, -13.515512480338863, 1.6595771568437505, 5.659034560482172, -35.176834897257145, 9.713610710556393, 46.88637051616958, -16.789977218762424, -22.209965935272347, 13.09134363410271, 8.007215904320171, -5.455010817590385, -16.8325753101782, 3.3198931837203047, 1.9216464732306013, 29.913257359943973, 2.803562755387842], [5.161068004840916, -25.047009313338457, 0.8691646629099175, 9.91756820554224, -21.238297834888513, -21.82246009309086, 11.081530472563893, -26.53366407577914, 36.062567841051724, -13.404886638406396, -18.604398586516684, -18.51441045159541, 24.21923734045326, 24.12589531073041, 3.281352748101177, 7.595195514093359, -14.933890116120836, -26.103918170773213, -41.16169193246427, 20.941642878438824, 26.6976833167399, -24.726874566188876, -36.07011005495572, -9.126097669053495, -12.999391643159427, 5.259903254098166, -30.89143375443335, -4.649304341624024]], [[-21.420836253006946, -10.366207856070215, 42.63610147362643, -6.661105695019127, -16.9900240333049, 26.587854276545105, 14.533113455956265, 14.694169930026844, 33.13581776094154, -12.503273494980947, -35.09525633044374, 3.7930607260137394, 33.55714020531465, -11.835277500990227, -34.93414632050753, 42.081777324231005, -32.934991068216995, -18.534039124690203, -40.63821754182718, -12.137846158888143, -14.040647599546272, -4.883800863739955, 39.996778310582656, 39.582923478317745, 28.64194013675561, -28.188100499076093, 5.886715786262473, -31.64879702155757], [-30.142558555097914, -22.111886413964534, 20.16259588415536, -17.603189605003898, 3.391165719128564, -10.857457204577068, -9.707432627383096, 16.31943200482135, 65.88567295060629, -12.912537716084552, -11.952470580031248, 1.0364742853401891, -45.08302125727627, 35.372690843612695, -5.169254288375439, 31.629530234387985, -15.458714389790856, -3.3907045482577343, 23.544255209197285, 20.854491297042603, 8.967094999272122, -37.86338040797864, 10.297531623492384, -45.068833644670015, 45.94742971400154, -36.466537755104056, -12.822297833314286, -8.516319043785575], [7.026288531591273, -28.53547777093462, -42.77873766523, 5.889711409782001, -2.1533861516654365, 28.07809950770456, -16.219277735982967, 26.253560251317133, 11.238833516934065, 29.139253146698362, 22.17407177313298, -17.548597353072626, 4.411816767523858, -24.346399732684414, 19.373178119372582, -39.31219389729484, -16.3795385840314, -14.8622840545147, -60.406141649438545, -19.476640482319485, 10.314305708084966, 37.11893609185496, -15.74530263642452, -0.8637703368573344, -11.035640009155024, 36.45964794565809, -15.9380735975115, 36.147117884816126], [14.727472795346245, -15.772864426135115, 20.345721146412263, 29.307453513690483, 11.804343073109347, 6.187474415133984, -21.26251293308188, -14.319137868630577, -20.887716037757087, -18.77450503569349, -27.817233013356844, 5.675229913895647, -16.907499376836405, 32.5740014334291, -14.685059700372978, -31.482851444382284, -1.999385257014302, -36.90249733733816, -0.30358398372937473, 6.845763647508737, 4.9513266107161895, -5.857085289891592, -37.344186321431906, 44.60930259231737, 14.319040631350568, 38.42841419691401, -9.768100515712122, -8.118323016399781]], [[24.509450491741365, -21.433363755737833, 22.065836108793313, -33.55756252817019, -24.49502909038284, -24.83988970072003, 12.248444944691107, -4.28176192879409, -58.49813365953958, -6.015550585174409, 7.950453082697499, 26.665891923997386, 34.692976699778, -30.11960515077444, 18.23038367488388, -7.052700888263551, -20.433591628916137, -6.231194479417311, -29.318345843929418, 24.254226151870032, -22.194472480931598, 28.92056051562153, -42.091746173008914, -0.37731085205676074, 13.483600119167663, 26.076608538774778, 32.40197653136952, -34.662578437154316], [-19.440410702393745, 28.200503652446777, -41.441472794604984, -17.34491109274659, 14.999034256091969, 31.768570471111154, -7.743675791843222, 33.930184644633606, 27.466206100385474, -1.4861382840189807, -31.828813129733014, 15.258142727309458, -33.28518822725838, -17.060849464051017, 16.91377721626627, 26.832709416797424, -49.66352851104821, 44.86623814158222, -35.073058373646944, 6.69378376545217, 9.914411583305604, -19.513001100069793, 45.92744592317222, 34.00511586692993, -30.808565697918553, -33.334817622897745, 20.542289284514997, -37.09163229069763], [-30.773379162545602, 30.78598248403662, -6.5191430659673495, 33.14731407687332, 11.100215765958625, -5.4435462296088275, -10.07830208754491, -8.270316234835981, -43.67770255891236, 11.643130979028422, 3.437244129766173, -15.660203079988662, 4.476191547975529, 5.47630968334001, -17.819061141226204, -30.44100848106928, -1.8234798033010424, 32.0985738459362, 44.0916309221309, 20.060240284544733, 17.37934976529232, 9.54241347545257, -38.32307038458586, 2.0404411469289263, 4.088266984233493, 18.408938306109096, -6.912702391297565, -11.842138145889615], [-1.6388644728456905, -30.186639663593876, 34.93775956107594, -17.272599044215145, 9.022507483899417, 21.256658815314683, -18.016030224233173, -31.644413125314834, -12.150039538309038, 14.22629528784121, -19.226343763260644, 19.790649304918787, -2.0642467964512976, 9.597159831662994, -20.2443910408176, 11.005629233626674, -25.826206927722062, -16.480863184443677, 47.93643594140019, 34.6919378836984, 15.337381734590563, 14.170221392078828, 3.789394630999104, 17.03318372352491, -18.593843801061407, 38.17419767219445, -33.38327394007328, 23.60116548890816]], [[-8.573025484731641, 8.411115937516696, -2.8851183508826526, 14.37727693929426, 20.967818207040402, -12.602766762532182, -17.986592244817903, 26.629927627381754, 56.92205103197316, -24.93662148693302, 22.031353014214325, 1.9056427611592106, -29.037914813843333, 11.222443346839317, 21.402751390916517, 30.19469573723706, -11.685185618445855, 8.553375791091941, 15.673535732026785, -8.56095012459706, -27.814598368775844, 15.397723495853262, 16.727675257484847, 40.655477591560256, 16.636644411901504, -10.459211899484924, 29.59529398418731, 30.034867918654886], [-4.761681668949717, 18.3781807864373, -56.474948613330085, -7.713017354980292, -26.676741148349766, 8.200192546162507, 15.179544620694713, 18.702721252139433, 16.73808670378079, -5.7768896326551955, 32.96182187328554, -10.461131473404794, -21.52028044569049, -33.01990532761977, 3.497986321613964, 19.39416286298432, -44.63438904728776, -28.388692625925525, 26.45996327093614, -24.167598924236483, 20.72601122224799, -22.981979653158724, 38.79305430372704, -36.086952453103216, 35.17388548909025, 24.470538881949714, -23.31271673677821, 20.055000375555657], [30.692692285470645, 15.797951169082976, -62.93425526675139, 24.559377478510825, 4.024756049532094, -6.748843038608885, 22.71161647802477, -16.910530663485396, 14.450882865828016, 9.87578325849742, -24.552651783972454, -20.78497603293961, -25.409232022452798, -27.693392142555656, 40.06820348165446, -2.6955533194722414, -49.33932010730645, 13.251915973156192, -39.606342363354564, -34.25063050484691, -13.965391981172145, 10.170545440687615, -32.45194628253247, 35.744005719562544, -40.97088213981385, -7.252066497184372, -5.961858249733231, -28.113827273077234], [-1.2204804517287635, 23.681497368833924, -47.297417277640946, 18.249215202309514, -17.77372057507387, -5.666399002920052, -23.420260840157443, -1.365303058599692, 19.926534871340806, -27.91315626735257, -15.015341930186715, -3.4405508864053784, -32.652989534657564, -8.271814379578935, -16.53834948512426, -2.674043674775797, -15.213670785302114, -34.30631820129475, -3.8447218232470397, -12.266560200623756, -20.614023001792035, 34.03482934932872, -43.66414631127081, -33.98364429277185, -37.553828117307354, 27.054018951861426, 17.34671005506204, 11.10419532019754]], [[7.205768475231591, 6.095771768221318, -3.7154941165413065, 34.740785226185, 2.77764997783446, -29.931825721811325, -3.98427201824358, -12.85840772685029, 68.98398051116594, -8.564430417517404, 16.984774006274993, 5.189848948447436, 8.46540870768116, -4.826705419245729, -40.06766844214188, 1.9229514404404775, -54.048505951756276, -22.34743427111718, 29.461151762689422, 23.823201795588687, -22.830119620979996, 31.25538176175409, -27.555851930032123, -43.04061989644637, -28.822820231302543, -5.958640010061485, 23.072976063869866, 4.3636213711541405], [13.282214982832684, 2.4649966959320535, 30.229679783526493, -50.14466226829058, -15.91005292420531, -26.72835580523571, 20.78532349049227, -20.822616697383772, 24.903659919791743, 7.8747252102801975, 17.583684574912468, -2.8098499280596796, 19.609687631799275, 11.261867284344843, -1.94160320569312, -8.600227082513166, 48.53813941474495, -11.656371428420988, -50.301336668106444, -15.067123151846307, -24.21235082171144, -24.560246419954634, -15.77760772802447, -17.99024963241212, 29.3463100407541, -13.449711504994884, -34.096736317783865, 6.676189335492336], [21.40553406289054, 21.0217446362546, -21.75288750608498, -21.44889161083099, -16.4838809818988, -31.54796533938389, 13.494426903822635, 5.916645547551019, 16.41855658886184, 20.81714779461451, -14.688082821039368, -4.638512320870836, 41.996482796332764, -8.971266085846125, -36.48517844416098, -0.7206749830799503, 13.161009575779609, 13.395123332630872, 25.178459562958288, -12.585473627959194, 24.641938080988147, 13.696184754403514, -22.2412167308474, -8.090400456390501, -8.840550675194105, 29.908066244318714, 19.38740815586303, -4.636952346684586], [-2.8381613708341504, -3.1273361409743607, 34.6972084502764, 38.371337892604636, 23.19141626802834, 0.3314641912727155, -11.479487444162324, -15.628522758058518, -65.36240388285063, -19.385294841158654, 4.858134796765612, 1.3872098472711565, 36.82813677268934, 25.51829061128283, -12.584061662326485, -10.433576136569869, -35.90797021705466, -22.70886948408136, 34.46712541915706, 1.43985140707615, -22.59255855221921, -1.2129217396957175, 24.760258541926206, 37.31156590891925, 45.7854631908429, 23.023831752926757, 35.1107344297181, 0.21279530885737397]], [[-8.632298989335514, 31.307795770537872, -36.85852738502614, 14.737750984278128, 3.0283212590278694, -2.223756467438074, -16.50531236395284, 19.5947482136574, -6.062680534504875, -11.729212885059479, 19.293605868759872, 27.027132578185842, 45.02936772094184, 15.038284351216019, -16.281649528709433, 5.165763828776042, -0.32965842161290065, 19.77029942350559, -52.09507066017915, -1.978061706677494, 19.524115917848956, 34.211341611519934, 12.049507893429999, 46.216644434855034, 33.458763223900924, 43.66749395486218, 29.668504831800092, 9.465997449064075], [20.426840418955596, 13.506618380227234, 59.35640979094701, -0.695841800275333, 6.954692859182959, 25.012741865087282, 1.122600025216092, -2.055694407475874, -6.544161820106172, -8.659139091706745, 4.169645708931549, 14.114345366826596, 18.02661989605008, -7.7134629194130175, 39.43220248322895, -3.7150239759996513, 2.7890273591247237, -29.850730325104497, -36.56625079066313, 33.67989594134472, -3.2194268480380472, 36.483330900356684, 31.570484243883367, -32.46669708654225, -35.84238982592623, 11.200775109908978, 33.74777599716045, -35.47385106624625], [-29.21486914864902, -28.754228934878743, 14.14695219972263, 38.88307355253862, -9.994006472782639, 21.885182036980392, -20.241893354897893, -26.02551690593391, 13.557735286250391, 7.862357593143729, -33.255197841954356, -19.528216682453166, -37.7340285595726, 2.203018981257318, -32.31736482654065, 35.82357425880276, 50.39689640123927, 50.2836424717369, 4.542931368272416, 3.4737277210341957, -17.97639889849776, 35.518963653925304, -23.381460821418287, 26.425467685921195, 23.197479659016256, 20.768586074894497, -35.57381170676663, -12.266592733343467], [-23.978243458775125, -13.500908383858057, -42.55137872270185, 44.34985273627009, -12.642574148649217, 5.77172017478195, 22.069742112821572, 22.54078552011417, -60.09903724852425, -22.14394436938651, -34.367877566957404, 10.379513939850773, 12.896720861080999, 29.696311662389345, -13.02431041926583, -41.60464825284047, 1.3697242361293378, -31.83509851574389, 49.0250159091771, 30.651646249533187, -11.30183830423943, 0.1197068657101396, 36.38951257594214, -22.51395965820028, 20.195024102558715, -44.00271671778903, 15.091580124820755, -36.39405474363613]], [[28.61437277157465, 11.471198430168947, 31.61820354921504, -3.4046412124322294, -17.541383075750854, -22.11820035237982, 22.576843197919704, 31.86905023727911, -10.560191249028572, 24.242932469197903, 9.047881501607794, -8.8101791987501, -42.792484042986345, -12.531392645924727, -16.822600152923794, 23.931690733508887, 21.86413396248441, -6.228021182927324, 50.734965795771316, 28.574563751526824, -10.453638413222698, 14.222054352175547, -11.344227244027806, -30.291271346196446, -42.53404229894582, 6.080427589291134, 20.526357623656367, -20.962231206897073], [-10.46989878114349, -24.305470659577512, -15.669428195095113, -18.039558074440396, 22.113321646206305, 21.13634490400377, -6.293248406398826, 19.069786284875423, -46.87095250681933, -4.566614669762502, -31.11661146274118, -0.3361902603857001, -30.10766702991796, 23.264890735152207, -32.34130084651836, 8.178198194345805, -45.79952447298699, -34.31091100021205, 30.880381825594732, -21.51163039979817, 10.473224227798237, 30.73453465991762, 5.997902726342751, 6.964452474048566, -33.800950919683224, -34.212543225773246, -23.70030951521608, 19.633801572455607], [14.833463728608894, -38.8271850605491, -19.830141077146777, 1.576853633007622, -7.793893376631715, 10.202170043128055, -13.946220393814208, 8.204517570617607, -33.598289424326595, -9.462512123837218, -8.7250605286383, 3.436962793227956, 2.884050903146165, -26.10562829874708, 32.19389195999453, 29.810808828144513, -34.75039267118469, -29.333366568552, 41.78963707770675, -20.414012158893488, 9.186681287440491, 38.10174279751425, -33.746457416223116, -16.059521190247093, 14.841752367901725, 3.9594947978943202, -3.635063763853503, 26.178304959285356], [-25.045616415440097, 30.047849833100717, 62.915705160921554, -23.40288920479241, -25.773745240987385, -6.612422135768603, -9.330023928704327, -1.5543715327195469, -8.833642613276586, 20.96038033984776, 11.146123115845414, -12.217016569568631, 32.165221148845106, -34.97739921784387, -12.30961026315442, 8.908307877230866, 21.25723484493252, 0.30507643073450486, -19.926121553109596, 6.470113073438001, 2.9898896357059375, 18.42751355935834, -30.056193238958446, -15.637398913589008, 35.22070581716997, 3.3510521110421267, -17.419116663002676, -22.64719913390659]]];
t = [[99999999.0, 9.795795182356969, 13.816285696672356, 11.16587378828035, 14.172574516570906, 8.925842899034304, 12.76887048524002, 11.05123358292062, 14.158510514574745, 7.4429588972914775, 5.972132260266466, 7.269317550058695, 9.029692126668898, 13.982633693126056, 8.235907388324573, 13.357245561536361, 11.945685833865673, 6.4732573476506285, 6.1409781939660295, 11.727420904882445, 14.510207438104871, 8.558185863239203, 5.456745909474505, 7.716949788978324, 6.006189977952249, 6.561576442626258, 14.557444028597148, 14.831080146213782, 11.226843782473916, 7.318651379567855], [9.795795182356969, 99999999.0, 8.542037747432648, 6.380707912947855, 14.321442304530393, 7.847630713341558, 13.480730856398933, 7.668773765153593, 11.996417912888605, 13.888730788428672, 12.706642378621329, 12.283478928170775, 9.604665113370533, 6.5160828437240434, 6.116698466062532, 11.32667001704124, 12.17260513116838, 9.944787517757216, 13.939916145669859, 5.10219511957019, 12.747332055728224, 11.88819873859873, 8.349981488767746, 8.33882888887281, 6.203976537209835, 7.184427199498331, 9.406408187529662, 12.766179431239271, 5.583551839437834, 13.910281915706976], [13.816285696672356, 8.542037747432648, 99999999.0, 13.731569427624143, 12.345349869294727, 12.28933264069386, 12.619066868095068, 14.579166849758504, 14.584881555144397, 9.422420213794808, 14.872231203482556, 6.546221989565839, 6.941292419380096, 5.25339520144592, 11.699751875687845, 14.879956750711832, 7.074253109215452, 7.710782019469153, 7.7743349921476845, 8.072135543301094, 13.530599138608473, 9.093465757316634, 8.542712721552006, 11.057768508640642, 9.187775998299847, 12.083095089767333, 8.85364054168745, 11.472262856176428, 6.110395113602696, 7.016803443161553], [11.16587378828035, 6.380707912947855, 13.731569427624143, 99999999.0, 12.573991368575552, 9.98551807983469, 12.462450056673553, 14.296611338836732, 12.224394172739053, 6.2832992379045125, 6.809260236450076, 6.714530757044413, 14.092127671866386, 8.643357839106152, 9.300857006110853, 14.294692996871763, 13.878978173834009, 13.610707467360609, 13.093948899768058, 5.983031045158213, 10.21768226198464, 12.52856481700743, 11.238306210850936, 8.724155578679616, 7.4184985487258315, 7.343299838479248, 12.11531273607742, 13.842733485967518, 8.299471810231053, 5.285588086027157], [14.172574516570906, 14.321442304530393, 12.345349869294727, 12.573991368575552, 99999999.0, 5.7454253004335945, 10.293448911578468, 6.797440872583634, 6.6741982551880845, 6.389774966024845, 7.9284410702542445, 9.125200629622826, 14.70926178148811, 12.827113038100872, 12.936951979875545, 5.402037810096756, 9.671052416724653, 9.418586426671654, 12.224284555308525, 9.828473358835515, 5.2003105560929574, 8.748730063625608, 11.681723880611152, 10.991038854162408, 10.794714130615557, 6.192753409410231, 5.411089564033688, 10.401984344075487, 6.677655392856877, 9.664708143977428], [8.925842899034304, 7.847630713341558, 12.28933264069386, 9.98551807983469, 5.7454253004335945, 99999999.0, 11.06948673069013, 6.715594555183823, 12.329221014845047, 6.041103643505036, 8.972410623297176, 7.760239856288064, 6.425135982161093, 12.536530786252818, 8.838314779916125, 13.859977632935655, 6.321440751241453, 14.79253041815938, 8.96723570258143, 6.989755628039584, 11.561701896127218, 10.53564024376497, 14.511537628130624, 8.166722424637332, 10.38432841684272, 12.115411082558733, 9.88170434427789, 10.732215577986358, 8.919145245572917, 5.985872423106451], [12.76887048524002, 13.480730856398933, 12.619066868095068, 12.462450056673553, 10.293448911578468, 11.06948673069013, 99999999.0, 13.839210364877898, 12.068795454840728, 6.571430005866528, 12.68740021254203, 9.97854920625041, 10.074061304915643, 5.812696763884777, 11.934382500726523, 12.946339695015805, 14.88795152011307, 6.575240218828393, 7.766775855632791, 5.414918491425139, 5.468285923159772, 14.694370874590083, 14.500176806371133, 7.84202603870604, 5.517639375608107, 6.150615970117771, 14.410204581711733, 14.762799993255543, 10.619189034656145, 9.54917235714117], [11.05123358292062, 7.668773765153593, 14.579166849758504, 14.296611338836732, 6.797440872583634, 6.715594555183823, 13.839210364877898, 99999999.0, 12.462971393240668, 9.756904988614114, 5.506694223807567, 13.122668227028313, 11.81960320686253, 14.73198796829172, 9.451880394327489, 10.291989091975738, 5.305028867575566, 10.541968297161201, 5.734326758447656, 7.416236298536798, 6.080004375364774, 11.529677923146002, 9.899847461259089, 5.578153388536121, 10.753339353788927, 9.772221695823983, 12.784487242128154, 14.219110877592877, 10.76239622087045, 12.257223427989553], [14.158510514574745, 11.996417912888605, 14.584881555144397, 12.224394172739053, 6.6741982551880845, 12.329221014845047, 12.068795454840728, 12.462971393240668, 99999999.0, 7.207279055542061, 5.636764212023979, 9.96011867547757, 11.436335415776014, 8.66354798394601, 7.078375416069242, 11.6635089974237, 7.067058466510185, 14.232417357483069, 6.523665479807683, 14.762724512201476, 7.5334549432411215, 9.119897130446104, 11.180060915059364, 8.766346773619507, 9.366934735693377, 8.274414638920572, 14.743027233159049, 7.001933909407482, 5.640907575173337, 14.9983125645464], [7.4429588972914775, 13.888730788428672, 9.422420213794808, 6.2832992379045125, 6.389774966024845, 6.041103643505036, 6.571430005866528, 9.756904988614114, 7.207279055542061, 99999999.0, 14.630762446551946, 7.696762482312479, 9.505559892234348, 6.9023033021071045, 11.327201385364797, 12.56380954554192, 6.1364499905846825, 11.716537047492729, 8.23209951133861, 7.899056863053138, 11.591527671947595, 6.371768342996513, 11.135493383806836, 9.144003492054736, 12.60407839702105, 9.849941042708945, 14.031005024831721, 8.49677166284216, 6.661607279275471, 11.690446819829887], [5.972132260266466, 12.706642378621329, 14.872231203482556, 6.809260236450076, 7.9284410702542445, 8.972410623297176, 12.68740021254203, 5.506694223807567, 5.636764212023979, 14.630762446551946, 99999999.0, 12.741232954310984, 14.738862780111244, 5.231467871331782, 9.747311489356562, 11.27665519462052, 7.355410391439278, 5.706562408429743, 9.624548588461789, 7.761199591441023, 5.313022874683494, 6.813156998836265, 10.365267914054517, 8.08949663803323, 13.817499410311973, 7.444890790597086, 8.8596072424956, 12.717673685686155, 6.71705454047269, 7.514880432730894], [7.269317550058695, 12.283478928170775, 6.546221989565839, 6.714530757044413, 9.125200629622826, 7.760239856288064, 9.97854920625041, 13.122668227028313, 9.96011867547757, 7.696762482312479, 12.741232954310984, 99999999.0, 7.257050132537452, 8.566008389024127, 13.966884075801483, 9.16559769985359, 8.815791558274462, 8.506997188414235, 13.92035535442129, 12.476930333247683, 6.979844860015977, 6.448334522916806, 13.828657897323442, 14.08793586878712, 5.738116485593156, 9.505718114270216, 8.655989148019959, 12.953884278512284, 7.814738839135621, 6.291565234795372], [9.029692126668898, 9.604665113370533, 6.941292419380096, 14.092127671866386, 14.70926178148811, 6.425135982161093, 10.074061304915643, 11.81960320686253, 11.436335415776014, 9.505559892234348, 14.738862780111244, 7.257050132537452, 99999999.0, 13.467474141240437, 14.514294354475267, 12.485070602294915, 11.230812175226111, 8.924235411271187, 7.549019078500382, 7.811625268865754, 13.181448840185574, 6.318648210535267, 12.812956199487934, 9.614219917875513, 14.320341056705253, 6.8094710905575635, 6.903020483502157, 10.316568401875845, 8.72478607106822, 13.336827234301794], [13.982633693126056, 6.5160828437240434, 5.25339520144592, 8.643357839106152, 12.827113038100872, 12.536530786252818, 5.812696763884777, 14.73198796829172, 8.66354798394601, 6.9023033021071045, 5.231467871331782, 8.566008389024127, 13.467474141240437, 99999999.0, 9.666540865317089, 8.37325464122923, 8.089558427957845, 8.009323075589087, 7.739134266109868, 9.495367514855719, 6.037166719217687, 14.566396405966527, 10.833610284988787, 12.739307719660292, 13.682185656752518, 9.617719395431163, 14.658173826301315, 11.913463112913885, 8.949548756485438, 12.741962115803377], [8.235907388324573, 6.116698466062532, 11.699751875687845, 9.300857006110853, 12.936951979875545, 8.838314779916125, 11.934382500726523, 9.451880394327489, 7.078375416069242, 11.327201385364797, 9.747311489356562, 13.966884075801483, 14.514294354475267, 9.666540865317089, 99999999.0, 5.89275560684754, 8.12627424973228, 14.543021314475872, 6.869539364194037, 6.904335421055723, 7.550566860312306, 6.395464973963333, 5.419634524556836, 5.791083845573004, 12.864509788192068, 10.576206981509483, 12.546841660926866, 5.107843897489488, 5.749968395104008, 14.385390514943282], [13.357245561536361, 11.32667001704124, 14.879956750711832, 14.294692996871763, 5.402037810096756, 13.859977632935655, 12.946339695015805, 10.291989091975738, 11.6635089974237, 12.56380954554192, 11.27665519462052, 9.16559769985359, 12.485070602294915, 8.37325464122923, 5.89275560684754, 99999999.0, 10.618389078980506, 7.242879274351537, 11.444103815031141, 14.312348285352392, 6.406557221725482, 5.335328630370895, 7.901781137312785, 6.877914669169179, 5.419118500881996, 10.853587826933165, 9.993916360249173, 7.164222605189626, 7.069875218658098, 12.79737862818134], [11.945685833865673, 12.17260513116838, 7.074253109215452, 13.878978173834009, 9.671052416724653, 6.321440751241453, 14.88795152011307, 5.305028867575566, 7.067058466510185, 6.1364499905846825, 7.355410391439278, 8.815791558274462, 11.230812175226111, 8.089558427957845, 8.12627424973228, 10.618389078980506, 99999999.0, 8.320359172427722, 7.280010725424, 8.801219785757944, 13.79408067150943, 12.131646162330437, 11.37036032783248, 14.034554220522264, 11.644578359507891, 10.164687811348006, 14.0852249081119, 7.08130110005369, 7.819233694669742, 7.071426335472003], [6.4732573476506285, 9.944787517757216, 7.710782019469153, 13.610707467360609, 9.418586426671654, 14.79253041815938, 6.575240218828393, 10.541968297161201, 14.232417357483069, 11.716537047492729, 5.706562408429743, 8.506997188414235, 8.924235411271187, 8.009323075589087, 14.543021314475872, 7.242879274351537, 8.320359172427722, 99999999.0, 14.569256162181867, 13.14009944970872, 7.610263264599094, 8.143403714516637, 12.356240495661552, 7.755432123511465, 12.087492665606588, 11.1317977736543, 5.383454485255276, 14.262186634571135, 8.863117534017245, 13.53324680995416], [6.1409781939660295, 13.939916145669859, 7.7743349921476845, 13.093948899768058, 12.224284555308525, 8.96723570258143, 7.766775855632791, 5.734326758447656, 6.523665479807683, 8.23209951133861, 9.624548588461789, 13.92035535442129, 7.549019078500382, 7.739134266109868, 6.869539364194037, 11.444103815031141, 7.280010725424, 14.569256162181867, 99999999.0, 6.130362582368882, 7.3057364803686795, 7.469375852942413, 9.299901723723455, 7.907844521451651, 11.199992301163475, 12.888034523320218, 9.962685574164816, 5.565596447348784, 11.3605418531208, 10.846981164909893], [11.727420904882445, 5.10219511957019, 8.072135543301094, 5.983031045158213, 9.828473358835515, 6.989755628039584, 5.414918491425139, 7.416236298536798, 14.762724512201476, 7.899056863053138, 7.761199591441023, 12.476930333247683, 7.811625268865754, 9.495367514855719, 6.904335421055723, 14.312348285352392, 8.801219785757944, 13.14009944970872, 6.130362582368882, 99999999.0, 7.544061657711402, 10.827622467383971, 8.227470211130598, 13.47589806979999, 8.952202238202634, 13.698146700608678, 8.317530367694498, 9.879273140946076, 13.189316899834772, 7.342855804956425], [14.510207438104871, 12.747332055728224, 13.530599138608473, 10.21768226198464, 5.2003105560929574, 11.561701896127218, 5.468285923159772, 6.080004375364774, 7.5334549432411215, 11.591527671947595, 5.313022874683494, 6.979844860015977, 13.181448840185574, 6.037166719217687, 7.550566860312306, 6.406557221725482, 13.79408067150943, 7.610263264599094, 7.3057364803686795, 7.544061657711402, 99999999.0, 12.459047234250294, 5.8811471036334755, 7.489846834574099, 10.629810823408192, 8.43926486026384, 12.324976970636653, 13.997672924532646, 14.057684870507591, 7.924988354028927], [8.558185863239203, 11.88819873859873, 9.093465757316634, 12.52856481700743, 8.748730063625608, 10.53564024376497, 14.694370874590083, 11.529677923146002, 9.119897130446104, 6.371768342996513, 6.813156998836265, 6.448334522916806, 6.318648210535267, 14.566396405966527, 6.395464973963333, 5.335328630370895, 12.131646162330437, 8.143403714516637, 7.469375852942413, 10.827622467383971, 12.459047234250294, 99999999.0, 7.582062030912644, 12.586238137516315, 14.208357557431118, 8.09608596260864, 6.861202039892121, 13.713184598373044, 10.017961885038712, 13.447432441338728], [5.456745909474505, 8.349981488767746, 8.542712721552006, 11.238306210850936, 11.681723880611152, 14.511537628130624, 14.500176806371133, 9.899847461259089, 11.180060915059364, 11.135493383806836, 10.365267914054517, 13.828657897323442, 12.812956199487934, 10.833610284988787, 5.419634524556836, 7.901781137312785, 11.37036032783248, 12.356240495661552, 9.299901723723455, 8.227470211130598, 5.8811471036334755, 7.582062030912644, 99999999.0, 5.236748722881527, 12.587799569247222, 12.269664700783398, 6.438650832488872, 12.83889845210343, 12.253586140723026, 11.041599278781462], [7.716949788978324, 8.33882888887281, 11.057768508640642, 8.724155578679616, 10.991038854162408, 8.166722424637332, 7.84202603870604, 5.578153388536121, 8.766346773619507, 9.144003492054736, 8.08949663803323, 14.08793586878712, 9.614219917875513, 12.739307719660292, 5.791083845573004, 6.877914669169179, 14.034554220522264, 7.755432123511465, 7.907844521451651, 13.47589806979999, 7.489846834574099, 12.586238137516315, 5.236748722881527, 99999999.0, 10.001316498921884, 10.271621985237376, 12.350545838647399, 7.477988175269009, 13.27235107818547, 9.823117411828479], [6.006189977952249, 6.203976537209835, 9.187775998299847, 7.4184985487258315, 10.794714130615557, 10.38432841684272, 5.517639375608107, 10.753339353788927, 9.366934735693377, 12.60407839702105, 13.817499410311973, 5.738116485593156, 14.320341056705253, 13.682185656752518, 12.864509788192068, 5.419118500881996, 11.644578359507891, 12.087492665606588, 11.199992301163475, 8.952202238202634, 10.629810823408192, 14.208357557431118, 12.587799569247222, 10.001316498921884, 99999999.0, 5.639580592167123, 10.343677693216279, 9.551606250119642, 13.13245902412938, 5.051177221562461], [6.561576442626258, 7.184427199498331, 12.083095089767333, 7.343299838479248, 6.192753409410231, 12.115411082558733, 6.150615970117771, 9.772221695823983, 8.274414638920572, 9.849941042708945, 7.444890790597086, 9.505718114270216, 6.8094710905575635, 9.617719395431163, 10.576206981509483, 10.853587826933165, 10.164687811348006, 11.1317977736543, 12.888034523320218, 13.698146700608678, 8.43926486026384, 8.09608596260864, 12.269664700783398, 10.271621985237376, 5.639580592167123, 99999999.0, 14.26146225128071, 9.083012753967491, 9.466872615603053, 11.03500674139715], [14.557444028597148, 9.406408187529662, 8.85364054168745, 12.11531273607742, 5.411089564033688, 9.88170434427789, 14.410204581711733, 12.784487242128154, 14.743027233159049, 14.031005024831721, 8.8596072424956, 8.655989148019959, 6.903020483502157, 14.658173826301315, 12.546841660926866, 9.993916360249173, 14.0852249081119, 5.383454485255276, 9.962685574164816, 8.317530367694498, 12.324976970636653, 6.861202039892121, 6.438650832488872, 12.350545838647399, 10.343677693216279, 14.26146225128071, 99999999.0, 7.38068094855731, 8.266592816079553, 8.779874313528707], [14.831080146213782, 12.766179431239271, 11.472262856176428, 13.842733485967518, 10.401984344075487, 10.732215577986358, 14.762799993255543, 14.219110877592877, 7.001933909407482, 8.49677166284216, 12.717673685686155, 12.953884278512284, 10.316568401875845, 11.913463112913885, 5.107843897489488, 7.164222605189626, 7.08130110005369, 14.262186634571135, 5.565596447348784, 9.879273140946076, 13.997672924532646, 13.713184598373044, 12.83889845210343, 7.477988175269009, 9.551606250119642, 9.083012753967491, 7.38068094855731, 99999999.0, 11.384618843169811, 10.049658110774088], [11.226843782473916, 5.583551839437834, 6.110395113602696, 8.299471810231053, 6.677655392856877, 8.919145245572917, 10.619189034656145, 10.76239622087045, 5.640907575173337, 6.661607279275471, 6.71705454047269, 7.814738839135621, 8.72478607106822, 8.949548756485438, 5.749968395104008, 7.069875218658098, 7.819233694669742, 8.863117534017245, 11.3605418531208, 13.189316899834772, 14.057684870507591, 10.017961885038712, 12.253586140723026, 13.27235107818547, 13.13245902412938, 9.466872615603053, 8.266592816079553, 11.384618843169811, 99999999.0, 5.703635083646774], [7.318651379567855, 13.910281915706976, 7.016803443161553, 5.285588086027157, 9.664708143977428, 5.985872423106451, 9.54917235714117, 12.257223427989553, 14.9983125645464, 11.690446819829887, 7.514880432730894, 6.291565234795372, 13.336827234301794, 12.741962115803377, 14.385390514943282, 12.79737862818134, 7.071426335472003, 13.53324680995416, 10.846981164909893, 7.342855804956425, 7.924988354028927, 13.447432441338728, 11.041599278781462, 9.823117411828479, 5.051177221562461, 11.03500674139715, 8.779874313528707, 10.049658110774088, 5.703635083646774, 99999999.0]];
