M = 99999999.0;
numWorkers = 25;
numRoles = 4;
numNodes = 30;
wStart = [0, 70.47637417660627, 410.4918313208996, 183.13600114918137, 321.94880016753143, 12.451313785127715, 160.22590548718358, 400.2130125474712, 80.1299005030239, 247.39146231841733, 170.44639363361955, 28.131011613042887, 229.67221467178337, 230.24899259252848, 293.09712163592667, 403.1041455828847, 311.30637123571563, 227.8425068303583, 398.0298650520272, 251.55113778550003, 122.27574752577922, 181.3915791068573, 304.430081384042, 126.53894335820142, 120.37012625784656, 394.50389504571166, 102.19498337243202, 131.05489000084634, 312.5606055037245, 0];
wEnd = [0, 108.79542601613194, 442.3915559319941, 220.9540944490572, 351.0935501662591, 49.53214709228983, 199.4479063786381, 429.1999232618117, 109.37673551171937, 278.9254866761744, 198.62213029247266, 53.19934567165291, 262.6239130662288, 259.4495980532985, 322.4515947202178, 432.58451011299405, 347.1580272229295, 263.7733707380497, 425.4158276279542, 280.32997401503434, 151.72489978959558, 206.80375203828527, 335.9069606324171, 156.70280181164483, 159.0193970724785, 431.7627005258609, 133.66931584345772, 168.50015552168597, 342.60345092373575, 450];
p = [0, 20.279330903688816, 15.177942835521023, 20.333988117408975, 15.607344092269642, 13.224469942976334, 21.921657052110437, 12.757323567441192, 14.506227154950611, 16.089957310704705, 14.665172431705553, 13.601907983329728, 18.392175687508697, 17.404571982862365, 13.92835435295304, 10.709208937527299, 20.209325387600515, 21.45720966851442, 12.059605091409123, 9.26576032403426, 8.23548012908113, 10.220087086006645, 10.689845640110855, 8.328864541772061, 20.078102265332895, 16.230786776222057, 18.313416666111827, 14.472721839613577, 17.487163532479855, 0];
e = [[0, 1, 1, 0], [1, 0, 0, 1], [0, 1, 1, 0], [0, 1, 0, 1], [0, 1, 0, 1], [0, 1, 1, 0], [1, 0, 1, 0], [0, 0, 1, 1], [1, 1, 0, 0], [0, 1, 1, 0], [0, 1, 1, 0], [0, 0, 1, 1], [1, 0, 1, 0], [1, 0, 0, 1], [1, 0, 1, 0], [0, 0, 0, 1], [0, 0, 0, 1], [0, 0, 0, 1], [1, 0, 0, 0], [0, 0, 0, 1], [0, 1, 0, 0], [0, 1, 0, 0], [1, 0, 0, 0], [1, 0, 0, 0], [1, 0, 0, 0]];
d = [[0, 0, 0, 0, 1, 1, 0, 1, 2, 2, 1, 1, 2, 1, 2, 2, 1, 1, 3, 1, 2, 1, 0, 2, 3, 1, 2, 2], [2, 0, 0, 0, 2, 2, 2, 1, 0, 0, 1, 4, 3, 1, 3, 1, 2, 1, 1, 0, 1, 2, 1, 1, 2, 4, 3, 3], [4, 2, 2, 2, 0, 0, 1, 2, 0, 2, 0, 3, 0, 2, 2, 4, 2, 0, 1, 4, 3, 0, 1, 2, 1, 0, 0, 1], [0, 2, 1, 1, 1, 1, 1, 0, 2, 1, 1, 0, 1, 0, 0, 0, 1, 2, 1, 1, 2, 4, 4, 1, 1, 2, 2, 1]];
r = [2961.0548769841853, 1844.858231361308, 1695.1282559332342, 2778.8681982256144, 2542.4211349954285, 1371.8645501438682, 1629.1515608351892, 1104.7926568740183, 2270.7517162339223, 1979.7336381089553, 2079.523566146328, 2129.872948453591, 1525.5953985826397, 1514.1287043290329, 1365.9708047877152, 3212.5129275710974, 3755.016893481484, 2055.7692884899734, 622.8992412369864, 1200.8435427313318, 1964.3035404614766, 672.6488132448103, 1045.759260367305, 1135.2867066177316, 1685.340462774787, 1583.9369540863702, 1533.5332996126758, 2378.598291650126];
b = [[[-51.207139972679165, -14.540107423670083, -54.98469541040585, -19.31192910729117, -31.288732844713493, -12.926841162935677, -22.73391942283273, 6.823176781567172, -45.77952276918839, 13.772306932618243, -31.570260121582628, 51.0875116548619, -15.169363478980213, 7.008962181119264, 4.161583455768814, 45.17925574305444, 34.84499353466719, -3.7530084392066843, 10.036804527870654, 2.3233465389569847, 27.004147796714214, -13.287354682315163, -9.65492471209178, -26.668402778407444, 18.345713312210375, 38.14253105636694, 8.46241941044892, -6.319572188160843], [43.98275301229731, -25.341310508054406, 20.1171356639574, 40.46301745483651, 17.924111034325332, -2.0950408515040757, -0.057463903139973856, -10.65388889400944, 12.114491639789328, -1.3623532827438205, -36.24262951347309, 25.252230340154178, 10.962980887789465, 9.35429525981906, -16.42880035081395, -14.994353145212283, -11.422517394694161, 17.22703415057165, 18.761452974509755, 15.628840348134409, -11.510131734361554, 14.424988210843416, -15.579275716123954, -4.51802483967777, -36.43098323818336, 40.11341724780673, -25.277022148977842, 46.007047310041656], [-52.35728055834105, -27.5924966931796, 54.24955176310871, -15.012059683991815, -11.127580557103634, 17.82655383831331, -21.460966556897915, 27.653772011006357, -16.204500549611712, -19.444715472125722, -38.53154014029462, -43.07500200240121, -31.561941712992546, 10.461249677249443, -23.426469332816627, -10.849371038120232, -48.46735556042661, 33.50939916232035, -22.541375059534076, -20.837089361027473, 24.299547859535455, 30.06253419016845, -7.965279878986801, -10.727256530453344, 44.39360158363418, 52.35659263417387, 37.49937728670379, -21.466469627987752], [21.47426426350352, 5.38146186804392, -36.60865439267663, 26.469624728790542, 14.27956377037452, -56.733376169217614, -19.951333626436778, -22.054770108680273, -18.407868933696385, -42.028515473350396, 1.1187307259232875, 6.825725371746101, -45.9476512105275, 6.273030930763077, -7.829178967408878, -26.486778370943483, -24.490764524289215, 28.97171281257158, 22.53295063996337, -21.821559518408304, 29.446223365222902, -11.254954354952037, -12.591101098309801, -56.533793503807225, 15.758983754215514, -13.536046932969027, 18.556321062874797, -44.71282594914227]], [[-23.479095330036092, 17.859873723720344, 27.459209017597484, -40.43675445424572, -22.581514527783202, 39.70488538055982, -12.745589175699834, 41.210536032568214, 10.687516105378405, -32.00841394855385, 31.570352576802343, -53.87353966738492, 51.545833351965996, -16.08805405487418, 7.701737604544133, -16.83448604475258, 17.843553809369027, -7.356615762910865, -24.52361424682503, -14.84265114752035, 1.7073317309269114, -1.9925027181894135, 7.381715382876023, -54.018532352295296, 30.770364643021136, -3.3365211644315638, -9.76855649808329, -25.628180895776868], [41.95475941492748, 26.297311928414207, 1.2681852165827332, -38.21745031189514, -23.104985040245637, 56.29176444659791, 2.938591608959541, -26.88163135953493, 10.293599134517295, -25.439993064358365, -20.282411343859785, 1.2364161000921783, -21.946870370163744, -4.369335717083411, 25.356822445130486, 58.71624386865711, -47.111026111330965, -0.46681467889597267, -10.412554847670501, -9.056811280874753, 6.5085115343411735, 2.4576095693462654, 9.686831841304278, -33.923951294562734, -1.5884077367578162, -32.638854503401994, -41.71090857773313, -50.25122776410007], [-44.29183740086727, -24.905844688779535, -18.900571873219096, 11.006183365378817, -15.940311677115984, 37.61270108748884, -36.45096063545022, -6.390733451753998, -44.86650728688247, -20.75691754807485, -14.510388621462466, -13.712550971337013, -33.389698216168455, 33.528051721079514, 11.32554032002679, 28.218312558799344, -33.22909022875557, 3.211485648061676, 16.388196778866043, 21.83615138752389, -20.860017902997473, -15.81098464735474, 19.51490563819435, 54.805780061878956, -3.2760204072138825, 22.79987058412645, 12.019809508038266, -11.668275876927162], [-14.354116516129102, 5.664609026787171, 14.460029620894277, -4.2219680102607064, -28.07093907167135, 43.50719130379197, -22.696853453083772, 31.152860186868217, -36.02450872549199, -29.24935595436311, -18.383661967203935, 27.723794389227415, 48.14148947996095, 1.3398384155934167, -24.378789636809106, -30.306014920228364, 47.87756937091852, -23.586488139392745, -16.562538937792862, -23.16387283236455, -7.236542857596331, 4.052801773828883, 17.841261992661774, -8.85614172013454, 47.063268474594246, -41.288555032678474, 8.921687611389833, 15.421264419584617]], [[3.5583673249878127, -31.05133180970796, -4.57245907825339, -12.544243124010395, -38.378608408617545, 46.11936755907177, -13.812303414166688, -34.879400776222305, -0.5852212954987848, 35.18499044590065, 4.554170693726601, 38.311733694048634, -49.78188022490396, -1.1807621951166842, -14.380243481039846, -36.474983597864856, 41.82278687289541, -23.350697167290292, -8.271069350283836, 20.44543018371139, 10.936275103468743, -8.52241067218373, 20.227318098909958, -2.0747736384475206, -4.607890622970443, 41.4865734523913, -7.993694461219638, -2.8138046617770702], [-55.5065817029992, 33.63705019579339, 2.9160553293542892, 20.987072938995112, 29.86696671968928, 25.2582350685637, 8.529742036279963, -41.48858362280617, 4.731539744512653, 1.780119026179349, -36.239368196195926, -40.042412373532734, -35.82803769508803, -1.993408267748495, -23.03070279664823, -2.0536241387530567, -45.49526328854509, 14.588723916906654, 1.5800349443682347, 10.088762722939512, -27.855967230647504, 27.88461108407034, -4.556381299493846, 38.683544176189294, -22.26774183920854, -49.60043675753517, 39.50593036402968, 17.513436351669014], [-49.060602750978376, 38.79766165439541, -32.78171772432082, -4.643510550315128, 21.00238763599953, 37.02311495511984, -8.48692371819426, 24.816387166370486, 25.597796946567488, 6.050189282526725, 15.267098431748382, -14.870487966456135, 49.5579670300493, -18.939890569020264, -5.550219496959135, -49.90819916493244, -50.01061655109253, 11.561993390662195, 19.182865055910707, 19.90845016108629, -10.055542088665515, -21.301442596766687, 14.041982880686957, 56.589177648459014, -16.692967608226073, 10.445503653801268, 29.44470884074904, -48.52016922782278], [11.530881423437991, 37.093742176251446, 9.107249389834097, 23.19857505927384, -16.31795864340596, -6.936553487850668, -14.660546326392023, 1.5850254902979792, -44.442843115000414, 27.456559353221234, -34.12083944816311, -14.565170744619799, -19.06471501754865, 13.549771017570748, -7.59014701579349, -3.731817004478916, -8.117655602418461, -4.598219182996586, -12.066172211019316, -23.85365160466039, -15.124016159405839, -16.625999243017027, 23.861516506099022, 34.96062287680465, 47.55507233286883, 38.32095190669563, -18.283332996963892, -22.270539676594836]], [[-30.496200221396936, -19.75089681089426, -14.64584597824386, -15.251797758902065, -7.856961429389929, -33.792131716037325, -27.571790278365665, 30.39077610261069, 19.850982398251315, 17.084502723218247, -5.004559881410279, 22.14716016880652, 32.324314578503184, 14.028005930575754, -10.508715447787697, -39.53476693272495, -3.2672839005613126, -8.173915067920197, 2.2122903402338236, 5.368918815194622, -24.308612486887213, -18.456223615052256, 21.912995260565175, 16.260330525987516, 10.806919888711546, 2.1286076618034184, 13.325208078186588, -24.731647802350796], [-2.717918706813239, 24.664433495798907, 13.036359725818869, 29.392415338706403, -9.384778198077873, -17.97663705423752, 9.325277426113844, 3.8935448765191016, 32.820451150957275, 11.61597667170187, 5.906231284407328, 32.62170501437926, -51.05433116025801, -15.32828007525537, -23.861933372100253, 49.66534530562687, -5.0201459706797396, 1.5781137729967518, -17.050734100620346, 21.423352325074983, -10.013566564391773, 22.559917702205112, 22.574466136798552, 37.49934670462416, 31.630523129236177, -10.311651715987017, -30.918102657889833, -35.38850995714959], [55.318126668724645, 31.936717714199172, 9.52594852016131, 38.63769094691782, -18.58078211810655, -20.28068420459071, 34.0685688162307, -7.9642067842787165, 31.719294863870434, 28.811177327928103, 32.09880561675725, 49.716739427551154, 38.67063065563068, -22.13663453560468, -9.137660729052868, -17.986963088048153, 13.724829353433291, 2.0887526151082914, 6.704711534577192, -5.789445420826103, 13.674494169400235, 14.959278044609285, 9.538570693717874, -12.944316906469098, 14.567710591011945, 48.84862660104229, -11.86478315977326, -0.8006863785007765], [-25.447537094910363, -21.924726133737884, 30.06611222938897, -15.273663304937894, -34.40716502447972, -64.5838551333724, -28.21192593031937, -1.5375363496442176, -7.7432769144200115, 5.183009998361376, -9.638939776015341, -30.81713872855714, -0.2605297101812749, -34.81358279897668, -15.968201050484558, -44.43587038495635, 21.57650672195993, 18.309827840069566, 0.6129850424678006, -7.822749773355055, -4.031300012398014, -18.948242770770385, 1.783288431696746, -11.464976957467497, 23.56076334903076, 3.976541945720216, -4.038487256619365, 10.718678604875475]], [[25.217484584999987, 41.0907018528834, -6.646071892153256, 21.753194354791205, 23.234479990860635, 41.89479704251745, -16.10945922066473, -7.987609055028697, -24.82310689157139, 18.381959797454, 32.43536875971595, 1.287969507139916, -18.145960654003538, -24.223872647701945, -18.434105546834104, -57.25837917061614, 55.017034277563866, -30.065519131728017, -0.8155882834151278, -6.757346660637433, 2.808332709977255, -11.160577447170473, 10.771087668829189, -49.14624157280275, -36.06021140017217, 2.9038571569417098, 30.788387704357966, -7.322628956695768], [47.65212517654822, -36.033276183647146, 15.068407861124381, -32.385985465378404, 6.86920109367032, -56.842246376010216, -29.47438428934719, 31.612432546614365, -36.73571878672044, -1.897104676403713, 14.487809359639984, -36.19463792215096, 37.5997159566627, -31.18712967180433, 29.47644624283627, -20.673919605979698, -47.05210396971082, -8.121316843212844, -8.577850605822574, 15.246188517384802, -16.84534612985339, -8.254209377012094, -6.336197679331727, 8.581381280194059, -9.285887900191986, -14.494965834571772, -17.277834183390723, -6.930118050016406], [42.76990244576371, -12.512560174521717, -43.15146937071969, -34.64217375898532, -38.42966915932055, -6.495491970175438, -8.365507838127154, 4.658511238136062, 26.116054185089578, 17.533343284941747, 8.543964600653961, 51.218060341456116, -46.276214648403446, 16.182952090629207, 14.21863993270843, -3.9034792360453947, 50.53021978858178, 24.40149042491177, -11.45872290352124, -24.347724069985933, -1.0398650551797255, 18.69352212568051, -3.445526662428122, -6.929700146420841, -46.27261227393011, -16.595952801887417, 4.565650797692412, -5.653581741408477], [-19.953135015260717, -7.672587440376269, -59.488008986570264, -7.578958311064519, -11.911406204088642, -31.198825647177085, 33.1125420322434, -7.305435969217116, 5.929551450536155, 21.44050269346144, -25.999096766116217, 51.37349646164824, 34.72333485563798, 3.590204686911963, -28.52533427490096, 26.58188890006418, 6.0853038997004205, -5.74211408591828, 7.432429149323738, -14.179068702349962, -14.92309485377766, 2.687067020457491, 20.161064045814072, 7.000506255663266, 8.93895403870604, -26.59871525275932, 27.365484871949498, 16.23734216941166]], [[-24.18356972263457, 12.002332216529123, 58.70430988364399, -45.47629481275863, -8.576049333070621, 16.079395669948696, -12.779710197519073, -34.414127990759816, 31.055604105719624, 18.24484461494994, 1.371430219325979, 22.88787692219255, -38.70993633000171, -17.58016819742167, 8.869750122244454, 45.19373030456802, 5.0314416883987745, 13.1950828345139, -16.06924526900683, -9.7208430154872, 21.42689570117929, 26.352608700071595, -12.787221724775046, 35.516795745130096, 45.025807012107116, -14.070082613284375, 17.52506019385058, -49.883073618832945], [0.5960908254287917, -41.85024805692529, -24.961710638848405, 6.106281641840099, -2.001441569922129, -22.804709425472538, 37.77885467446437, 25.438881221134455, -34.515308773621825, 17.132140445148774, 4.627970504895659, 50.528636688171076, -37.0003832486236, 25.26789385861224, -2.910459825689516, 42.21132037260468, -48.21610731034206, -29.98145512642467, 3.346168613296895, 5.577362157292375, -0.6614681222569447, 20.657937028477576, -9.385150039100072, -55.163389286526225, -38.549053867072516, -33.537949728267705, -17.790192301741616, 38.18568202073344], [-53.242228702815225, -38.64999224403664, -35.08243901766161, 16.126693960885266, 4.511452548124954, 38.12681769942495, -5.067999147781523, 13.27909171292218, 24.92973600181086, -35.18079306091742, 11.85111484385478, -46.35307887176286, 36.48489331206146, -10.103147190706892, -14.751652313282523, -34.24033835352438, 1.005404064820438, 11.935604731051358, -14.958755372588376, -13.050522466481857, 8.180878229620893, -16.5691365054044, -0.9823566651770185, 1.1442096655766534, 4.302080360510843, 44.49882416452613, -11.055659278566138, 3.0683727099072935], [-4.96750310372005, -26.549649515525132, 55.31485019954449, 1.5534616082552004, 8.224400497725256, 39.93866781175306, -36.990242521114965, -14.663171097261753, -42.887218445514875, -9.596822302859332, -2.6837154554110385, -29.787505002908226, 40.887199837358615, 2.0613101357055825, -14.802787855999656, -13.03795609728516, 38.40333951101793, -15.967897243946972, -20.944664749011082, 9.52535726924476, 12.15774151340311, 16.92112586085783, 12.46390760760734, -25.950633246183784, -34.18155474123935, -20.298243289862498, -33.55885743104914, 8.223148191698607]], [[-3.2792129207737952, -25.825469373113577, 42.33106111425217, -37.4805478069089, -17.101607455537728, -50.01062582210612, -7.2668789639207265, 34.86315872374533, -37.3756147586467, -4.986284699694833, 13.998435568945006, 49.17521478705577, 37.569997417828304, -1.9617287157418801, -5.796125898495566, -56.380468859598494, -14.766087250735017, -20.475375716463223, -5.046530054979796, 1.3358400395998389, -4.782406333403106, 27.061402478012557, -14.500633728016433, 3.918248540953024, -20.659383666743718, 18.0658436419212, 24.06867920809333, -42.9100083081733], [4.231648129542888, -19.72461451632695, -43.30872991135196, -32.51980694171062, -19.031393084498536, -4.564819860539912, -34.08535231597267, 9.743206995310919, 34.27009354254788, -25.03352192243688, -19.479049029044408, 13.710105304803445, 51.23729522364596, 11.257175018253825, 25.1969260354869, 33.147334049151155, 53.260289731062045, -14.318900220466315, 20.2358058392675, -7.944777582520649, -16.000052017428825, -14.672492373684573, -9.042295728150666, -4.550307545828912, -32.78047567658881, -36.37931189178856, 2.268821693016078, -47.91104439278973], [-44.3038938306693, -4.588054489851175, 45.50361506370275, 12.736908851401108, -7.158055511039837, 32.56076012918889, 27.652790893191778, -25.188897422118053, -25.05246447085944, 8.396837371688752, 30.859960832959192, 6.850785201685085, -43.28324873031344, 41.30627412759566, -25.698979848185886, -10.761893194041544, -6.842991609812848, 24.354275632924285, -18.43413275121857, 3.353989782109894, -24.270897396086166, 30.436910607472882, -11.597128605191893, 23.121037916146825, 48.42235127185366, 0.018212960150092786, 27.976152622612396, -34.20553464609003], [58.543253604631886, -35.428817959447144, 29.806808329105255, 2.7984085606490394, 31.348630309977683, -47.60454435553824, -15.80468484505824, -24.970818037750764, -33.41128376146667, -21.38729780804657, -15.65688785668052, 22.72812403571089, -38.99432310267608, 36.77169970600303, -6.536626073497017, -51.47412168207217, -2.052702586260295, -19.65804605734909, 20.854939137726223, -5.734260776023872, 4.71200083510777, -0.16998478999760663, 1.3307350967554468, 33.65780306309896, 48.504390243701756, 50.13747467726352, 42.95939241109506, -22.174883245173167]], [[-22.634375596351738, 7.643200959634383, 14.592488566834682, 26.63330355675672, 16.589816087363427, -52.503848214082055, 12.213776662103273, 17.012374095857062, -16.29522029584262, -3.763469439200133, -28.61572320504676, 8.552458179125846, -22.37171190959482, 41.605285485451475, -9.946827934645166, -2.0442590434947516, 4.419913196424965, 13.537469458409143, -24.86784023696465, -0.20353319057014724, -2.360234415220458, -27.68611706671537, 12.911466557930614, 15.454828607795775, -14.312844218500302, -47.5299749588012, 33.57823332481691, 31.247470023624032], [-12.222551433323892, 39.004888316710016, -30.27629221349744, 21.87249551346682, 4.932374693199648, 35.046523314998126, 12.856543421848999, -16.317768949166744, -6.957565413701118, -8.375181144532627, -21.90163183994167, -23.5723842728717, 12.24590172514569, -34.76238951911751, -0.34275970425968394, 5.475271947796145, -56.006121995327916, -13.929147431570316, 24.764989036257184, -1.3780318510942562, 0.16007961153482114, 20.981096615527775, -18.209946656693344, 28.508267207835647, 1.2368186081641364, 7.783955231095187, 43.37654746949055, 28.536639858079752], [10.26580001189258, -31.9734576257279, 3.924731120088825, -20.57711808737458, 17.635590612269144, 51.263927115670604, -32.306455183452094, 40.977425735557, 20.162122309856706, 35.82462518026305, 19.99992323231723, 0.24974207672421567, -4.188754708181156, 33.2167175314567, -26.902519293892475, 36.29812380012416, -47.79305731711706, 29.713968910431483, -18.536986843436882, -19.196976423020267, 1.3691772115993626, 4.829290117459488, 13.99224746015641, -31.55178984721099, -11.802240045777284, 6.103372883884473, 29.369730347188597, -48.36360192943015], [0.4193245775075717, 38.94119452418025, -30.757104770756484, -3.258617375904486, -36.30732842905938, -19.597337412011512, 19.858078714368695, 34.80446324058893, 9.879821577046929, 2.5041360478521772, -31.243687400258477, -53.60362439764635, 34.93881011839595, 23.64351139868726, -12.28880328952953, -34.95638998880257, 24.23711901514402, 32.120622463049884, -0.19299083308963622, 19.999442190631356, -15.00758673710707, -29.92101453217347, 8.090055902107808, 44.59575506665157, 0.042344551471161625, -44.171758859578134, -29.02826665482506, -17.777244985727453]], [[51.85151022488987, 0.379702615005677, -46.513570775929864, 40.90614887277843, 26.82657633080369, 35.8717073083422, -23.53212768195541, 27.810065095861045, 25.549869319260665, 7.187015937998239, -13.669849251065136, -36.62310778608426, 3.6422984844355533, 16.690804120527453, 31.502191744369014, 1.683121964238746, 2.201606931051976, -25.18240448168895, 21.097519836165844, -14.479672889264837, 15.761047066334562, -14.902896863359617, -11.78170085176694, -41.38704322270172, -33.38669809154437, 54.725920464005355, 4.206093951085894, 48.47217929549449], [-25.224871309835773, -13.42877910796359, -60.49485779740542, 18.334087025859535, -28.14316785579839, -53.75087663460517, 36.41356313635146, 34.710800164326955, -17.807517157237, -19.680684734682355, 13.131716443007456, 25.390560210270863, 1.3167855267790038, 24.10474114719554, 6.435977916200751, 12.248583546823243, -7.067183462736102, 13.032296518631878, -21.54508823022002, -9.596704406152543, 7.873750066715031, 30.750531605154386, 2.9279764248201867, -45.27137439475471, 10.324948313265972, 25.567155779340755, -18.10237978995863, 33.06410919040287], [7.826198077153148, -19.95324883595199, -25.51702296994198, 7.542252605503875, 11.720490428713216, 14.629644550015222, 25.59214648381533, 24.551860966797125, 41.66700648811675, 18.671409607693832, 29.88485150864302, -43.13676304840757, 32.32100731797664, 11.053974793947917, -16.971278733904555, 2.3050407378595033, 0.4687749836546967, -27.767844058491146, -7.33908648748137, 5.544791921107542, 13.957113711085425, -8.058891026471814, -15.17925355212522, -49.28692228949784, -37.37245184358985, 9.81441951196635, 36.76058508372089, 7.465978920349747], [-22.470136334033324, 10.521630358207908, 53.52245595352527, 33.166017865556306, 4.688175784675176, 47.563979446326854, -33.47738864883294, 12.058984600298762, -11.08758231365494, 3.4005468283103153, 4.688724251520546, -16.266067025248475, -33.4007309131888, 10.88146161353513, 5.891618124221839, 12.23658994489526, 20.518327163529825, 19.919524407641884, 11.010624609651439, 24.42295905420649, -29.96333820679301, 3.831011804096728, 23.075293398078383, -48.50490708055087, 0.10394201982701053, 7.194427628155384, -30.711961372898024, 24.28834515528218]], [[-56.087172539704724, 39.69116425065971, -40.30826051576111, -17.35299207999219, -7.067254069257886, -34.02375742273807, 22.380492949112444, -2.805136976837728, -4.349969680004287, 8.363611094608055, 7.864494431979049, -7.612357325184681, -43.485666167431575, -24.560493891299185, -11.033889556916296, 2.3429446389106334, 40.48654576724572, 23.729981897966386, 0.6526693526810022, -2.179006586341841, 1.2354573222940493, -4.636516269742677, -10.944720659937959, -22.33028586657584, 1.9847099555098573, 35.31767199097282, 27.744285396577588, -37.697624409248895], [58.949527023135744, -18.86735323524354, 13.04799941386461, 45.460573862448065, -38.92997137667999, -61.3775981451949, 7.08166942204719, 35.14597973900732, 9.819638061905719, -5.465260062725561, -8.403239438375852, -46.63183681423548, -31.132408534996582, 12.706990088592935, -18.61261580466821, -46.543921445314545, 9.96284879704145, -14.502203467786, -1.0135410719530982, 6.23920902952276, 15.088705975010516, 10.394720971206075, -5.007708725276822, -19.71444578903477, 7.41037655530496, -48.69660863689106, 5.081304816558717, 5.2832238737245], [-48.29293965339354, -2.3937813766500495, -10.058713149189058, -38.34197736766233, 20.918278415460602, 33.26329232099115, -9.60480452216197, 13.762690106101447, 38.84077327466036, 28.033746784014813, 18.04450447817289, 30.32725386620144, 21.633830480639553, -11.48127782515481, -15.986278247931264, 53.83904971509922, 27.252235869685553, -6.200248879183869, 12.523464351165588, -1.03378672662644, -11.248301109911223, -18.721817420993347, -7.709654811435144, 55.65534885136125, 42.11695063406662, -22.690422644495474, -8.06218594854024, -25.11586641822855], [-54.60381788743885, 14.194024228106551, -0.5467942375487773, -25.68459449154964, 37.38403218517905, 59.425498603914505, 8.2096560257388, -36.68662885579443, -40.195738882468305, -0.1381784759873274, -34.412704572204326, 13.292959539088441, 51.27914836691961, 25.29280868429549, -16.980464063551334, -20.598593700127367, -44.080269295367096, -31.470885752816038, 5.579023711124203, 1.3940710654299262, -24.78357585403119, -26.30867109356996, 19.421191940044846, -15.551376212670348, 34.639846194588294, -40.983412808038956, 36.1327100419961, 49.98406073433863]], [[56.14878859493629, 22.111005712129, 40.045208743994394, -36.251060391682586, -12.876852863841084, 53.40249410597567, 34.001908468067676, 6.2598755683352705, 11.895772307557, -39.296450293293006, -31.11375927910304, -17.658248147967353, 37.60237353083455, 37.880239823052584, 26.271529348370386, -19.77880768107766, -0.18192459269607142, -5.635292288858463, 27.41893037408719, 15.85562242318405, 29.950071775713024, 23.89722131104515, -1.00656346458137, -5.238170035880643, 2.762751400320666, 7.4841683510202985, -26.12617739186914, 50.619946947221194], [10.606136941522813, 6.689174423037952, -27.549811313568934, 28.85391327195801, -16.034707592858954, 16.94989588033575, 21.232875277911088, -34.497236136147066, -6.82713443528607, -14.227367197587443, 33.58007213086343, -10.753205740732142, 1.2720887023658853, 40.77635141250438, 13.843863996733466, 18.212466427365246, 50.136565957017254, -7.331194327328801, 16.07328360936602, 0.528008237915547, 30.06113597614431, 12.557825881395654, 18.289063113384863, -12.966176424302274, -25.036875360938012, -22.585839426437932, -25.30757735342972, 49.82266524568931], [46.65238234445468, 41.99677483512249, -54.80821314247256, 42.05804153409781, 23.392059583928386, -56.806247591709294, 6.0342938678901525, 31.29789718259884, -13.57151223444672, 10.395041711851958, 31.36314145337613, -46.191558588690334, -22.97045669459399, 19.828768850191356, 17.435658040046143, 57.0594982311186, 29.29399951784279, -20.435050575300288, 11.739668470898998, 8.094615448765902, -13.749807076227942, 13.27660025752337, -21.323865643735758, -51.356919263700526, 2.9858917069932516, -17.5971696388553, -19.740269854061903, -0.39034721872222955], [4.074716024911406, 36.18868720442273, 11.561798677302797, -45.932254398580824, -9.79892571966431, -64.03248561300042, 10.725534484465301, 20.188454496437437, -48.06446787171771, -31.343688685807695, -36.56611435511869, -15.426205934656416, -42.10572196555987, 0.6350555367569559, 11.215349059321083, 7.369655580998281, -41.76219170298878, 0.24410662588365117, 11.883905439204007, -20.110450359627286, -6.690437247669976, -19.067393511553135, 6.856346438232976, 2.1490390428605672, 34.15573320976608, 45.823936034139074, -12.573536787713358, -24.911007457151854]], [[-39.15510410169879, -35.61224459619316, -0.5322521655559171, -31.42243363737551, 16.101124871992095, -63.0233170323151, 34.769568175243556, -31.5153779003549, -17.309457106407226, -20.15248851467235, -32.32829714028553, 49.4562878147224, -8.415166560609187, 10.350079808167026, 3.21245082440247, -25.697771102867225, 31.036980920120982, -14.013264208086508, 8.193811463068116, 11.460197491827707, 6.339325705231423, 28.724607633073095, 13.105948004972218, 6.447216532560872, 39.21470378423914, 50.64128902201374, -20.999622664007525, 49.585144311663726], [-48.77391090999358, -21.305058026780983, -44.649947288059394, -3.128233940884897, 9.341332623902238, 23.514819028331456, -20.2821750969602, -7.550139270223661, -6.695526245498167, -20.454251265169674, 39.41190862389865, 50.155250537409174, 41.75579771443976, 18.55039897423473, 16.997268077943644, 49.0436106720036, -26.50556382595943, 9.858129917595653, -14.33174557358239, 16.716311909410308, 17.325125115124774, 26.678713619692935, -13.794266872563615, 36.808789240687545, 12.804819935851041, 15.916311189817751, 14.82737012711297, -52.30421949439935], [28.943869400065708, 25.704040637926145, 36.4696047778748, 17.510910076445356, -36.337314617343594, 44.36515289846381, 30.578100611920643, 26.209306268360884, 3.4724712445656736, 35.44150722096269, 18.486038536138686, -41.73612965080912, 2.2999934647907634, -16.597674474187954, 16.199063846931043, 29.34013685820903, 32.36892814892746, 30.9951105790986, -15.382187852039229, -0.8185669961223148, -13.160099775499718, -15.712223934550549, 20.7707126217108, -1.8103817753256986, 40.572929751975565, -54.32578427642312, -15.049770728539697, 22.8981341594486], [-7.411348714773909, 31.110303874992532, 42.86087259029294, -11.044188924370129, 10.02534096905726, -35.585011515161234, -35.27321402725893, 42.311882776328886, 9.75747351162727, 38.468963908426375, -1.9568698137388365, -52.786958620969, -11.435090565712875, 19.042345766143438, 20.30655160109759, 12.358042220150042, -57.640615123464386, 32.473317932002374, 7.689689193231438, -12.14254931460306, 23.998758761544046, -24.229432954046562, -23.249136142492713, 32.954194575245175, 8.021136556367383, -47.75531253775548, 12.256996589817703, -15.743676750077654]], [[-57.147243668291345, -38.10892117081976, -32.92528185330523, -39.0953289947024, -28.665023706725602, -51.32237375975998, 15.194309375408915, 40.13574498721567, 29.108167695827497, -43.75572861637994, 17.35632449994347, -9.446928908498544, -47.287809173038596, 8.29044405529972, 2.61702178432895, 58.96153370772719, 38.89640081253258, -9.445970854736526, 27.262657187568145, -3.371911554943558, -4.043440762324226, 12.608422191287742, 23.29984054609357, 40.65513101439676, -26.18089206067246, -14.592323081430155, -31.55108995026712, -5.866080560715027], [3.720078708615096, -4.109831826876231, -44.779436021447864, 7.276679425023523, -14.747911879928948, 11.28888375966911, -26.559367134405488, 28.775282118826265, 19.642066592908623, -42.94155678502782, 39.93053044734834, -10.497250889081783, 37.72848301150948, 24.153884482241274, -27.996425866254395, -39.805503602857655, 18.709248890881312, -8.820345770060728, -26.26909304902045, -19.578764374998336, -2.911564369014884, 0.0404058460382878, -19.49127103849546, 43.888868080242695, -32.49897688685353, 39.707433937339424, -8.767426025339164, 27.133139715280567], [33.80786510427991, -8.37235625350658, 54.085115307125065, 8.719992429971539, 2.566533844912785, 51.10807027367752, -9.248260395449323, 4.529419864589067, -32.952644615622646, -18.139455117198118, 9.257063108917851, -38.289241710391124, 1.034234459069714, -17.44868976521765, 9.043890557621577, 19.667114575916543, 4.530527397931834, -32.97976039164943, -21.48171598636672, 6.839524863572893, 9.730435477416112, 10.760684411043538, 4.273610972214597, -8.617818266330438, -34.18089324760752, 17.070937612287185, 14.491136423902471, 26.661829737066803], [-35.33460449574246, 32.574057469021525, -35.975920930438974, 46.40508898169933, 16.107898480272105, 49.3894071878805, 36.833329632639625, 39.42871127711196, -20.84661058310617, -38.69375557178, -8.281386992627903, -12.746690840632592, 42.18693538340891, -41.16793105880634, -9.228704823542573, 26.813507574648817, -9.308277162290388, 20.49017667199386, 4.720252254805653, -18.066744956701395, 9.828617830760772, 5.646421594615696, 10.42384405104121, -8.680041501678911, 7.527186485704998, 13.566701230609366, 7.438090195150331, -6.254232395288482]], [[-55.069526479679595, 13.60854347334741, 12.803427821283877, -39.54146906555683, 15.803614957205092, 32.09434869738486, -33.95478630165034, -21.14260968619922, -20.035151013759048, 40.307367607863185, -20.93299806288797, 9.49661302481451, -46.11209743756223, -19.93945460224001, 17.540488290707344, -47.11294253173323, -57.87583680995203, 22.009453804743735, -16.71928781078297, -19.2517534424149, 19.237132377085185, 9.482561580846058, 18.397464265495053, -7.378255999937651, 43.72561064399836, 27.661255598974105, -21.49080794963818, -48.35993991947875], [-23.616668208894364, 16.383099301867148, 38.02900246032153, 32.96215704643449, 19.350541257006494, -5.457373369090695, -30.741751006402616, -39.16623303051675, -2.1761185564950933, -8.919615787311653, 27.034226251195705, -1.3001320221516655, -20.52901142813832, 19.03512803017123, -29.72577634339305, -4.213960080957066, -2.733304234897551, 2.338133646527842, 20.165245261871167, 18.43737472656233, 14.607769311789804, 16.253364438770937, -20.317636745226686, -1.331816790828493, 34.193449483103635, -13.169734750942814, -26.33873386412379, -44.87651495585442], [-58.596044955141814, -14.045303160554395, -1.37130138366837, -41.01020270418465, 27.43256331720542, 22.34947768940358, -3.536662235198945, 9.473174810880261, 4.878573422352211, 5.805509271465457, 21.674768546149974, 27.20860950550174, 29.152675685508154, 18.18464730243494, -17.028085602984227, -30.924107610191456, -4.10941768615077, 20.84390874421997, 22.866844703944828, 8.16566039516216, -28.606269970355694, -2.153672629102201, -16.89811326717082, 35.0778207091709, 32.269028928209444, 16.536981987213913, 23.802901743185558, -30.04239888263674], [-18.242210269132688, -21.2465812693456, 13.990629459403849, 32.651858425978496, -25.65668374128179, -24.301686496353746, 33.85143031419121, 34.276182795038984, 41.43458180979714, -37.742282716313234, -14.710009185994114, -44.59477286658971, 42.09783149432293, -19.677751998270317, 19.812684264681064, -40.06301301924973, 36.32225209325455, -20.36804652443485, 17.480687443560946, 5.894682398224698, -17.543482585191327, -9.782448997491077, 22.220945545653734, -29.38610142947858, 14.811937637854669, -37.93853155164597, 10.583715148805423, -15.183275225234912]], [[-37.29946757456514, -1.4003917599728566, 5.868856864760649, 16.32343616086427, -26.197805426401764, -34.973620161093706, -36.082908546531, -6.432756462313619, 13.058075763863632, 29.459344133463, 7.3459844306040125, 28.931744910397107, 33.397492073920525, 27.417485904345668, -22.58603064441347, 46.272613263729205, 41.31227455396343, -30.11476761259141, -10.865789260454008, 14.82730409942944, 12.275889539484945, -3.7829292539572, -4.260113464221907, -52.72306420758007, -31.56916768376502, -39.12706047792249, -25.039582432844075, 52.098866013663695], [54.633120093087, 21.995923051741485, 27.033331560856027, -11.351898009382673, -4.990254142206979, -16.209545470896245, 20.039526024564438, 25.365054935681844, -18.332746538778007, 42.27830249400569, -5.312277744733702, -13.59082188144304, 16.682481911918444, -18.544541705279084, -5.863854546609588, 13.045772960275311, -56.76761322821946, -32.63790785596561, -23.581445918860343, 10.2327732887325, -23.77157979568771, 9.120446881370604, 7.005789416754743, -49.7479360334015, -45.29085113665821, -0.7023445829656261, -30.978183457009948, 50.7624116124317], [45.726238709237926, -21.980412136317852, -22.909406490352175, 30.6953513728215, -4.298316362723174, 54.90120793931462, 4.702769324830382, 31.285275641740036, -33.56090795911048, 4.321691829812676, -21.375255154812297, 37.48024665352528, 6.867054342041633, 20.24386013284239, -29.288937388066316, -44.374846451666826, 17.89736146674863, 33.215354541420304, 24.896329831703927, 8.76506911022871, -14.196952579156084, -22.382272724785366, -13.552232806977548, 3.971639608996661, 6.669415208092036, 17.746051609414607, -17.052709838371584, 19.952835195218587], [-14.629552992118363, -8.788004426405372, -14.995002866200373, 14.360941329963188, -15.703541640318745, -38.32652770460678, 30.3800798522664, 18.549832032529952, 38.04407515167261, -13.164878919181257, 24.341930488102932, 31.951032019861803, -6.3930984367921075, -19.405914843432754, 16.997043797002576, -53.67059581343657, 22.011568806618005, -15.10506410815005, -15.821148095944876, 24.664037309121817, -11.516404262560263, 17.163282932934756, -11.443876049762077, 24.97889673364708, 13.714008813478342, -7.3870720269881645, 27.137764132198303, -49.8639238833816]], [[-5.30539573830948, -27.842340231309773, -15.20896790436802, -16.60048656725303, 26.32279099359381, 42.13318906093562, -30.95314135678356, 4.137080676152178, -45.24240442913451, 2.5239299219449767, -5.444055746649506, 27.52313206320903, 39.83988087708323, 11.687295354458945, -27.29634274513488, 13.800383850280431, 46.44427933719519, -35.26777466757632, 27.15517065736159, 21.49047659812615, -1.5904020017306364, 6.043694033170544, -20.415461057334788, -28.784693843665778, 32.157742241061335, 6.609682642985902, -2.8745176601026623, 22.434416818156407], [41.00349435008305, -3.2346740983144158, 46.61136774894449, -36.278201933076225, -8.026311569612497, 31.761223801401773, 36.85039624093804, 14.708225818977416, 0.9233284020511995, 9.100941719602282, 39.16686314635815, -32.97803851964428, -8.346062272308549, 13.737487810123445, 4.179465245918365, -36.18371428567364, 54.539870607893285, -20.727861161998035, -17.74495116042731, -10.486406630598923, 30.09586838808263, 20.66171599120392, -2.9379134596966274, -54.868415822522586, 45.90403282488948, 43.40563509333258, -41.47121989576293, -16.275611403174643], [-0.2720174332549108, 36.47244297996439, 38.49855107443685, 30.84906094951553, 8.047564457210827, 63.279148029379265, 20.597175674867785, 11.815687096626993, -9.524018310388382, -0.3207450751440581, -10.10607790387472, -21.275270707291874, 30.448970681339464, 34.50157333167369, 7.3610361276832545, -23.552817696646674, 53.384471105013425, -12.825240064714505, 24.594556026941696, -19.34058803980972, 22.46322622401569, -25.288207343197932, 10.929751655855403, 32.93978712613488, 40.44020052617922, 31.762265143534876, 21.862390393038883, 26.50166535196327], [-34.85965210712319, 33.49487352621742, -28.99913190809162, 39.94224217846875, 39.23098463179298, 59.01394777341378, -37.56003788156981, 27.432379336397236, 36.155824893062096, -8.20246079404388, -34.95832462130386, -44.795730159891086, -42.51215362152788, -28.059894750365356, 22.841106195319703, -20.831234789587104, 9.224678257632466, 5.6288060088512255, 9.926168247582478, 8.387210405063298, 16.83532913809981, 30.966988871278275, -8.536771340275056, 28.78305792078661, -47.38080949701674, 48.59489756181361, -3.8472919367870486, 22.74127177574888]], [[21.676488173630897, -36.519186712316206, -35.8325794157726, 43.072494406603944, 16.71126723341951, -41.80661226484088, 29.546832827932075, 43.49101254097, 32.912055977285476, -3.0169256347369626, -17.492718748042325, 38.937508430333054, 29.540738185357515, 28.41260879565277, 18.2983920404478, -40.418156284326145, 63.1830728031634, 6.964029942069532, 6.524643065303134, -0.7566274629739319, -0.903882863051949, -22.188775178493096, 13.921360729164117, -1.0117324925132682, -22.967716468021585, -17.95301235565356, 20.226266899681807, -40.666380105249566], [48.012780779004764, -37.83698896869558, -48.26013981112346, -36.511764370050145, -18.23436549532838, 45.3763061194509, 4.094432789860258, 18.381497410592612, -13.169653243249458, 13.452382069509055, -10.458065679684786, 5.376976490663595, -27.12363420431688, 18.372322067147394, 3.508629404555795, -28.97226670045928, 53.21626943097433, 4.460926635087743, -24.751309005650064, -21.738834182034605, -23.702513047138467, 14.132170771382976, -19.669462657108806, 12.922331722493285, 22.90525189352303, -54.21253186005006, -21.024650267008653, 39.73129567714802], [41.33948214284565, -25.940528149704182, 40.407895320341886, 0.671915926876306, 38.494109572852764, 42.23899227517869, -15.28864093120615, 0.661466083151277, 16.54143390386708, 26.81367214052856, 17.671512104721362, -44.60225982016159, 47.39175967184808, 35.7503466484903, 31.08446611564777, -39.78532601939506, 14.217449861615318, -30.751219227050058, 25.174225335648657, 23.586920218442735, 12.289203270438797, -4.542331337224241, 2.6914687931156616, -16.424728821990882, 41.40364187254086, 4.958050100647592, 13.556174543668023, 41.418090122906456], [-51.46713996070392, -26.08361106095463, 35.26073295768907, -24.327025605127492, -3.837495430784429, 27.11091073891319, -31.62903550497625, 27.890491207806747, 24.280038751285808, -37.8827983969079, -29.426113585915974, -30.07730755116516, -48.134115185295926, -7.831836154094134, -2.198344450745501, -13.114495768230103, -33.26284696215714, 9.152832448113156, -27.23171970884753, 15.240325543219631, 10.687336828167306, -20.89843467303412, -12.52511891993216, 44.90882887978686, 25.86557540378263, -5.474778212450601, 12.107818915268165, -27.019495544069333]], [[41.996921240131904, 6.438575069704069, -60.60404471511958, 23.34967553360273, 31.082118649128727, 57.54771255323079, 35.99733391219528, 42.37178334975856, 7.517529566927521, 18.665552266361395, -15.78060826580976, -36.302241813976764, -50.188515661382226, -17.347285171441687, -4.904189652842261, 22.614097949487615, -59.26852437904709, 32.44648982434631, -26.82935991987826, 15.498810561486632, 17.369741837039186, -12.985836336338973, -20.24831254192574, 25.375760761309305, 13.632628493066745, -26.30798552220984, -0.6425605535113306, -0.16732373242685994], [13.207672237002779, 17.873422145747774, -9.67273918139539, 7.357865938120852, -21.59239209971522, -22.085437328656464, 26.041163728564925, -33.035887355663334, -0.5355054058875598, -32.24492225641276, -0.9310883344730563, 16.93630440458844, 26.764098952634335, 4.32467515248238, -16.04966297453677, -56.919467575315565, -2.108904051552991, 17.07328940446628, -21.356472645490324, -0.04400683635982633, 22.21994062797739, -17.662656440506158, -22.105249819212275, 11.774801440761992, -6.4369316932826655, -40.1059517475045, -4.682932896928933, -44.85697027198181], [-0.6053156882753596, -2.618420955061225, 50.64194815459911, 4.164372288406987, -0.5103683474738478, -3.182048414589522, -11.05296113910644, 9.29258422119383, -7.809851801771516, -22.593884974647878, -3.019602267676851, -9.600479022978208, -47.426545821395756, -4.696677624918548, -21.27884573128762, 5.925628164130856, -7.288485333209163, 32.77784537549242, -7.799842101498214, -1.3204462746270502, -22.641773341792028, -23.506546403089402, 24.369793429290937, -30.392079011713964, 8.424143624095727, -40.21632445979738, -14.327024733713266, 2.8783539616343456], [-6.47816590146367, 35.32184078919296, 31.95830478667511, -6.2987259349126985, 9.38219241758988, -5.852420379272231, 13.20832319468785, 30.79953148804225, -27.567412463275268, 0.7270358134272676, 6.270939209761407, 3.210118322447404, -29.64748680101622, -38.37483421104296, 15.140656902203819, -19.622703569115345, -26.754310194445996, 11.996710500953698, 25.537392554312163, 19.83142646622948, -29.220769052560417, 9.966510194021824, -18.983735735279506, -3.053457764566268, -33.455792404847955, 9.24936892109598, 4.849671162769021, 43.88733968756224]], [[42.92233074232017, -17.713981098072683, 9.694558019557123, 7.668842275235491, -20.775402118451282, 33.16092369579847, -22.12958290951145, 40.95430334673915, -24.389022963927246, -42.233087101819144, 8.305864186593858, -6.568232113886707, -15.299848869503487, -11.683396913583962, 10.255671609305912, -47.974088501565355, 24.16960184359094, 15.11769896416767, -0.48880744364769224, 8.452842162799811, -14.553991241054215, 15.97159306424421, -0.678567902092846, -37.26918397675483, 41.129267523339685, 45.67215828308661, 14.294929605723889, 3.3701436895998365], [52.666423118192135, 30.75806760235958, 35.087248510252266, -36.668031568602714, -1.9731949958725545, -65.02382666455593, -29.10358179035832, 3.029494328925937, 8.30451953883749, -41.23540460151433, -19.199731867507207, -17.591087117661232, -31.01624870924901, -1.0196074153736885, 8.805607205727224, 30.649950430481308, 43.8582991969868, 10.415606443458296, 16.883838966597416, 3.5591079012471325, -4.785203104600679, 32.04584418054718, 6.0382950900839125, 1.7803770452781258, -19.67462290188758, 30.640653466361098, 37.83989363046283, -16.122863598081317], [19.15845068131468, 41.03567280528133, 13.520847155508426, 22.01389321956617, 4.160013767528735, -26.604801499415878, -10.12987005817971, -18.15128689271557, 38.10445534088314, -11.864361624537569, 40.539946941031786, -34.57141132006576, 45.80323478967122, 39.32286977224364, 18.138861285304163, -19.22060384179374, 40.511891521462836, 17.716862613708138, 23.756922791960502, -11.637402984244268, 17.619043775066636, -19.406484659472984, 18.2664293668545, -56.73651220909828, 16.01439933156863, 45.97747040786997, -21.809833898493874, -46.90087929357639], [-0.20726271713190716, -40.82006722449132, 8.207302412621857, 41.48468906512709, 13.582239056893458, 48.74198217754198, -21.588880704325327, -36.738724889932534, -32.995482513139436, -37.99260083467339, -7.6879647005440805, 47.37029179162434, 41.58715198562312, -23.561991385703113, 24.988173156904885, 21.486705039300396, -1.720263856448757, 13.04453281291489, 26.853865038857432, -23.952201470576565, -29.140872032113524, -12.741878237209034, 10.634383862481652, -38.04797063565215, 42.610097325561306, -50.70736447809053, -30.629445445447093, -40.13101335154259]], [[-51.92732472226371, 34.53213457011426, -14.063065238737776, 5.957917334218986, -1.871366814402884, 2.390244608676438, -35.2521340102888, -14.522887984005687, 37.526644854647785, -43.55700561129572, 19.17187711757724, -43.555304810932455, 24.119941509342734, 3.5290628034965734, -20.66998971264106, -1.451943590765801, -12.381869563847577, 16.670344092892602, 25.530859500784018, -9.862097336617945, -4.64004533462506, -20.607680566135983, -12.901379113542365, 8.531692909496964, -6.419159679649012, -8.493704782209957, 35.32850243623162, -51.549607559481004], [26.271772564181518, -21.309454864012984, -42.74428933748646, 29.53153548052561, -24.999525375828355, 31.39486924455374, 17.031735922184073, -38.21883646221601, -12.218560974321036, 8.062813032880182, 1.1980574024600992, -50.54063617962993, -36.95261822300031, 22.394920550006436, 27.087752588985932, 55.853202605821856, 13.572378533451479, 25.601273398942606, -26.831031016166452, 19.917082185265077, -24.666084218798815, 16.01846271022408, -15.557093975989108, 23.995484343383506, 35.925629785151344, -51.44261106480905, 0.034818059204411285, -25.68452345360209], [5.499263247353175, 43.33960744270909, 9.660019597699101, 17.255214251707024, 7.105218471964423, -4.45466728689616, 5.553294776080963, -37.45976122526679, 13.017152310570436, -35.92737587253329, -33.37302155510901, 36.59592945872836, -29.655371527398085, -28.765843890827366, -6.495909783991264, -23.65678080287791, -34.7381081867074, 12.286822626812693, 13.167227471709449, -21.172831020305022, 18.367134151569743, -9.046940441577906, 13.812859343665966, -43.36642984193336, -36.30983974820186, 3.242370904962458, -3.7352775119958537, -16.286857910332998], [-34.88702454885888, 8.895055836800134, -22.094019611944418, 27.008131623006232, 7.034524558398491, 18.60680245323861, -20.749122136992426, -5.248614632235834, -27.750760479733966, 5.022901415730821, -4.639528542005039, 52.609402227245035, -47.747200536724684, -9.709560321073063, 21.267441927869186, -54.685809782617845, -20.57871360686525, -4.03515520950449, -11.9998756705852, -22.255806265009333, 17.802115618040887, 8.279093410819348, 11.859207382285849, -19.693517967477117, 29.76627000118541, 6.292862967941161, -5.640145863735244, -23.331655008738746]], [[-42.78343409773702, -43.29157218883092, -21.681537423246436, 14.262047071734408, -20.40326998627964, -48.008043998065084, 9.402818946665413, -2.2878691103357056, 4.712189689036154, 29.069932663303735, 9.360482767181228, 46.41436839550862, -18.98392869620156, 7.705939112155875, -16.063368822162605, -6.174319358488633, 36.149670789216614, -17.641148759978943, 0.36091645667798383, -20.116480867981547, 12.102680730576521, 3.6595437582130366, -19.99116672918319, 13.519335156291852, -38.074780084072245, -18.168045907049542, 4.922934365047824, 11.372349351688053], [-4.6247273600876015, 15.291941469462039, 46.254469898477794, -1.1265290349623613, 6.238944866706186, 57.466116536215935, -32.80462517011429, -7.708864496644783, 15.158438374231123, -8.889835624938728, -24.503992313263844, -1.6257302811001628, -4.122391218290015, -17.216002466791878, 15.560248846322008, 14.481816499651977, -8.837521957851989, 25.5472906914289, -5.548977553257361, -12.908513825492934, 17.947259959635865, 30.806257332638477, 3.052889256299074, -58.57961252725456, 7.79231187507717, -45.64324388624015, -0.1147928125859312, -0.8519282786800554], [-50.43143841104266, -35.259376754907635, 41.84619255976566, 22.57133623725138, 18.9364763392396, -16.650335969360125, 2.545747182284329, 13.976696648657706, 12.863538118570203, 32.8735670273758, 27.576989193405897, 28.899929768146908, -30.48380955086874, -12.51665100199828, 19.926180579051888, -24.41729139350248, -26.100408780833305, 33.64238782597146, 0.8013254275606859, 3.3202182805355482, 23.53564088059307, 16.209479485583064, 22.31897812942128, -57.654023504518634, 28.27269802012162, -53.283497999011445, 0.9606856121930509, -26.51976173932707], [28.812684248183395, -27.56048728393549, -19.646205420591755, 37.677257173838875, -10.404275382734337, -18.381553490031063, 36.858214396382834, -40.43689931590441, -25.25260752389992, -26.47792284023079, -10.838071043543067, 25.373697245253986, 43.639140834870304, -3.934220744954957, 28.075071493852445, -33.5592137541324, 33.04424801043076, -35.691931875040225, -17.16868570135797, 2.785307739912108, 25.809253295487295, 10.594349615095982, 4.505693604003119, 23.82907602070644, -43.86205375224967, 14.924829339959855, -24.55922001348051, -43.10381386601713]], [[-28.618131176667863, -5.62892798430883, 13.211694610108886, 12.49663872200369, -24.31722268845848, 15.174142504674883, -26.633256675377595, 20.75749024974544, 37.709264236616036, 15.059412745019113, -19.673721849224023, -51.64592344329633, 5.1503528275871355, -30.125461969281538, -23.284407600802247, -53.05302424265388, -4.561029957885321, -5.527406329694128, -5.376080133261924, -18.383989085447197, -23.969157995672678, -6.6851017553903365, -7.117850138496724, -50.561392485585024, -27.06354539049133, -26.327974950562158, -25.59325851609867, 44.740853281118866], [46.29156887939951, 5.320174477657262, -9.883088664868565, -15.473831537862065, 1.5776014264953135, 24.940564008343635, 5.223106405714559, 1.513332481986438, -36.09671321609418, -31.60825892831874, 26.958958585649267, -49.6213051018431, -49.95656078741351, -7.2782579818713655, -17.21060731536502, 44.151076066852795, 37.906045677416145, 20.358723690467453, 3.4086633256593797, -18.3111100537065, 13.960965465059399, 29.460085114057637, -20.813629002311714, 3.516268780902709, -32.28511756414054, -18.895739081710083, 38.801984415201034, -32.42808486060995], [-26.20210909229554, -36.10190441049035, 54.229484469021365, -40.3148974950541, -3.889661136736097, 59.71496094728358, -5.135438361615441, -4.34728925508377, -37.086716473823515, 14.717599750159128, 24.36842573867104, -29.617351694592344, 16.172295114198306, -38.81387074979705, -9.658867378970154, 30.123716766071002, 4.221962875692229, -32.41858651462148, 11.806614367825928, 18.155587329496992, -21.72724312209113, -4.971588533509954, -7.271377427165982, 52.84558492426158, -31.51071038850835, 11.687592754595844, -1.7893445995335309, -19.877542940939733], [-35.37134431773487, -34.028339318155474, 45.33000414350703, -0.6218191636804987, -13.179351018745566, -64.74139292607266, 7.917009272930009, -22.612448686405653, 6.831252677709605, -23.64838424998501, -35.33847959851864, -10.493452465677116, -24.711426123185834, 7.2852356567365755, 13.723964832965237, -59.72793756584701, 38.44028614782927, 9.424936665387715, 14.322322433322848, -14.37810674720008, 9.415562733961297, 11.67971190057824, 24.096655635210993, -25.79547119240706, 14.361519266667871, 51.52177585685645, 8.842002873539757, -43.9494399957105]], [[20.54348788486053, -19.998141266409537, -33.87353419961915, 0.787476307395961, -15.38783580009608, 3.3605907533616373, -15.629511574067854, -42.761707407431956, -26.251295080203835, -43.50364056486896, -21.477782257819214, -0.8948518044458156, -4.285997240767666, -24.029381374555676, -7.974335945581844, -15.473097077503287, 54.527554781674766, -18.47240388174208, -1.7279854095064606, 4.364190211239175, -26.039400528054255, -29.375380319476477, 4.049408776208021, -48.66367768257641, 35.40447087707195, 44.24009282440816, -16.746530181799407, 3.3649748157026504], [59.91361941552376, 6.478878928980577, 60.1603085164758, 18.467448308666086, -20.778277555542008, 8.533891918906434, -1.1264867129043408, 16.332866726496466, 36.46942159137993, 33.17088080034184, -14.276767181766528, 45.06377920073301, -17.70459758199348, 20.46690474619029, 7.612784175366925, 40.56859816334502, -0.18809532256144743, 35.86492158207379, -20.586249746318853, 7.892053419542617, -1.9317547991561357, -3.8394186616596326, 9.992260251069295, 1.9060150303685666, -10.61217912598798, 42.2172113935275, -13.689454764071337, -25.540235905013287], [44.764984762996214, 35.63095495015674, 11.1756567374643, 5.390348204797529, -22.170082870154996, 59.14293240772325, -37.804524502057426, 24.363132132143456, -8.209294632297631, 36.26878638710513, 1.774758364395211, -54.61222831129957, 51.79724135671083, 40.732413014167804, 29.80343683697311, -45.34565832569383, 19.246537135757816, -14.590713560584405, 17.508850548299296, -23.910151325459196, 11.168175059552864, -27.547372048978822, -10.714924383848437, 25.257653113861544, -34.78986576043201, -24.143922646543555, 40.3165193620077, 45.07019617941516], [31.233308098050138, 8.628521197829198, -41.343517672476466, 13.70040249282605, 18.82474991365551, -42.70194988458265, -38.17039901916748, -0.5086537965666238, -15.062630845877347, -23.044020253345252, -22.976952128547556, -32.792785201167796, 36.013593333247705, 41.18270374593965, 10.49586397317542, 5.8897576062132115, -55.180406987126744, -35.37464839775801, -16.11920877764486, -12.657385955333252, 14.084110378803508, 27.096709927177315, -19.558624715896144, -46.88040393331295, -6.619961852919568, -26.98885644539288, 9.510457172236688, -40.4447790138779]], [[39.85373222088111, -29.062273308116833, 56.47055887329975, -24.178756336903813, -35.94792232785873, 65.14473219287248, 11.25841868409197, -38.28407435792995, -3.0548817283771017, 0.7692988954282157, -6.004110598931644, -12.797995809471193, -15.289412027443417, 29.70377781972182, 27.284331420739104, -25.603733171829347, -10.959045764761598, 27.956413135563043, -9.859518799459455, -15.244805226024997, 8.341709326853527, -19.18561772834206, 3.1812220385021837, 40.36395221267934, 17.955535453209066, -47.660003758614614, -17.83195103416189, -5.2333274206056135], [41.39182623456044, 16.728043891186903, -39.44430311340822, 32.68200598547176, -36.401598463674276, -33.77972841052981, -9.429078390774645, -16.583309791081586, 17.868969431607972, 12.749015164737026, 34.8567545886762, 15.379250041326719, 32.40184372435398, 35.37703539766136, 19.92933728269486, -41.619411869720764, 2.777735819007242, 29.970563993354965, -6.951071439129145, 19.054211266253876, 5.443599856885238, 5.34207409660952, -13.212285921020406, 39.52697403843053, -5.937321091242045, 6.777471808650735, -34.94917754565275, -14.229431870005042], [-24.197650006379963, -25.956933006150052, 22.599400791982326, -45.00072110383796, -20.43948032655156, -8.810424630756117, -25.036367267189654, 32.88592627664465, 11.99643602312475, -28.841681049875255, -19.293845610462625, 19.281684863593014, -14.296084752503033, -13.303708763470453, 26.134899832726443, -60.45303971538066, 56.97948976110154, 27.863732819795267, 24.719106880894635, -5.464810121520408, 22.497081835662904, -2.9017566517386677, -10.046896406924263, 58.179527888651315, 9.92151675609873, 27.597919393839987, -8.533215512716712, -10.885119872614318], [19.019045464208745, 34.31636616502343, -8.240970835715881, 13.319418470402269, 30.392479850585808, -1.9794095501116384, 24.800264611785767, -0.3470428585222875, 36.28974026982867, -35.236931332450084, 32.65405471657008, 46.32068437707309, 19.273614387021006, -10.434856126660867, -22.955273995778672, -21.41292680257617, -60.501394504137764, -35.96107385712969, 20.26966756468027, 24.362426974797092, -19.377139206236013, -29.763166002276893, -5.576754718319987, -6.282910979762592, -18.30070864963404, -14.283650061109448, -25.490297055201093, -47.009746212976914]], [[45.43670717630915, 23.23338922013045, 20.5514711157495, 24.92818166006318, -17.503970300829206, 53.48933455730571, 22.224126296251253, -26.575094205220882, 16.552803555018013, 24.073985395503747, -21.333160757531427, 17.965040673950295, -18.19268182606551, 6.555213530856004, -14.91156438944052, -6.022206896827688, 41.305268136527026, -10.776610188866766, 24.99840829663427, -20.482094056085902, 12.257819540730276, -7.334213081431427, 21.697697719435094, -18.250144207467088, 0.5388063953106741, 13.791024448224562, 6.452145105514798, 37.99143815882011], [-9.060319023138364, -27.766972698684263, 58.41188076013034, -20.710562688526352, 36.47269169237195, 24.16224944322873, -36.294073169347655, 25.637932370523387, 22.108781151692796, -13.41095074554266, -29.782261199797976, -0.18157698357896107, -44.61397067430846, -24.586686871637056, 17.536283922747312, -43.80191787757535, -30.21552920930476, -19.887434577606122, 4.773352668820742, 15.293341790012079, 17.191005082294286, -25.695559970097143, -4.441694386089277, 2.0469562450066108, -21.695025963403648, 44.215408986241485, -6.3718902181559045, -5.793942247906728], [56.532358758816436, 39.58690496409898, -53.416781310591595, 28.651248271556774, 35.80908328709974, -31.71551937329134, 33.502710416669814, -42.14974816180369, -39.85847167952007, 10.945077043117113, -36.39518045865951, 39.46949248378069, 10.578282934225218, -40.82456670132343, -14.859838821389584, 34.23936395395696, 22.513646282414893, -9.89306733453893, -26.325170920364904, -5.770231544105227, -9.01157457968803, 10.696377671480716, 20.473557867737565, 53.39290510163506, 31.429695023386316, -48.60731727606778, 31.402313950973507, -31.68104879572149], [26.5845589889632, -8.113576341219135, -35.96557061506056, 23.270008013452298, 13.159441955973252, -12.985217718075852, 9.745741566562588, 37.286944339387894, -16.829288848841212, -29.916739996369223, 4.832541779241872, 2.114916294767675, 8.19293430375269, -29.707528222958526, -3.314323398011654, -2.544806287063563, 34.16678261046134, -18.16122160554322, -1.775363966909177, -17.791361081500355, -10.64307401538751, -27.35234544943843, 24.297981857738403, -56.22650359560701, -44.15482130357469, 18.961017179516293, 20.43127475919249, -50.90560510271961]]];
t = [[99999999.0, 11.004822718760176, 13.286676938659648, 14.357661401142296, 7.019191252409248, 13.248696606258608, 14.600808554680992, 11.766085997860303, 8.831352191608191, 13.066715196322283, 13.505520794394053, 12.15830020853351, 14.144083765719541, 10.44784893035781, 12.940321609981822, 10.073216338398755, 11.721253945887309, 7.470494330048854, 14.71479337960341, 9.057299812201466, 8.42215252891367, 9.96540917589562, 6.2985329430782215, 9.468270432248516, 10.707825127817301, 9.446195318814382, 11.188518658161176, 10.144768760522634, 5.556577056762146, 13.657944667085227], [11.004822718760176, 99999999.0, 10.634544200210367, 8.95280236998297, 6.419442256647377, 11.672701829267034, 7.6042445576153606, 14.135066211879007, 6.1791949850297145, 12.262595601375079, 6.319071013561573, 12.095415568298497, 13.976404168730541, 5.861991802799347, 9.19384523438816, 8.622903137959074, 11.269650674378429, 12.513844324970467, 8.405593762405, 10.629943323057805, 13.883140068529979, 6.558171984180879, 8.4786459640349, 6.551185300807858, 5.251993898462373, 10.339181771978808, 6.266992577757533, 8.315202655922516, 14.590170860559313, 14.352888565464678], [13.286676938659648, 10.634544200210367, 99999999.0, 6.1830246833234215, 13.651710387881952, 14.541761345281119, 11.157080906144481, 7.234787413451782, 13.907089335203032, 11.766242197801487, 14.354199415285926, 14.506482455804061, 8.998546156404597, 8.577914426565812, 8.626039148635373, 10.110466745117785, 5.355473045713167, 6.5901024115375675, 11.418617788322218, 13.374708118345222, 8.264824456329384, 14.925080103904428, 5.050684656029901, 7.799989428799358, 13.155540734132297, 5.855239904068297, 6.0419997156789185, 7.968725082512307, 14.347325989963831, 11.11917552594278], [14.357661401142296, 8.95280236998297, 6.1830246833234215, 99999999.0, 9.130012675169159, 14.767542683601484, 10.074147450248837, 14.470578988813502, 7.317891923075682, 14.675497906436386, 8.857971326210572, 8.425344825161414, 13.294609269073469, 11.842865545926955, 5.194481493957689, 13.6803491389933, 9.47418126502319, 14.051054624468513, 13.457599322674556, 12.861011392909976, 8.292768827970155, 8.445461588708083, 10.387264474481707, 6.182330078561761, 14.283302230586939, 11.30869858885058, 13.242677884585355, 11.55080521005613, 14.76733415638615, 14.467195967048315], [7.019191252409248, 6.419442256647377, 13.651710387881952, 9.130012675169159, 99999999.0, 9.710809245781899, 7.350314923945565, 5.362762653905899, 11.19851865803713, 10.315106072762436, 7.201798909172412, 12.410875171310382, 9.306883236560276, 12.373430688977656, 11.676333240194138, 7.926551137751558, 11.189324906666636, 10.385446966853843, 9.579701040279108, 11.746131055528238, 11.377057343451522, 6.099636075608453, 10.052921185940333, 9.49539693861048, 12.078649006137859, 9.174042397229892, 10.256525366567539, 9.768068062803902, 5.512268765205002, 14.303990030506167], [13.248696606258608, 11.672701829267034, 14.541761345281119, 14.767542683601484, 9.710809245781899, 99999999.0, 14.92197897851049, 9.523240839109672, 9.107569521919988, 7.88643419199119, 6.691815227739852, 9.04340175511798, 7.400987102653152, 8.871548819139052, 14.3120260535431, 8.580724527479239, 9.164064584168926, 14.160697506744551, 7.797762070945869, 10.126888420424592, 13.318891441280975, 13.043109072142789, 14.932995253372912, 11.77660188825979, 9.096375422312324, 10.83286579584362, 5.485897312443287, 13.966171507051705, 11.567751040095713, 5.688521254100774], [14.600808554680992, 7.6042445576153606, 11.157080906144481, 10.074147450248837, 7.350314923945565, 14.92197897851049, 99999999.0, 6.993039743270012, 8.065963313138058, 7.0506753499433135, 8.963441879149347, 12.13559904737347, 14.519746439665592, 5.251236112252431, 7.163878033951771, 7.25243626289545, 13.771781637559698, 12.138972278320264, 14.293277164438509, 10.729172283641278, 12.501261000439118, 11.149650142455743, 7.447330731799293, 14.49263513627498, 10.778803970307454, 8.052975574309789, 7.364026093306597, 7.557800825387384, 6.825250593704578, 7.115585619541353], [11.766085997860303, 14.135066211879007, 7.234787413451782, 14.470578988813502, 5.362762653905899, 9.523240839109672, 6.993039743270012, 99999999.0, 12.49502681311475, 10.569015027229767, 8.474483429012775, 14.549558377738313, 9.494417317041078, 5.5330614312194735, 10.238612369430474, 5.072263231864529, 5.500446551180625, 7.002042810258489, 13.385917351432113, 7.198099284817561, 5.384439058124123, 8.434621437390534, 6.827881380140795, 14.900108004813081, 5.963757820732423, 14.665290772473597, 12.214649272210517, 7.338129168088424, 6.880100773104938, 9.882635659120368], [8.831352191608191, 6.1791949850297145, 13.907089335203032, 7.317891923075682, 11.19851865803713, 9.107569521919988, 8.065963313138058, 12.49502681311475, 99999999.0, 5.876221980949974, 11.776648589970176, 11.634408877056076, 8.563934183668398, 12.829147349573038, 11.331425232597894, 7.427131897473627, 12.9060043613591, 14.589074266757029, 7.154264342349281, 14.336889648171422, 8.967932633885061, 11.55576969912007, 9.669480815785803, 8.237871312137447, 8.571944636335001, 8.12842830596826, 7.03494713029574, 11.794195021590223, 8.768694740683792, 8.7212739082986], [13.066715196322283, 12.262595601375079, 11.766242197801487, 14.675497906436386, 10.315106072762436, 7.88643419199119, 7.0506753499433135, 10.569015027229767, 5.876221980949974, 99999999.0, 10.227325515260503, 6.678359556788266, 5.176190745115624, 6.051276197278279, 14.91416860819638, 7.572583178051186, 14.723294988879147, 11.106945176894776, 14.947422548483836, 8.30255902741263, 13.334689282789112, 14.589783159825265, 11.029386091361038, 6.908336655885718, 12.069734922874051, 7.036090743975489, 12.346227139914689, 13.707672170633282, 7.10005459256285, 6.667925111949691], [13.505520794394053, 6.319071013561573, 14.354199415285926, 8.857971326210572, 7.201798909172412, 6.691815227739852, 8.963441879149347, 8.474483429012775, 11.776648589970176, 10.227325515260503, 99999999.0, 14.137780087889567, 11.484001798972859, 8.934331015238712, 7.45357993642064, 10.739369130297671, 10.788114175389932, 7.610122054446956, 12.67772492630236, 13.682903197701195, 10.044565899173751, 8.303397222266486, 12.008960653564813, 13.69346086170683, 14.310839341282184, 5.563533494300286, 12.21849266810668, 12.31219418303321, 7.501587610024012, 10.787203922775763], [12.15830020853351, 12.095415568298497, 14.506482455804061, 8.425344825161414, 12.410875171310382, 9.04340175511798, 12.13559904737347, 14.549558377738313, 11.634408877056076, 6.678359556788266, 14.137780087889567, 99999999.0, 8.919123223023561, 13.504554448146665, 8.890592929524285, 12.996627383412193, 10.455003356267836, 6.022331050274391, 9.335392007076663, 11.489644178324156, 7.9206598885957815, 5.374837665974482, 11.182465074479063, 6.483053346826669, 13.31823052324237, 12.671447655630708, 12.922850663207006, 9.10902752143583, 9.345018963126657, 7.616613208223079], [14.144083765719541, 13.976404168730541, 8.998546156404597, 13.294609269073469, 9.306883236560276, 7.400987102653152, 14.519746439665592, 9.494417317041078, 8.563934183668398, 5.176190745115624, 11.484001798972859, 8.919123223023561, 99999999.0, 5.299929793874016, 10.30431465481729, 10.76983254991378, 6.820237765688598, 8.326402128326173, 7.669376045139488, 6.93578942264555, 11.5114087387681, 9.76811021975492, 11.531001930665594, 5.190966061321532, 8.345726604673825, 14.498222783809618, 13.011670794338494, 5.61184354061166, 10.702149083989154, 8.251590098937635], [10.44784893035781, 5.861991802799347, 8.577914426565812, 11.842865545926955, 12.373430688977656, 8.871548819139052, 5.251236112252431, 5.5330614312194735, 12.829147349573038, 6.051276197278279, 8.934331015238712, 13.504554448146665, 5.299929793874016, 99999999.0, 8.07901969863294, 7.7531068809574855, 9.347274196781346, 11.883491754694372, 9.815926879202419, 6.284201255111461, 5.145546603275531, 10.837186258130732, 7.849615347192095, 7.8986426815292905, 6.301172888805469, 8.388052420523808, 8.967693246930533, 8.827815257174233, 5.566939440234143, 8.923156597053106], [12.940321609981822, 9.19384523438816, 8.626039148635373, 5.194481493957689, 11.676333240194138, 14.3120260535431, 7.163878033951771, 10.238612369430474, 11.331425232597894, 14.91416860819638, 7.45357993642064, 8.890592929524285, 10.30431465481729, 8.07901969863294, 99999999.0, 8.95213549415061, 9.159158890454204, 13.965871464025124, 8.26770223818213, 6.471294529170705, 11.403842610852966, 12.028779045389232, 14.257178709737918, 14.513602810111353, 12.357641797921717, 12.902018013806256, 10.670582771442485, 13.114282286121652, 10.138366652192232, 14.831502172801528], [10.073216338398755, 8.622903137959074, 10.110466745117785, 13.6803491389933, 7.926551137751558, 8.580724527479239, 7.25243626289545, 5.072263231864529, 7.427131897473627, 7.572583178051186, 10.739369130297671, 12.996627383412193, 10.76983254991378, 7.7531068809574855, 8.95213549415061, 99999999.0, 11.784797456552349, 5.6682708207508234, 8.89625627901376, 7.171867091470992, 9.89110656709301, 10.344366310705459, 7.29820825288118, 13.760379466733387, 10.23583933771075, 6.958517766867405, 10.482778343144393, 6.437422607389793, 5.305436397491059, 8.859662976726588], [11.721253945887309, 11.269650674378429, 5.355473045713167, 9.47418126502319, 11.189324906666636, 9.164064584168926, 13.771781637559698, 5.500446551180625, 12.9060043613591, 14.723294988879147, 10.788114175389932, 10.455003356267836, 6.820237765688598, 9.347274196781346, 9.159158890454204, 11.784797456552349, 99999999.0, 14.409232582124302, 10.918548776223394, 9.882864858722954, 12.514049906263999, 7.653005224891629, 9.387868761953714, 10.943327697819042, 9.8495028853233, 12.254936093791049, 7.384896335482299, 5.329035642627723, 8.461511478101304, 8.106998372113974], [7.470494330048854, 12.513844324970467, 6.5901024115375675, 14.051054624468513, 10.385446966853843, 14.160697506744551, 12.138972278320264, 7.002042810258489, 14.589074266757029, 11.106945176894776, 7.610122054446956, 6.022331050274391, 8.326402128326173, 11.883491754694372, 13.965871464025124, 5.6682708207508234, 14.409232582124302, 99999999.0, 8.248144574168302, 10.337884671408831, 6.563438256963263, 5.026857874480958, 14.059338144972411, 13.132640724440396, 13.429708432478671, 9.94841999500337, 10.17189045402139, 9.097994497277583, 10.719928853439136, 14.379816550824318], [14.71479337960341, 8.405593762405, 11.418617788322218, 13.457599322674556, 9.579701040279108, 7.797762070945869, 14.293277164438509, 13.385917351432113, 7.154264342349281, 14.947422548483836, 12.67772492630236, 9.335392007076663, 7.669376045139488, 9.815926879202419, 8.26770223818213, 8.89625627901376, 10.918548776223394, 8.248144574168302, 99999999.0, 10.267975300049251, 14.570256303083838, 6.309509232854681, 12.05366176340096, 7.30808963294543, 14.556574591560185, 11.702421821652157, 9.605863953322583, 8.044212981076843, 12.889649981187922, 13.125818000040335], [9.057299812201466, 10.629943323057805, 13.374708118345222, 12.861011392909976, 11.746131055528238, 10.126888420424592, 10.729172283641278, 7.198099284817561, 14.336889648171422, 8.30255902741263, 13.682903197701195, 11.489644178324156, 6.93578942264555, 6.284201255111461, 6.471294529170705, 7.171867091470992, 9.882864858722954, 10.337884671408831, 10.267975300049251, 99999999.0, 10.882088520166608, 11.325381670115364, 5.8410688841771465, 12.115255801675296, 9.906318105675389, 8.35373374453894, 14.409967004830081, 7.728236931201259, 13.07911834247185, 11.54778768887666], [8.42215252891367, 13.883140068529979, 8.264824456329384, 8.292768827970155, 11.377057343451522, 13.318891441280975, 12.501261000439118, 5.384439058124123, 8.967932633885061, 13.334689282789112, 10.044565899173751, 7.9206598885957815, 11.5114087387681, 5.145546603275531, 11.403842610852966, 9.89110656709301, 12.514049906263999, 6.563438256963263, 14.570256303083838, 10.882088520166608, 99999999.0, 8.480982962471256, 5.236245285206439, 5.198713217741987, 6.277603671821648, 12.324173309860432, 9.584821480014597, 13.102422000506545, 14.521444836634682, 5.913482952666347], [9.96540917589562, 6.558171984180879, 14.925080103904428, 8.445461588708083, 6.099636075608453, 13.043109072142789, 11.149650142455743, 8.434621437390534, 11.55576969912007, 14.589783159825265, 8.303397222266486, 5.374837665974482, 9.76811021975492, 10.837186258130732, 12.028779045389232, 10.344366310705459, 7.653005224891629, 5.026857874480958, 6.309509232854681, 11.325381670115364, 8.480982962471256, 99999999.0, 14.929282697191917, 12.745077036378573, 7.961919777907833, 12.259462889330578, 5.437346703779552, 13.291309953534098, 9.363515880978868, 10.757502729162155], [6.2985329430782215, 8.4786459640349, 5.050684656029901, 10.387264474481707, 10.052921185940333, 14.932995253372912, 7.447330731799293, 6.827881380140795, 9.669480815785803, 11.029386091361038, 12.008960653564813, 11.182465074479063, 11.531001930665594, 7.849615347192095, 14.257178709737918, 7.29820825288118, 9.387868761953714, 14.059338144972411, 12.05366176340096, 5.8410688841771465, 5.236245285206439, 14.929282697191917, 99999999.0, 13.243488476264059, 8.511381073549689, 6.575008185674655, 10.794309366612744, 5.053943140129762, 13.667770756968729, 5.569768514593784], [9.468270432248516, 6.551185300807858, 7.799989428799358, 6.182330078561761, 9.49539693861048, 11.77660188825979, 14.49263513627498, 14.900108004813081, 8.237871312137447, 6.908336655885718, 13.69346086170683, 6.483053346826669, 5.190966061321532, 7.8986426815292905, 14.513602810111353, 13.760379466733387, 10.943327697819042, 13.132640724440396, 7.30808963294543, 12.115255801675296, 5.198713217741987, 12.745077036378573, 13.243488476264059, 99999999.0, 13.21797106255801, 6.367712506113456, 8.667463209579394, 7.884813799636646, 8.138223661311596, 10.240304728324453], [10.707825127817301, 5.251993898462373, 13.155540734132297, 14.283302230586939, 12.078649006137859, 9.096375422312324, 10.778803970307454, 5.963757820732423, 8.571944636335001, 12.069734922874051, 14.310839341282184, 13.31823052324237, 8.345726604673825, 6.301172888805469, 12.357641797921717, 10.23583933771075, 9.8495028853233, 13.429708432478671, 14.556574591560185, 9.906318105675389, 6.277603671821648, 7.961919777907833, 8.511381073549689, 13.21797106255801, 99999999.0, 5.23904368877706, 7.971334600799507, 10.553900249513044, 5.048275713549865, 10.39115430344107], [9.446195318814382, 10.339181771978808, 5.855239904068297, 11.30869858885058, 9.174042397229892, 10.83286579584362, 8.052975574309789, 14.665290772473597, 8.12842830596826, 7.036090743975489, 5.563533494300286, 12.671447655630708, 14.498222783809618, 8.388052420523808, 12.902018013806256, 6.958517766867405, 12.254936093791049, 9.94841999500337, 11.702421821652157, 8.35373374453894, 12.324173309860432, 12.259462889330578, 6.575008185674655, 6.367712506113456, 5.23904368877706, 99999999.0, 7.769107343841161, 12.69763599789755, 13.657649589531788, 5.7854863760194855], [11.188518658161176, 6.266992577757533, 6.0419997156789185, 13.242677884585355, 10.256525366567539, 5.485897312443287, 7.364026093306597, 12.214649272210517, 7.03494713029574, 12.346227139914689, 12.21849266810668, 12.922850663207006, 13.011670794338494, 8.967693246930533, 10.670582771442485, 10.482778343144393, 7.384896335482299, 10.17189045402139, 9.605863953322583, 14.409967004830081, 9.584821480014597, 5.437346703779552, 10.794309366612744, 8.667463209579394, 7.971334600799507, 7.769107343841161, 99999999.0, 14.236877830504827, 13.707100795956986, 14.926813219550066], [10.144768760522634, 8.315202655922516, 7.968725082512307, 11.55080521005613, 9.768068062803902, 13.966171507051705, 7.557800825387384, 7.338129168088424, 11.794195021590223, 13.707672170633282, 12.31219418303321, 9.10902752143583, 5.61184354061166, 8.827815257174233, 13.114282286121652, 6.437422607389793, 5.329035642627723, 9.097994497277583, 8.044212981076843, 7.728236931201259, 13.102422000506545, 13.291309953534098, 5.053943140129762, 7.884813799636646, 10.553900249513044, 12.69763599789755, 14.236877830504827, 99999999.0, 14.915848917176026, 14.770465761022937], [5.556577056762146, 14.590170860559313, 14.347325989963831, 14.76733415638615, 5.512268765205002, 11.567751040095713, 6.825250593704578, 6.880100773104938, 8.768694740683792, 7.10005459256285, 7.501587610024012, 9.345018963126657, 10.702149083989154, 5.566939440234143, 10.138366652192232, 5.305436397491059, 8.461511478101304, 10.719928853439136, 12.889649981187922, 13.07911834247185, 14.521444836634682, 9.363515880978868, 13.667770756968729, 8.138223661311596, 5.048275713549865, 13.657649589531788, 13.707100795956986, 14.915848917176026, 99999999.0, 6.650807626543299], [13.657944667085227, 14.352888565464678, 11.11917552594278, 14.467195967048315, 14.303990030506167, 5.688521254100774, 7.115585619541353, 9.882635659120368, 8.7212739082986, 6.667925111949691, 10.787203922775763, 7.616613208223079, 8.251590098937635, 8.923156597053106, 14.831502172801528, 8.859662976726588, 8.106998372113974, 14.379816550824318, 13.125818000040335, 11.54778768887666, 5.913482952666347, 10.757502729162155, 5.569768514593784, 10.240304728324453, 10.39115430344107, 5.7854863760194855, 14.926813219550066, 14.770465761022937, 6.650807626543299, 99999999.0]];
