M = 99999999.0;
numWorkers = 25;
numRoles = 6;
numNodes = 30;
wStart = [0, 58.59412386873872, 44.3413641688353, 13.124788335563803, 17.690253116593958, 13.910455720840856, 46.662240364636574, 12.729980645824531, 36.90922238558329, 34.910900257009665, 14.419135046405255, 34.2895881276434, 51.44506900377016, 33.71952020110325, 43.5252465355168, 45.89898709911767, 23.300873804567708, 47.49469668484889, 39.27118355981363, 3.586795594916399, 42.035227346901614, 8.698114098395102, 6.057974860491527, 3.799388842389718, 42.30711458930603, 60.454406056123, 32.08149150239274, 33.78463047100428, 46.36564348915036, 0];
wEnd = [0, 84.43098414261837, 83.3606590299662, 47.343756328147364, 46.33953499008081, 48.73160409700614, 78.40707257441986, 49.10212294004854, 69.77093995431824, 65.52617967450121, 43.43017255142223, 68.14246639158186, 84.29196490226037, 62.11361801775349, 69.20664104565824, 75.91618389208917, 56.53177716532371, 77.71491243475525, 74.67617678916181, 40.076127195807544, 76.31165914186855, 43.324637408116594, 35.573612938677854, 41.596167895817416, 79.8287942951203, 89.68642776742081, 66.83586087160089, 63.83568985685354, 79.69877844829205, 90];
p = [0, 10.03812885338962, 23.992389474330135, 20.706585024536245, 14.20873137770103, 15.04787987752364, 12.962810427852256, 17.900802926801166, 13.113623336172266, 16.887139055657656, 13.42054339810331, 13.68452457525153, 19.92940832350993, 8.150443092066823, 14.477508288507709, 7.711801624083064, 12.740392432065315, 13.380152222446537, 11.73080643393929, 12.540686533596181, 17.86751958328079, 17.62669329397922, 13.258762795840108, 23.271671717865342, 20.486367956924585, 12.665389197191578, 16.542524943325294, 12.836874661363568, 18.90207129283545, 0];
e = [[1, 1, 0, 0, 0, 0], [1, 1, 0, 0, 0, 0], [1, 0, 0, 0, 1, 0], [1, 0, 0, 1, 0, 0], [1, 1, 0, 0, 0, 0], [0, 1, 1, 0, 0, 0], [1, 1, 0, 0, 0, 0], [1, 0, 0, 0, 0, 1], [1, 0, 0, 1, 0, 0], [0, 1, 0, 0, 0, 1], [1, 0, 1, 0, 0, 0], [0, 1, 0, 0, 1, 0], [0, 1, 0, 1, 0, 0], [0, 1, 0, 0, 0, 1], [0, 1, 0, 0, 0, 1], [0, 1, 0, 1, 0, 0], [0, 1, 0, 0, 0, 0], [0, 1, 0, 0, 0, 1], [1, 1, 0, 0, 0, 0], [0, 1, 0, 1, 0, 0], [0, 1, 0, 0, 1, 0], [0, 1, 0, 0, 0, 0], [0, 1, 0, 0, 0, 0], [0, 1, 0, 1, 0, 0], [0, 1, 0, 0, 0, 0]];
d = [[1, 0, 2, 0, 2, 0, 0, 2, 2, 1, 0, 1, 1, 3, 3, 1, 0, 0, 1, 2, 0, 1, 1, 1, 1, 0, 3, 3], [1, 0, 3, 0, 2, 3, 0, 1, 2, 0, 3, 2, 1, 0, 1, 1, 0, 1, 1, 1, 1, 2, 1, 3, 2, 1, 2, 0], [0, 1, 0, 1, 1, 2, 2, 0, 1, 1, 0, 1, 4, 0, 1, 0, 0, 1, 0, 2, 1, 2, 1, 1, 1, 3, 0, 2], [0, 0, 1, 2, 1, 1, 0, 0, 1, 0, 0, 1, 0, 2, 1, 0, 0, 1, 1, 0, 0, 2, 0, 1, 0, 0, 1, 0], [2, 2, 0, 1, 0, 1, 0, 0, 1, 0, 1, 1, 1, 1, 1, 1, 3, 1, 2, 0, 2, 1, 2, 0, 1, 0, 1, 2], [2, 2, 2, 0, 2, 1, 2, 1, 1, 2, 1, 0, 0, 0, 0, 1, 1, 0, 3, 1, 2, 0, 1, 1, 0, 1, 1, 1]];
r = [134.90395207418288, 102.47500263208924, 53.46296058524706, 124.05389584081385, 186.71591157765866, 192.62470506115795, 53.86314696058861, 189.39358687307063, 86.01312199573681, 182.8878532689218, 177.66904501919763, 136.5208749961208, 85.63787312009305, 52.11633989811669, 140.55895223000644, 123.06269498439312, 165.10526072204289, 154.36791433927047, 180.67132420721475, 78.15141972867329, 85.34273666345715, 114.82283865689955, 99.42407234836516, 97.25722875076602, 106.5078092268401, 129.27588221135824, 186.61704485098406, 52.676210767072476];
b = [[[0.0, 0.0, 0.0, 0.0, 0.0, 0.0, 0.0, 0.0, 0.0, 0.0, 0.0, 0.0, 0.0, 0.0, 0.0, 0.0, 0.0, 0.0, 0.0, 0.0, 0.0, 0.0, 0.0, 0.0, 0.0, 0.0, 0.0, 0.0], [0.0, 0.0, 0.0, 0.0, 0.0, 0.0, 0.0, 0.0, 0.0, 0.0, 0.0, 0.0, 0.0, 0.0, 0.0, 0.0, 0.0, 0.0, 0.0, 0.0, 0.0, 0.0, 0.0, 0.0, 0.0, 0.0, 0.0, 0.0], [0.0, 0.0, 0.0, 0.0, 0.0, 0.0, 0.0, 0.0, 0.0, 0.0, 0.0, 0.0, 0.0, 0.0, 0.0, 0.0, 0.0, 0.0, 0.0, 0.0, 0.0, 0.0, 0.0, 0.0, 0.0, 0.0, 0.0, 0.0], [0.0, 0.0, 0.0, 0.0, 0.0, 0.0, 0.0, 0.0, 0.0, 0.0, 0.0, 0.0, 0.0, 0.0, 0.0, 0.0, 0.0, 0.0, 0.0, 0.0, 0.0, 0.0, 0.0, 0.0, 0.0, 0.0, 0.0, 0.0], [0.0, 0.0, 0.0, 0.0, 0.0, 0.0, 0.0, 0.0, 0.0, 0.0, 0.0, 0.0, 0.0, 0.0, 0.0, 0.0, 0.0, 0.0, 0.0, 0.0, 0.0, 0.0, 0.0, 0.0, 0.0, 0.0, 0.0, 0.0], [0.0, 0.0, 0.0, 0.0, 0.0, 0.0, 0.0, 0.0, 0.0, 0.0, 0.0, 0.0, 0.0, 0.0, 0.0, 0.0, 0.0, 0.0, 0.0, 0.0, 0.0, 0.0, 0.0, 0.0, 0.0, 0.0, 0.0, 0.0]], [[0.0, 0.0, 0.0, 0.0, 0.0, 0.0, 0.0, 0.0, 0.0, 0.0, 0.0, 0.0, 0.0, 0.0, 0.0, 0.0, 0.0, 0.0, 0.0, 0.0, 0.0, 0.0, 0.0, 0.0, 0.0, 0.0, 0.0, 0.0], [0.0, 0.0, 0.0, 0.0, 0.0, 0.0, 0.0, 0.0, 0.0, 0.0, 0.0, 0.0, 0.0, 0.0, 0.0, 0.0, 0.0, 0.0, 0.0, 0.0, 0.0, 0.0, 0.0, 0.0, 0.0, 0.0, 0.0, 0.0], [0.0, 0.0, 0.0, 0.0, 0.0, 0.0, 0.0, 0.0, 0.0, 0.0, 0.0, 0.0, 0.0, 0.0, 0.0, 0.0, 0.0, 0.0, 0.0, 0.0, 0.0, 0.0, 0.0, 0.0, 0.0, 0.0, 0.0, 0.0], [0.0, 0.0, 0.0, 0.0, 0.0, 0.0, 0.0, 0.0, 0.0, 0.0, 0.0, 0.0, 0.0, 0.0, 0.0, 0.0, 0.0, 0.0, 0.0, 0.0, 0.0, 0.0, 0.0, 0.0, 0.0, 0.0, 0.0, 0.0], [0.0, 0.0, 0.0, 0.0, 0.0, 0.0, 0.0, 0.0, 0.0, 0.0, 0.0, 0.0, 0.0, 0.0, 0.0, 0.0, 0.0, 0.0, 0.0, 0.0, 0.0, 0.0, 0.0, 0.0, 0.0, 0.0, 0.0, 0.0], [0.0, 0.0, 0.0, 0.0, 0.0, 0.0, 0.0, 0.0, 0.0, 0.0, 0.0, 0.0, 0.0, 0.0, 0.0, 0.0, 0.0, 0.0, 0.0, 0.0, 0.0, 0.0, 0.0, 0.0, 0.0, 0.0, 0.0, 0.0]], [[0.0, 0.0, 0.0, 0.0, 0.0, 0.0, 0.0, 0.0, 0.0, 0.0, 0.0, 0.0, 0.0, 0.0, 0.0, 0.0, 0.0, 0.0, 0.0, 0.0, 0.0, 0.0, 0.0, 0.0, 0.0, 0.0, 0.0, 0.0], [0.0, 0.0, 0.0, 0.0, 0.0, 0.0, 0.0, 0.0, 0.0, 0.0, 0.0, 0.0, 0.0, 0.0, 0.0, 0.0, 0.0, 0.0, 0.0, 0.0, 0.0, 0.0, 0.0, 0.0, 0.0, 0.0, 0.0, 0.0], [0.0, 0.0, 0.0, 0.0, 0.0, 0.0, 0.0, 0.0, 0.0, 0.0, 0.0, 0.0, 0.0, 0.0, 0.0, 0.0, 0.0, 0.0, 0.0, 0.0, 0.0, 0.0, 0.0, 0.0, 0.0, 0.0, 0.0, 0.0], [0.0, 0.0, 0.0, 0.0, 0.0, 0.0, 0.0, 0.0, 0.0, 0.0, 0.0, 0.0, 0.0, 0.0, 0.0, 0.0, 0.0, 0.0, 0.0, 0.0, 0.0, 0.0, 0.0, 0.0, 0.0, 0.0, 0.0, 0.0], [0.0, 0.0, 0.0, 0.0, 0.0, 0.0, 0.0, 0.0, 0.0, 0.0, 0.0, 0.0, 0.0, 0.0, 0.0, 0.0, 0.0, 0.0, 0.0, 0.0, 0.0, 0.0, 0.0, 0.0, 0.0, 0.0, 0.0, 0.0], [0.0, 0.0, 0.0, 0.0, 0.0, 0.0, 0.0, 0.0, 0.0, 0.0, 0.0, 0.0, 0.0, 0.0, 0.0, 0.0, 0.0, 0.0, 0.0, 0.0, 0.0, 0.0, 0.0, 0.0, 0.0, 0.0, 0.0, 0.0]], [[0.0, 0.0, 0.0, 0.0, 0.0, 0.0, 0.0, 0.0, 0.0, 0.0, 0.0, 0.0, 0.0, 0.0, 0.0, 0.0, 0.0, 0.0, 0.0, 0.0, 0.0, 0.0, 0.0, 0.0, 0.0, 0.0, 0.0, 0.0], [0.0, 0.0, 0.0, 0.0, 0.0, 0.0, 0.0, 0.0, 0.0, 0.0, 0.0, 0.0, 0.0, 0.0, 0.0, 0.0, 0.0, 0.0, 0.0, 0.0, 0.0, 0.0, 0.0, 0.0, 0.0, 0.0, 0.0, 0.0], [0.0, 0.0, 0.0, 0.0, 0.0, 0.0, 0.0, 0.0, 0.0, 0.0, 0.0, 0.0, 0.0, 0.0, 0.0, 0.0, 0.0, 0.0, 0.0, 0.0, 0.0, 0.0, 0.0, 0.0, 0.0, 0.0, 0.0, 0.0], [0.0, 0.0, 0.0, 0.0, 0.0, 0.0, 0.0, 0.0, 0.0, 0.0, 0.0, 0.0, 0.0, 0.0, 0.0, 0.0, 0.0, 0.0, 0.0, 0.0, 0.0, 0.0, 0.0, 0.0, 0.0, 0.0, 0.0, 0.0], [0.0, 0.0, 0.0, 0.0, 0.0, 0.0, 0.0, 0.0, 0.0, 0.0, 0.0, 0.0, 0.0, 0.0, 0.0, 0.0, 0.0, 0.0, 0.0, 0.0, 0.0, 0.0, 0.0, 0.0, 0.0, 0.0, 0.0, 0.0], [0.0, 0.0, 0.0, 0.0, 0.0, 0.0, 0.0, 0.0, 0.0, 0.0, 0.0, 0.0, 0.0, 0.0, 0.0, 0.0, 0.0, 0.0, 0.0, 0.0, 0.0, 0.0, 0.0, 0.0, 0.0, 0.0, 0.0, 0.0]], [[0.0, 0.0, 0.0, 0.0, 0.0, 0.0, 0.0, 0.0, 0.0, 0.0, 0.0, 0.0, 0.0, 0.0, 0.0, 0.0, 0.0, 0.0, 0.0, 0.0, 0.0, 0.0, 0.0, 0.0, 0.0, 0.0, 0.0, 0.0], [0.0, 0.0, 0.0, 0.0, 0.0, 0.0, 0.0, 0.0, 0.0, 0.0, 0.0, 0.0, 0.0, 0.0, 0.0, 0.0, 0.0, 0.0, 0.0, 0.0, 0.0, 0.0, 0.0, 0.0, 0.0, 0.0, 0.0, 0.0], [0.0, 0.0, 0.0, 0.0, 0.0, 0.0, 0.0, 0.0, 0.0, 0.0, 0.0, 0.0, 0.0, 0.0, 0.0, 0.0, 0.0, 0.0, 0.0, 0.0, 0.0, 0.0, 0.0, 0.0, 0.0, 0.0, 0.0, 0.0], [0.0, 0.0, 0.0, 0.0, 0.0, 0.0, 0.0, 0.0, 0.0, 0.0, 0.0, 0.0, 0.0, 0.0, 0.0, 0.0, 0.0, 0.0, 0.0, 0.0, 0.0, 0.0, 0.0, 0.0, 0.0, 0.0, 0.0, 0.0], [0.0, 0.0, 0.0, 0.0, 0.0, 0.0, 0.0, 0.0, 0.0, 0.0, 0.0, 0.0, 0.0, 0.0, 0.0, 0.0, 0.0, 0.0, 0.0, 0.0, 0.0, 0.0, 0.0, 0.0, 0.0, 0.0, 0.0, 0.0], [0.0, 0.0, 0.0, 0.0, 0.0, 0.0, 0.0, 0.0, 0.0, 0.0, 0.0, 0.0, 0.0, 0.0, 0.0, 0.0, 0.0, 0.0, 0.0, 0.0, 0.0, 0.0, 0.0, 0.0, 0.0, 0.0, 0.0, 0.0]], [[0.0, 0.0, 0.0, 0.0, 0.0, 0.0, 0.0, 0.0, 0.0, 0.0, 0.0, 0.0, 0.0, 0.0, 0.0, 0.0, 0.0, 0.0, 0.0, 0.0, 0.0, 0.0, 0.0, 0.0, 0.0, 0.0, 0.0, 0.0], [0.0, 0.0, 0.0, 0.0, 0.0, 0.0, 0.0, 0.0, 0.0, 0.0, 0.0, 0.0, 0.0, 0.0, 0.0, 0.0, 0.0, 0.0, 0.0, 0.0, 0.0, 0.0, 0.0, 0.0, 0.0, 0.0, 0.0, 0.0], [0.0, 0.0, 0.0, 0.0, 0.0, 0.0, 0.0, 0.0, 0.0, 0.0, 0.0, 0.0, 0.0, 0.0, 0.0, 0.0, 0.0, 0.0, 0.0, 0.0, 0.0, 0.0, 0.0, 0.0, 0.0, 0.0, 0.0, 0.0], [0.0, 0.0, 0.0, 0.0, 0.0, 0.0, 0.0, 0.0, 0.0, 0.0, 0.0, 0.0, 0.0, 0.0, 0.0, 0.0, 0.0, 0.0, 0.0, 0.0, 0.0, 0.0, 0.0, 0.0, 0.0, 0.0, 0.0, 0.0], [0.0, 0.0, 0.0, 0.0, 0.0, 0.0, 0.0, 0.0, 0.0, 0.0, 0.0, 0.0, 0.0, 0.0, 0.0, 0.0, 0.0, 0.0, 0.0, 0.0, 0.0, 0.0, 0.0, 0.0, 0.0, 0.0, 0.0, 0.0], [0.0, 0.0, 0.0, 0.0, 0.0, 0.0, 0.0, 0.0, 0.0, 0.0, 0.0, 0.0, 0.0, 0.0, 0.0, 0.0, 0.0, 0.0, 0.0, 0.0, 0.0, 0.0, 0.0, 0.0, 0.0, 0.0, 0.0, 0.0]], [[0.0, 0.0, 0.0, 0.0, 0.0, 0.0, 0.0, 0.0, 0.0, 0.0, 0.0, 0.0, 0.0, 0.0, 0.0, 0.0, 0.0, 0.0, 0.0, 0.0, 0.0, 0.0, 0.0, 0.0, 0.0, 0.0, 0.0, 0.0], [0.0, 0.0, 0.0, 0.0, 0.0, 0.0, 0.0, 0.0, 0.0, 0.0, 0.0, 0.0, 0.0, 0.0, 0.0, 0.0, 0.0, 0.0, 0.0, 0.0, 0.0, 0.0, 0.0, 0.0, 0.0, 0.0, 0.0, 0.0], [0.0, 0.0, 0.0, 0.0, 0.0, 0.0, 0.0, 0.0, 0.0, 0.0, 0.0, 0.0, 0.0, 0.0, 0.0, 0.0, 0.0, 0.0, 0.0, 0.0, 0.0, 0.0, 0.0, 0.0, 0.0, 0.0, 0.0, 0.0], [0.0, 0.0, 0.0, 0.0, 0.0, 0.0, 0.0, 0.0, 0.0, 0.0, 0.0, 0.0, 0.0, 0.0, 0.0, 0.0, 0.0, 0.0, 0.0, 0.0, 0.0, 0.0, 0.0, 0.0, 0.0, 0.0, 0.0, 0.0], [0.0, 0.0, 0.0, 0.0, 0.0, 0.0, 0.0, 0.0, 0.0, 0.0, 0.0, 0.0, 0.0, 0.0, 0.0, 0.0, 0.0, 0.0, 0.0, 0.0, 0.0, 0.0, 0.0, 0.0, 0.0, 0.0, 0.0, 0.0], [0.0, 0.0, 0.0, 0.0, 0.0, 0.0, 0.0, 0.0, 0.0, 0.0, 0.0, 0.0, 0.0, 0.0, 0.0, 0.0, 0.0, 0.0, 0.0, 0.0, 0.0, 0.0, 0.0, 0.0, 0.0, 0.0, 0.0, 0.0]], [[0.0, 0.0, 0.0, 0.0, 0.0, 0.0, 0.0, 0.0, 0.0, 0.0, 0.0, 0.0, 0.0, 0.0, 0.0, 0.0, 0.0, 0.0, 0.0, 0.0, 0.0, 0.0, 0.0, 0.0, 0.0, 0.0, 0.0, 0.0], [0.0, 0.0, 0.0, 0.0, 0.0, 0.0, 0.0, 0.0, 0.0, 0.0, 0.0, 0.0, 0.0, 0.0, 0.0, 0.0, 0.0, 0.0, 0.0, 0.0, 0.0, 0.0, 0.0, 0.0, 0.0, 0.0, 0.0, 0.0], [0.0, 0.0, 0.0, 0.0, 0.0, 0.0, 0.0, 0.0, 0.0, 0.0, 0.0, 0.0, 0.0, 0.0, 0.0, 0.0, 0.0, 0.0, 0.0, 0.0, 0.0, 0.0, 0.0, 0.0, 0.0, 0.0, 0.0, 0.0], [0.0, 0.0, 0.0, 0.0, 0.0, 0.0, 0.0, 0.0, 0.0, 0.0, 0.0, 0.0, 0.0, 0.0, 0.0, 0.0, 0.0, 0.0, 0.0, 0.0, 0.0, 0.0, 0.0, 0.0, 0.0, 0.0, 0.0, 0.0], [0.0, 0.0, 0.0, 0.0, 0.0, 0.0, 0.0, 0.0, 0.0, 0.0, 0.0, 0.0, 0.0, 0.0, 0.0, 0.0, 0.0, 0.0, 0.0, 0.0, 0.0, 0.0, 0.0, 0.0, 0.0, 0.0, 0.0, 0.0], [0.0, 0.0, 0.0, 0.0, 0.0, 0.0, 0.0, 0.0, 0.0, 0.0, 0.0, 0.0, 0.0, 0.0, 0.0, 0.0, 0.0, 0.0, 0.0, 0.0, 0.0, 0.0, 0.0, 0.0, 0.0, 0.0, 0.0, 0.0]], [[0.0, 0.0, 0.0, 0.0, 0.0, 0.0, 0.0, 0.0, 0.0, 0.0, 0.0, 0.0, 0.0, 0.0, 0.0, 0.0, 0.0, 0.0, 0.0, 0.0, 0.0, 0.0, 0.0, 0.0, 0.0, 0.0, 0.0, 0.0], [0.0, 0.0, 0.0, 0.0, 0.0, 0.0, 0.0, 0.0, 0.0, 0.0, 0.0, 0.0, 0.0, 0.0, 0.0, 0.0, 0.0, 0.0, 0.0, 0.0, 0.0, 0.0, 0.0, 0.0, 0.0, 0.0, 0.0, 0.0], [0.0, 0.0, 0.0, 0.0, 0.0, 0.0, 0.0, 0.0, 0.0, 0.0, 0.0, 0.0, 0.0, 0.0, 0.0, 0.0, 0.0, 0.0, 0.0, 0.0, 0.0, 0.0, 0.0, 0.0, 0.0, 0.0, 0.0, 0.0], [0.0, 0.0, 0.0, 0.0, 0.0, 0.0, 0.0, 0.0, 0.0, 0.0, 0.0, 0.0, 0.0, 0.0, 0.0, 0.0, 0.0, 0.0, 0.0, 0.0, 0.0, 0.0, 0.0, 0.0, 0.0, 0.0, 0.0, 0.0], [0.0, 0.0, 0.0, 0.0, 0.0, 0.0, 0.0, 0.0, 0.0, 0.0, 0.0, 0.0, 0.0, 0.0, 0.0, 0.0, 0.0, 0.0, 0.0, 0.0, 0.0, 0.0, 0.0, 0.0, 0.0, 0.0, 0.0, 0.0], [0.0, 0.0, 0.0, 0.0, 0.0, 0.0, 0.0, 0.0, 0.0, 0.0, 0.0, 0.0, 0.0, 0.0, 0.0, 0.0, 0.0, 0.0, 0.0, 0.0, 0.0, 0.0, 0.0, 0.0, 0.0, 0.0, 0.0, 0.0]], [[0.0, 0.0, 0.0, 0.0, 0.0, 0.0, 0.0, 0.0, 0.0, 0.0, 0.0, 0.0, 0.0, 0.0, 0.0, 0.0, 0.0, 0.0, 0.0, 0.0, 0.0, 0.0, 0.0, 0.0, 0.0, 0.0, 0.0, 0.0], [0.0, 0.0, 0.0, 0.0, 0.0, 0.0, 0.0, 0.0, 0.0, 0.0, 0.0, 0.0, 0.0, 0.0, 0.0, 0.0, 0.0, 0.0, 0.0, 0.0, 0.0, 0.0, 0.0, 0.0, 0.0, 0.0, 0.0, 0.0], [0.0, 0.0, 0.0, 0.0, 0.0, 0.0, 0.0, 0.0, 0.0, 0.0, 0.0, 0.0, 0.0, 0.0, 0.0, 0.0, 0.0, 0.0, 0.0, 0.0, 0.0, 0.0, 0.0, 0.0, 0.0, 0.0, 0.0, 0.0], [0.0, 0.0, 0.0, 0.0, 0.0, 0.0, 0.0, 0.0, 0.0, 0.0, 0.0, 0.0, 0.0, 0.0, 0.0, 0.0, 0.0, 0.0, 0.0, 0.0, 0.0, 0.0, 0.0, 0.0, 0.0, 0.0, 0.0, 0.0], [0.0, 0.0, 0.0, 0.0, 0.0, 0.0, 0.0, 0.0, 0.0, 0.0, 0.0, 0.0, 0.0, 0.0, 0.0, 0.0, 0.0, 0.0, 0.0, 0.0, 0.0, 0.0, 0.0, 0.0, 0.0, 0.0, 0.0, 0.0], [0.0, 0.0, 0.0, 0.0, 0.0, 0.0, 0.0, 0.0, 0.0, 0.0, 0.0, 0.0, 0.0, 0.0, 0.0, 0.0, 0.0, 0.0, 0.0, 0.0, 0.0, 0.0, 0.0, 0.0, 0.0, 0.0, 0.0, 0.0]], [[0.0, 0.0, 0.0, 0.0, 0.0, 0.0, 0.0, 0.0, 0.0, 0.0, 0.0, 0.0, 0.0, 0.0, 0.0, 0.0, 0.0, 0.0, 0.0, 0.0, 0.0, 0.0, 0.0, 0.0, 0.0, 0.0, 0.0, 0.0], [0.0, 0.0, 0.0, 0.0, 0.0, 0.0, 0.0, 0.0, 0.0, 0.0, 0.0, 0.0, 0.0, 0.0, 0.0, 0.0, 0.0, 0.0, 0.0, 0.0, 0.0, 0.0, 0.0, 0.0, 0.0, 0.0, 0.0, 0.0], [0.0, 0.0, 0.0, 0.0, 0.0, 0.0, 0.0, 0.0, 0.0, 0.0, 0.0, 0.0, 0.0, 0.0, 0.0, 0.0, 0.0, 0.0, 0.0, 0.0, 0.0, 0.0, 0.0, 0.0, 0.0, 0.0, 0.0, 0.0], [0.0, 0.0, 0.0, 0.0, 0.0, 0.0, 0.0, 0.0, 0.0, 0.0, 0.0, 0.0, 0.0, 0.0, 0.0, 0.0, 0.0, 0.0, 0.0, 0.0, 0.0, 0.0, 0.0, 0.0, 0.0, 0.0, 0.0, 0.0], [0.0, 0.0, 0.0, 0.0, 0.0, 0.0, 0.0, 0.0, 0.0, 0.0, 0.0, 0.0, 0.0, 0.0, 0.0, 0.0, 0.0, 0.0, 0.0, 0.0, 0.0, 0.0, 0.0, 0.0, 0.0, 0.0, 0.0, 0.0], [0.0, 0.0, 0.0, 0.0, 0.0, 0.0, 0.0, 0.0, 0.0, 0.0, 0.0, 0.0, 0.0, 0.0, 0.0, 0.0, 0.0, 0.0, 0.0, 0.0, 0.0, 0.0, 0.0, 0.0, 0.0, 0.0, 0.0, 0.0]], [[0.0, 0.0, 0.0, 0.0, 0.0, 0.0, 0.0, 0.0, 0.0, 0.0, 0.0, 0.0, 0.0, 0.0, 0.0, 0.0, 0.0, 0.0, 0.0, 0.0, 0.0, 0.0, 0.0, 0.0, 0.0, 0.0, 0.0, 0.0], [0.0, 0.0, 0.0, 0.0, 0.0, 0.0, 0.0, 0.0, 0.0, 0.0, 0.0, 0.0, 0.0, 0.0, 0.0, 0.0, 0.0, 0.0, 0.0, 0.0, 0.0, 0.0, 0.0, 0.0, 0.0, 0.0, 0.0, 0.0], [0.0, 0.0, 0.0, 0.0, 0.0, 0.0, 0.0, 0.0, 0.0, 0.0, 0.0, 0.0, 0.0, 0.0, 0.0, 0.0, 0.0, 0.0, 0.0, 0.0, 0.0, 0.0, 0.0, 0.0, 0.0, 0.0, 0.0, 0.0], [0.0, 0.0, 0.0, 0.0, 0.0, 0.0, 0.0, 0.0, 0.0, 0.0, 0.0, 0.0, 0.0, 0.0, 0.0, 0.0, 0.0, 0.0, 0.0, 0.0, 0.0, 0.0, 0.0, 0.0, 0.0, 0.0, 0.0, 0.0], [0.0, 0.0, 0.0, 0.0, 0.0, 0.0, 0.0, 0.0, 0.0, 0.0, 0.0, 0.0, 0.0, 0.0, 0.0, 0.0, 0.0, 0.0, 0.0, 0.0, 0.0, 0.0, 0.0, 0.0, 0.0, 0.0, 0.0, 0.0], [0.0, 0.0, 0.0, 0.0, 0.0, 0.0, 0.0, 0.0, 0.0, 0.0, 0.0, 0.0, 0.0, 0.0, 0.0, 0.0, 0.0, 0.0, 0.0, 0.0, 0.0, 0.0, 0.0, 0.0, 0.0, 0.0, 0.0, 0.0]], [[0.0, 0.0, 0.0, 0.0, 0.0, 0.0, 0.0, 0.0, 0.0, 0.0, 0.0, 0.0, 0.0, 0.0, 0.0, 0.0, 0.0, 0.0, 0.0, 0.0, 0.0, 0.0, 0.0, 0.0, 0.0, 0.0, 0.0, 0.0], [0.0, 0.0, 0.0, 0.0, 0.0, 0.0, 0.0, 0.0, 0.0, 0.0, 0.0, 0.0, 0.0, 0.0, 0.0, 0.0, 0.0, 0.0, 0.0, 0.0, 0.0, 0.0, 0.0, 0.0, 0.0, 0.0, 0.0, 0.0], [0.0, 0.0, 0.0, 0.0, 0.0, 0.0, 0.0, 0.0, 0.0, 0.0, 0.0, 0.0, 0.0, 0.0, 0.0, 0.0, 0.0, 0.0, 0.0, 0.0, 0.0, 0.0, 0.0, 0.0, 0.0, 0.0, 0.0, 0.0], [0.0, 0.0, 0.0, 0.0, 0.0, 0.0, 0.0, 0.0, 0.0, 0.0, 0.0, 0.0, 0.0, 0.0, 0.0, 0.0, 0.0, 0.0, 0.0, 0.0, 0.0, 0.0, 0.0, 0.0, 0.0, 0.0, 0.0, 0.0], [0.0, 0.0, 0.0, 0.0, 0.0, 0.0, 0.0, 0.0, 0.0, 0.0, 0.0, 0.0, 0.0, 0.0, 0.0, 0.0, 0.0, 0.0, 0.0, 0.0, 0.0, 0.0, 0.0, 0.0, 0.0, 0.0, 0.0, 0.0], [0.0, 0.0, 0.0, 0.0, 0.0, 0.0, 0.0, 0.0, 0.0, 0.0, 0.0, 0.0, 0.0, 0.0, 0.0, 0.0, 0.0, 0.0, 0.0, 0.0, 0.0, 0.0, 0.0, 0.0, 0.0, 0.0, 0.0, 0.0]], [[0.0, 0.0, 0.0, 0.0, 0.0, 0.0, 0.0, 0.0, 0.0, 0.0, 0.0, 0.0, 0.0, 0.0, 0.0, 0.0, 0.0, 0.0, 0.0, 0.0, 0.0, 0.0, 0.0, 0.0, 0.0, 0.0, 0.0, 0.0], [0.0, 0.0, 0.0, 0.0, 0.0, 0.0, 0.0, 0.0, 0.0, 0.0, 0.0, 0.0, 0.0, 0.0, 0.0, 0.0, 0.0, 0.0, 0.0, 0.0, 0.0, 0.0, 0.0, 0.0, 0.0, 0.0, 0.0, 0.0], [0.0, 0.0, 0.0, 0.0, 0.0, 0.0, 0.0, 0.0, 0.0, 0.0, 0.0, 0.0, 0.0, 0.0, 0.0, 0.0, 0.0, 0.0, 0.0, 0.0, 0.0, 0.0, 0.0, 0.0, 0.0, 0.0, 0.0, 0.0], [0.0, 0.0, 0.0, 0.0, 0.0, 0.0, 0.0, 0.0, 0.0, 0.0, 0.0, 0.0, 0.0, 0.0, 0.0, 0.0, 0.0, 0.0, 0.0, 0.0, 0.0, 0.0, 0.0, 0.0, 0.0, 0.0, 0.0, 0.0], [0.0, 0.0, 0.0, 0.0, 0.0, 0.0, 0.0, 0.0, 0.0, 0.0, 0.0, 0.0, 0.0, 0.0, 0.0, 0.0, 0.0, 0.0, 0.0, 0.0, 0.0, 0.0, 0.0, 0.0, 0.0, 0.0, 0.0, 0.0], [0.0, 0.0, 0.0, 0.0, 0.0, 0.0, 0.0, 0.0, 0.0, 0.0, 0.0, 0.0, 0.0, 0.0, 0.0, 0.0, 0.0, 0.0, 0.0, 0.0, 0.0, 0.0, 0.0, 0.0, 0.0, 0.0, 0.0, 0.0]], [[0.0, 0.0, 0.0, 0.0, 0.0, 0.0, 0.0, 0.0, 0.0, 0.0, 0.0, 0.0, 0.0, 0.0, 0.0, 0.0, 0.0, 0.0, 0.0, 0.0, 0.0, 0.0, 0.0, 0.0, 0.0, 0.0, 0.0, 0.0], [0.0, 0.0, 0.0, 0.0, 0.0, 0.0, 0.0, 0.0, 0.0, 0.0, 0.0, 0.0, 0.0, 0.0, 0.0, 0.0, 0.0, 0.0, 0.0, 0.0, 0.0, 0.0, 0.0, 0.0, 0.0, 0.0, 0.0, 0.0], [0.0, 0.0, 0.0, 0.0, 0.0, 0.0, 0.0, 0.0, 0.0, 0.0, 0.0, 0.0, 0.0, 0.0, 0.0, 0.0, 0.0, 0.0, 0.0, 0.0, 0.0, 0.0, 0.0, 0.0, 0.0, 0.0, 0.0, 0.0], [0.0, 0.0, 0.0, 0.0, 0.0, 0.0, 0.0, 0.0, 0.0, 0.0, 0.0, 0.0, 0.0, 0.0, 0.0, 0.0, 0.0, 0.0, 0.0, 0.0, 0.0, 0.0, 0.0, 0.0, 0.0, 0.0, 0.0, 0.0], [0.0, 0.0, 0.0, 0.0, 0.0, 0.0, 0.0, 0.0, 0.0, 0.0, 0.0, 0.0, 0.0, 0.0, 0.0, 0.0, 0.0, 0.0, 0.0, 0.0, 0.0, 0.0, 0.0, 0.0, 0.0, 0.0, 0.0, 0.0], [0.0, 0.0, 0.0, 0.0, 0.0, 0.0, 0.0, 0.0, 0.0, 0.0, 0.0, 0.0, 0.0, 0.0, 0.0, 0.0, 0.0, 0.0, 0.0, 0.0, 0.0, 0.0, 0.0, 0.0, 0.0, 0.0, 0.0, 0.0]], [[0.0, 0.0, 0.0, 0.0, 0.0, 0.0, 0.0, 0.0, 0.0, 0.0, 0.0, 0.0, 0.0, 0.0, 0.0, 0.0, 0.0, 0.0, 0.0, 0.0, 0.0, 0.0, 0.0, 0.0, 0.0, 0.0, 0.0, 0.0], [0.0, 0.0, 0.0, 0.0, 0.0, 0.0, 0.0, 0.0, 0.0, 0.0, 0.0, 0.0, 0.0, 0.0, 0.0, 0.0, 0.0, 0.0, 0.0, 0.0, 0.0, 0.0, 0.0, 0.0, 0.0, 0.0, 0.0, 0.0], [0.0, 0.0, 0.0, 0.0, 0.0, 0.0, 0.0, 0.0, 0.0, 0.0, 0.0, 0.0, 0.0, 0.0, 0.0, 0.0, 0.0, 0.0, 0.0, 0.0, 0.0, 0.0, 0.0, 0.0, 0.0, 0.0, 0.0, 0.0], [0.0, 0.0, 0.0, 0.0, 0.0, 0.0, 0.0, 0.0, 0.0, 0.0, 0.0, 0.0, 0.0, 0.0, 0.0, 0.0, 0.0, 0.0, 0.0, 0.0, 0.0, 0.0, 0.0, 0.0, 0.0, 0.0, 0.0, 0.0], [0.0, 0.0, 0.0, 0.0, 0.0, 0.0, 0.0, 0.0, 0.0, 0.0, 0.0, 0.0, 0.0, 0.0, 0.0, 0.0, 0.0, 0.0, 0.0, 0.0, 0.0, 0.0, 0.0, 0.0, 0.0, 0.0, 0.0, 0.0], [0.0, 0.0, 0.0, 0.0, 0.0, 0.0, 0.0, 0.0, 0.0, 0.0, 0.0, 0.0, 0.0, 0.0, 0.0, 0.0, 0.0, 0.0, 0.0, 0.0, 0.0, 0.0, 0.0, 0.0, 0.0, 0.0, 0.0, 0.0]], [[0.0, 0.0, 0.0, 0.0, 0.0, 0.0, 0.0, 0.0, 0.0, 0.0, 0.0, 0.0, 0.0, 0.0, 0.0, 0.0, 0.0, 0.0, 0.0, 0.0, 0.0, 0.0, 0.0, 0.0, 0.0, 0.0, 0.0, 0.0], [0.0, 0.0, 0.0, 0.0, 0.0, 0.0, 0.0, 0.0, 0.0, 0.0, 0.0, 0.0, 0.0, 0.0, 0.0, 0.0, 0.0, 0.0, 0.0, 0.0, 0.0, 0.0, 0.0, 0.0, 0.0, 0.0, 0.0, 0.0], [0.0, 0.0, 0.0, 0.0, 0.0, 0.0, 0.0, 0.0, 0.0, 0.0, 0.0, 0.0, 0.0, 0.0, 0.0, 0.0, 0.0, 0.0, 0.0, 0.0, 0.0, 0.0, 0.0, 0.0, 0.0, 0.0, 0.0, 0.0], [0.0, 0.0, 0.0, 0.0, 0.0, 0.0, 0.0, 0.0, 0.0, 0.0, 0.0, 0.0, 0.0, 0.0, 0.0, 0.0, 0.0, 0.0, 0.0, 0.0, 0.0, 0.0, 0.0, 0.0, 0.0, 0.0, 0.0, 0.0], [0.0, 0.0, 0.0, 0.0, 0.0, 0.0, 0.0, 0.0, 0.0, 0.0, 0.0, 0.0, 0.0, 0.0, 0.0, 0.0, 0.0, 0.0, 0.0, 0.0, 0.0, 0.0, 0.0, 0.0, 0.0, 0.0, 0.0, 0.0], [0.0, 0.0, 0.0, 0.0, 0.0, 0.0, 0.0, 0.0, 0.0, 0.0, 0.0, 0.0, 0.0, 0.0, 0.0, 0.0, 0.0, 0.0, 0.0, 0.0, 0.0, 0.0, 0.0, 0.0, 0.0, 0.0, 0.0, 0.0]], [[0.0, 0.0, 0.0, 0.0, 0.0, 0.0, 0.0, 0.0, 0.0, 0.0, 0.0, 0.0, 0.0, 0.0, 0.0, 0.0, 0.0, 0.0, 0.0, 0.0, 0.0, 0.0, 0.0, 0.0, 0.0, 0.0, 0.0, 0.0], [0.0, 0.0, 0.0, 0.0, 0.0, 0.0, 0.0, 0.0, 0.0, 0.0, 0.0, 0.0, 0.0, 0.0, 0.0, 0.0, 0.0, 0.0, 0.0, 0.0, 0.0, 0.0, 0.0, 0.0, 0.0, 0.0, 0.0, 0.0], [0.0, 0.0, 0.0, 0.0, 0.0, 0.0, 0.0, 0.0, 0.0, 0.0, 0.0, 0.0, 0.0, 0.0, 0.0, 0.0, 0.0, 0.0, 0.0, 0.0, 0.0, 0.0, 0.0, 0.0, 0.0, 0.0, 0.0, 0.0], [0.0, 0.0, 0.0, 0.0, 0.0, 0.0, 0.0, 0.0, 0.0, 0.0, 0.0, 0.0, 0.0, 0.0, 0.0, 0.0, 0.0, 0.0, 0.0, 0.0, 0.0, 0.0, 0.0, 0.0, 0.0, 0.0, 0.0, 0.0], [0.0, 0.0, 0.0, 0.0, 0.0, 0.0, 0.0, 0.0, 0.0, 0.0, 0.0, 0.0, 0.0, 0.0, 0.0, 0.0, 0.0, 0.0, 0.0, 0.0, 0.0, 0.0, 0.0, 0.0, 0.0, 0.0, 0.0, 0.0], [0.0, 0.0, 0.0, 0.0, 0.0, 0.0, 0.0, 0.0, 0.0, 0.0, 0.0, 0.0, 0.0, 0.0, 0.0, 0.0, 0.0, 0.0, 0.0, 0.0, 0.0, 0.0, 0.0, 0.0, 0.0, 0.0, 0.0, 0.0]], [[0.0, 0.0, 0.0, 0.0, 0.0, 0.0, 0.0, 0.0, 0.0, 0.0, 0.0, 0.0, 0.0, 0.0, 0.0, 0.0, 0.0, 0.0, 0.0, 0.0, 0.0, 0.0, 0.0, 0.0, 0.0, 0.0, 0.0, 0.0], [0.0, 0.0, 0.0, 0.0, 0.0, 0.0, 0.0, 0.0, 0.0, 0.0, 0.0, 0.0, 0.0, 0.0, 0.0, 0.0, 0.0, 0.0, 0.0, 0.0, 0.0, 0.0, 0.0, 0.0, 0.0, 0.0, 0.0, 0.0], [0.0, 0.0, 0.0, 0.0, 0.0, 0.0, 0.0, 0.0, 0.0, 0.0, 0.0, 0.0, 0.0, 0.0, 0.0, 0.0, 0.0, 0.0, 0.0, 0.0, 0.0, 0.0, 0.0, 0.0, 0.0, 0.0, 0.0, 0.0], [0.0, 0.0, 0.0, 0.0, 0.0, 0.0, 0.0, 0.0, 0.0, 0.0, 0.0, 0.0, 0.0, 0.0, 0.0, 0.0, 0.0, 0.0, 0.0, 0.0, 0.0, 0.0, 0.0, 0.0, 0.0, 0.0, 0.0, 0.0], [0.0, 0.0, 0.0, 0.0, 0.0, 0.0, 0.0, 0.0, 0.0, 0.0, 0.0, 0.0, 0.0, 0.0, 0.0, 0.0, 0.0, 0.0, 0.0, 0.0, 0.0, 0.0, 0.0, 0.0, 0.0, 0.0, 0.0, 0.0], [0.0, 0.0, 0.0, 0.0, 0.0, 0.0, 0.0, 0.0, 0.0, 0.0, 0.0, 0.0, 0.0, 0.0, 0.0, 0.0, 0.0, 0.0, 0.0, 0.0, 0.0, 0.0, 0.0, 0.0, 0.0, 0.0, 0.0, 0.0]], [[0.0, 0.0, 0.0, 0.0, 0.0, 0.0, 0.0, 0.0, 0.0, 0.0, 0.0, 0.0, 0.0, 0.0, 0.0, 0.0, 0.0, 0.0, 0.0, 0.0, 0.0, 0.0, 0.0, 0.0, 0.0, 0.0, 0.0, 0.0], [0.0, 0.0, 0.0, 0.0, 0.0, 0.0, 0.0, 0.0, 0.0, 0.0, 0.0, 0.0, 0.0, 0.0, 0.0, 0.0, 0.0, 0.0, 0.0, 0.0, 0.0, 0.0, 0.0, 0.0, 0.0, 0.0, 0.0, 0.0], [0.0, 0.0, 0.0, 0.0, 0.0, 0.0, 0.0, 0.0, 0.0, 0.0, 0.0, 0.0, 0.0, 0.0, 0.0, 0.0, 0.0, 0.0, 0.0, 0.0, 0.0, 0.0, 0.0, 0.0, 0.0, 0.0, 0.0, 0.0], [0.0, 0.0, 0.0, 0.0, 0.0, 0.0, 0.0, 0.0, 0.0, 0.0, 0.0, 0.0, 0.0, 0.0, 0.0, 0.0, 0.0, 0.0, 0.0, 0.0, 0.0, 0.0, 0.0, 0.0, 0.0, 0.0, 0.0, 0.0], [0.0, 0.0, 0.0, 0.0, 0.0, 0.0, 0.0, 0.0, 0.0, 0.0, 0.0, 0.0, 0.0, 0.0, 0.0, 0.0, 0.0, 0.0, 0.0, 0.0, 0.0, 0.0, 0.0, 0.0, 0.0, 0.0, 0.0, 0.0], [0.0, 0.0, 0.0, 0.0, 0.0, 0.0, 0.0, 0.0, 0.0, 0.0, 0.0, 0.0, 0.0, 0.0, 0.0, 0.0, 0.0, 0.0, 0.0, 0.0, 0.0, 0.0, 0.0, 0.0, 0.0, 0.0, 0.0, 0.0]], [[0.0, 0.0, 0.0, 0.0, 0.0, 0.0, 0.0, 0.0, 0.0, 0.0, 0.0, 0.0, 0.0, 0.0, 0.0, 0.0, 0.0, 0.0, 0.0, 0.0, 0.0, 0.0, 0.0, 0.0, 0.0, 0.0, 0.0, 0.0], [0.0, 0.0, 0.0, 0.0, 0.0, 0.0, 0.0, 0.0, 0.0, 0.0, 0.0, 0.0, 0.0, 0.0, 0.0, 0.0, 0.0, 0.0, 0.0, 0.0, 0.0, 0.0, 0.0, 0.0, 0.0, 0.0, 0.0, 0.0], [0.0, 0.0, 0.0, 0.0, 0.0, 0.0, 0.0, 0.0, 0.0, 0.0, 0.0, 0.0, 0.0, 0.0, 0.0, 0.0, 0.0, 0.0, 0.0, 0.0, 0.0, 0.0, 0.0, 0.0, 0.0, 0.0, 0.0, 0.0], [0.0, 0.0, 0.0, 0.0, 0.0, 0.0, 0.0, 0.0, 0.0, 0.0, 0.0, 0.0, 0.0, 0.0, 0.0, 0.0, 0.0, 0.0, 0.0, 0.0, 0.0, 0.0, 0.0, 0.0, 0.0, 0.0, 0.0, 0.0], [0.0, 0.0, 0.0, 0.0, 0.0, 0.0, 0.0, 0.0, 0.0, 0.0, 0.0, 0.0, 0.0, 0.0, 0.0, 0.0, 0.0, 0.0, 0.0, 0.0, 0.0, 0.0, 0.0, 0.0, 0.0, 0.0, 0.0, 0.0], [0.0, 0.0, 0.0, 0.0, 0.0, 0.0, 0.0, 0.0, 0.0, 0.0, 0.0, 0.0, 0.0, 0.0, 0.0, 0.0, 0.0, 0.0, 0.0, 0.0, 0.0, 0.0, 0.0, 0.0, 0.0, 0.0, 0.0, 0.0]], [[0.0, 0.0, 0.0, 0.0, 0.0, 0.0, 0.0, 0.0, 0.0, 0.0, 0.0, 0.0, 0.0, 0.0, 0.0, 0.0, 0.0, 0.0, 0.0, 0.0, 0.0, 0.0, 0.0, 0.0, 0.0, 0.0, 0.0, 0.0], [0.0, 0.0, 0.0, 0.0, 0.0, 0.0, 0.0, 0.0, 0.0, 0.0, 0.0, 0.0, 0.0, 0.0, 0.0, 0.0, 0.0, 0.0, 0.0, 0.0, 0.0, 0.0, 0.0, 0.0, 0.0, 0.0, 0.0, 0.0], [0.0, 0.0, 0.0, 0.0, 0.0, 0.0, 0.0, 0.0, 0.0, 0.0, 0.0, 0.0, 0.0, 0.0, 0.0, 0.0, 0.0, 0.0, 0.0, 0.0, 0.0, 0.0, 0.0, 0.0, 0.0, 0.0, 0.0, 0.0], [0.0, 0.0, 0.0, 0.0, 0.0, 0.0, 0.0, 0.0, 0.0, 0.0, 0.0, 0.0, 0.0, 0.0, 0.0, 0.0, 0.0, 0.0, 0.0, 0.0, 0.0, 0.0, 0.0, 0.0, 0.0, 0.0, 0.0, 0.0], [0.0, 0.0, 0.0, 0.0, 0.0, 0.0, 0.0, 0.0, 0.0, 0.0, 0.0, 0.0, 0.0, 0.0, 0.0, 0.0, 0.0, 0.0, 0.0, 0.0, 0.0, 0.0, 0.0, 0.0, 0.0, 0.0, 0.0, 0.0], [0.0, 0.0, 0.0, 0.0, 0.0, 0.0, 0.0, 0.0, 0.0, 0.0, 0.0, 0.0, 0.0, 0.0, 0.0, 0.0, 0.0, 0.0, 0.0, 0.0, 0.0, 0.0, 0.0, 0.0, 0.0, 0.0, 0.0, 0.0]], [[0.0, 0.0, 0.0, 0.0, 0.0, 0.0, 0.0, 0.0, 0.0, 0.0, 0.0, 0.0, 0.0, 0.0, 0.0, 0.0, 0.0, 0.0, 0.0, 0.0, 0.0, 0.0, 0.0, 0.0, 0.0, 0.0, 0.0, 0.0], [0.0, 0.0, 0.0, 0.0, 0.0, 0.0, 0.0, 0.0, 0.0, 0.0, 0.0, 0.0, 0.0, 0.0, 0.0, 0.0, 0.0, 0.0, 0.0, 0.0, 0.0, 0.0, 0.0, 0.0, 0.0, 0.0, 0.0, 0.0], [0.0, 0.0, 0.0, 0.0, 0.0, 0.0, 0.0, 0.0, 0.0, 0.0, 0.0, 0.0, 0.0, 0.0, 0.0, 0.0, 0.0, 0.0, 0.0, 0.0, 0.0, 0.0, 0.0, 0.0, 0.0, 0.0, 0.0, 0.0], [0.0, 0.0, 0.0, 0.0, 0.0, 0.0, 0.0, 0.0, 0.0, 0.0, 0.0, 0.0, 0.0, 0.0, 0.0, 0.0, 0.0, 0.0, 0.0, 0.0, 0.0, 0.0, 0.0, 0.0, 0.0, 0.0, 0.0, 0.0], [0.0, 0.0, 0.0, 0.0, 0.0, 0.0, 0.0, 0.0, 0.0, 0.0, 0.0, 0.0, 0.0, 0.0, 0.0, 0.0, 0.0, 0.0, 0.0, 0.0, 0.0, 0.0, 0.0, 0.0, 0.0, 0.0, 0.0, 0.0], [0.0, 0.0, 0.0, 0.0, 0.0, 0.0, 0.0, 0.0, 0.0, 0.0, 0.0, 0.0, 0.0, 0.0, 0.0, 0.0, 0.0, 0.0, 0.0, 0.0, 0.0, 0.0, 0.0, 0.0, 0.0, 0.0, 0.0, 0.0]], [[0.0, 0.0, 0.0, 0.0, 0.0, 0.0, 0.0, 0.0, 0.0, 0.0, 0.0, 0.0, 0.0, 0.0, 0.0, 0.0, 0.0, 0.0, 0.0, 0.0, 0.0, 0.0, 0.0, 0.0, 0.0, 0.0, 0.0, 0.0], [0.0, 0.0, 0.0, 0.0, 0.0, 0.0, 0.0, 0.0, 0.0, 0.0, 0.0, 0.0, 0.0, 0.0, 0.0, 0.0, 0.0, 0.0, 0.0, 0.0, 0.0, 0.0, 0.0, 0.0, 0.0, 0.0, 0.0, 0.0], [0.0, 0.0, 0.0, 0.0, 0.0, 0.0, 0.0, 0.0, 0.0, 0.0, 0.0, 0.0, 0.0, 0.0, 0.0, 0.0, 0.0, 0.0, 0.0, 0.0, 0.0, 0.0, 0.0, 0.0, 0.0, 0.0, 0.0, 0.0], [0.0, 0.0, 0.0, 0.0, 0.0, 0.0, 0.0, 0.0, 0.0, 0.0, 0.0, 0.0, 0.0, 0.0, 0.0, 0.0, 0.0, 0.0, 0.0, 0.0, 0.0, 0.0, 0.0, 0.0, 0.0, 0.0, 0.0, 0.0], [0.0, 0.0, 0.0, 0.0, 0.0, 0.0, 0.0, 0.0, 0.0, 0.0, 0.0, 0.0, 0.0, 0.0, 0.0, 0.0, 0.0, 0.0, 0.0, 0.0, 0.0, 0.0, 0.0, 0.0, 0.0, 0.0, 0.0, 0.0], [0.0, 0.0, 0.0, 0.0, 0.0, 0.0, 0.0, 0.0, 0.0, 0.0, 0.0, 0.0, 0.0, 0.0, 0.0, 0.0, 0.0, 0.0, 0.0, 0.0, 0.0, 0.0, 0.0, 0.0, 0.0, 0.0, 0.0, 0.0]], [[0.0, 0.0, 0.0, 0.0, 0.0, 0.0, 0.0, 0.0, 0.0, 0.0, 0.0, 0.0, 0.0, 0.0, 0.0, 0.0, 0.0, 0.0, 0.0, 0.0, 0.0, 0.0, 0.0, 0.0, 0.0, 0.0, 0.0, 0.0], [0.0, 0.0, 0.0, 0.0, 0.0, 0.0, 0.0, 0.0, 0.0, 0.0, 0.0, 0.0, 0.0, 0.0, 0.0, 0.0, 0.0, 0.0, 0.0, 0.0, 0.0, 0.0, 0.0, 0.0, 0.0, 0.0, 0.0, 0.0], [0.0, 0.0, 0.0, 0.0, 0.0, 0.0, 0.0, 0.0, 0.0, 0.0, 0.0, 0.0, 0.0, 0.0, 0.0, 0.0, 0.0, 0.0, 0.0, 0.0, 0.0, 0.0, 0.0, 0.0, 0.0, 0.0, 0.0, 0.0], [0.0, 0.0, 0.0, 0.0, 0.0, 0.0, 0.0, 0.0, 0.0, 0.0, 0.0, 0.0, 0.0, 0.0, 0.0, 0.0, 0.0, 0.0, 0.0, 0.0, 0.0, 0.0, 0.0, 0.0, 0.0, 0.0, 0.0, 0.0], [0.0, 0.0, 0.0, 0.0, 0.0, 0.0, 0.0, 0.0, 0.0, 0.0, 0.0, 0.0, 0.0, 0.0, 0.0, 0.0, 0.0, 0.0, 0.0, 0.0, 0.0, 0.0, 0.0, 0.0, 0.0, 0.0, 0.0, 0.0], [0.0, 0.0, 0.0, 0.0, 0.0, 0.0, 0.0, 0.0, 0.0, 0.0, 0.0, 0.0, 0.0, 0.0, 0.0, 0.0, 0.0, 0.0, 0.0, 0.0, 0.0, 0.0, 0.0, 0.0, 0.0, 0.0, 0.0, 0.0]]];
t = [[99999999.0, 7.35666205353735, 12.41693045479311, 11.625096234629705, 9.546051144350123, 10.267491661155281, 13.167238233500346, 9.547726878101251, 8.914209612234849, 7.339553328712083, 6.8147619386508484, 5.746130067352776, 11.478188192365138, 11.953322032198384, 5.379962595367339, 8.240811789995618, 14.368627619966292, 9.02342595837457, 10.951892563299003, 6.379524062422934, 12.52549895569329, 8.667747055321643, 13.905044630208428, 7.5018750897006115, 12.808764975918985, 11.812475345586654, 5.486923107840928, 11.071691317460628, 11.798839487130444, 9.363895187839022], [7.35666205353735, 99999999.0, 11.845471432249022, 14.265529030811367, 12.959218210928105, 9.519477778053488, 6.963596675622589, 14.282221809859925, 5.596329039654085, 8.267820302648495, 11.175650158914433, 14.55210420342037, 5.139075949081607, 5.929059750010833, 5.283981197569075, 5.033085453380542, 7.349416348953013, 10.275932608618195, 9.726980204930982, 13.037605407582792, 9.179079784435803, 9.67732562847549, 10.043797477810124, 5.416387430047857, 6.227228176841695, 9.322785011008943, 8.732425247522887, 10.070699368268444, 11.203574193435333, 9.173421850335927], [12.41693045479311, 11.845471432249022, 99999999.0, 8.54737625066197, 12.744725322875453, 8.556263755104254, 11.48030463826343, 8.58577853985671, 8.129627829397801, 8.480813732128022, 11.213839993877485, 6.642738274129152, 6.168518231262833, 6.932858991590951, 12.36766093534614, 14.537429507672641, 11.535608992204924, 8.17957833397939, 12.860653710206336, 9.361763871022765, 12.15581424375947, 5.824359995647475, 7.234184782219938, 7.105480802133659, 14.129692703111793, 6.730858638503063, 6.704629050299703, 13.12158104266841, 10.474463438250195, 8.324930303563452], [11.625096234629705, 14.265529030811367, 8.54737625066197, 99999999.0, 13.58092603637854, 11.780575248468448, 10.563122205199804, 10.02626874977813, 7.362269612075383, 6.928090606666323, 12.221473001582428, 12.52845033862541, 13.83938112878712, 10.783903280567841, 7.321974531297359, 8.868323259297597, 5.131830849603283, 12.735768071569662, 6.336895477702922, 10.145513439168088, 9.354366123534582, 5.636468746292928, 13.760285667815365, 14.736916973029162, 13.45379876747343, 10.712513622317177, 13.089896590943521, 8.368508052385094, 10.009574747615668, 6.597397579802079], [9.546051144350123, 12.959218210928105, 12.744725322875453, 13.58092603637854, 99999999.0, 13.616734465003923, 10.664928469367842, 13.637194473995562, 11.193602974924694, 7.1587157969701565, 6.090163064919407, 7.732990821164557, 8.923716539195645, 14.456351055839274, 12.4119172761275, 11.002769663066907, 5.752732942169252, 8.61848960840922, 7.4979837272629934, 11.274684383147694, 9.143226730119995, 10.909296378886001, 5.088380855978732, 5.276711683222006, 11.848844301362433, 8.390433244031904, 9.242800975871303, 7.847703993318909, 12.331250143515847, 14.69242575701114], [10.267491661155281, 9.519477778053488, 8.556263755104254, 11.780575248468448, 13.616734465003923, 99999999.0, 14.580414204028395, 8.160333505984314, 5.543819476006179, 11.913250514569448, 14.61018117025503, 6.221902992027262, 10.713190896616215, 9.967942832850703, 12.845480469140986, 13.411139822900793, 9.97016852413633, 5.797945866939596, 13.62134666738865, 7.888737429781203, 12.011309512760114, 8.16573548215448, 8.087364343485035, 14.620117939899492, 11.304922378966179, 10.925279810628032, 10.66359329571274, 9.607011383100955, 12.074441714354315, 8.175789165490736], [13.167238233500346, 6.963596675622589, 11.48030463826343, 10.563122205199804, 10.664928469367842, 14.580414204028395, 99999999.0, 11.368708436636737, 10.41431872296657, 12.350719764279697, 12.67709675937276, 9.477509095781262, 10.029567948093954, 6.509531133148128, 8.63999461351792, 13.958396721796152, 9.067779879879904, 8.394901228492081, 12.066481028685876, 10.211383442062209, 11.34420470573548, 5.003920309800672, 14.847455810943037, 9.456564139666641, 12.694876018353863, 14.62745133564254, 8.529159009094952, 6.90656911377503, 8.392482316420317, 13.336241126478255], [9.547726878101251, 14.282221809859925, 8.58577853985671, 10.02626874977813, 13.637194473995562, 8.160333505984314, 11.368708436636737, 99999999.0, 6.950719814139078, 12.168948025410451, 12.762335507541147, 10.406126450467006, 10.03407755204716, 5.716180130938336, 12.938900257372888, 7.673859768649777, 13.488640882982603, 10.202314755157504, 6.834970190261005, 14.785625343227437, 6.942263669747453, 11.671387240982984, 12.74927943979129, 7.13987895504685, 14.425566831985565, 13.051993400800027, 9.217853576191608, 10.683901190926612, 14.03793179285912, 7.292351491944293], [8.914209612234849, 5.596329039654085, 8.129627829397801, 7.362269612075383, 11.193602974924694, 5.543819476006179, 10.41431872296657, 6.950719814139078, 99999999.0, 11.814003001760181, 10.275756234418832, 7.136188544664296, 13.134317328348612, 14.477089614978652, 6.533402887652427, 10.290513856649774, 6.661523247863075, 9.944529648534836, 11.598032015934123, 13.322272785319365, 12.644182310746995, 6.030785233664984, 11.124390853299406, 11.950261986087737, 9.984769683904052, 9.823657947537903, 12.612646845844965, 13.474682423857287, 12.033582058764486, 12.961352405356859], [7.339553328712083, 8.267820302648495, 8.480813732128022, 6.928090606666323, 7.1587157969701565, 11.913250514569448, 12.350719764279697, 12.168948025410451, 11.814003001760181, 99999999.0, 7.395480309741858, 10.856920802704227, 13.896827666558174, 6.071968970694835, 9.014930281003423, 8.983625223094478, 6.052212048959566, 13.336202689196664, 14.529089161707024, 5.304927326206634, 10.201055714098928, 12.59942817830963, 11.406109123752795, 7.98228748403428, 9.214579418744195, 14.532719481991997, 8.291856150912714, 14.51208719097318, 6.5727528846044585, 14.84833642379671], [6.8147619386508484, 11.175650158914433, 11.213839993877485, 12.221473001582428, 6.090163064919407, 14.61018117025503, 12.67709675937276, 12.762335507541147, 10.275756234418832, 7.395480309741858, 99999999.0, 8.512032075900146, 13.45482617861855, 13.83496352572056, 5.273612945265938, 7.024344561605992, 9.609309630737666, 7.157367497781176, 8.08709005911961, 10.797749840418401, 6.270793791201773, 8.17042066041714, 9.115727471506734, 5.5312993382513485, 5.463452837057085, 12.644859254043757, 10.736655122009285, 6.465267079383672, 5.123743305410473, 8.567082148363728], [5.746130067352776, 14.55210420342037, 6.642738274129152, 12.52845033862541, 7.732990821164557, 6.221902992027262, 9.477509095781262, 10.406126450467006, 7.136188544664296, 10.856920802704227, 8.512032075900146, 99999999.0, 12.20620874769515, 7.566450231861869, 12.435691376357811, 14.097060591374103, 6.5108683666183484, 10.418537865951297, 8.01168197480556, 6.760502929158343, 9.258217780287984, 11.802746092948555, 13.309001613167904, 9.133236030689869, 7.319536608747398, 11.823904442150125, 9.23724400338445, 10.92458542810268, 10.775343235352288, 10.874331972671389], [11.478188192365138, 5.139075949081607, 6.168518231262833, 13.83938112878712, 8.923716539195645, 10.713190896616215, 10.029567948093954, 10.03407755204716, 13.134317328348612, 13.896827666558174, 13.45482617861855, 12.20620874769515, 99999999.0, 9.512539963061553, 5.22956087415322, 12.919649034818786, 9.520264261332574, 12.273572774569809, 8.858098314703335, 10.943863433124184, 10.494789006785812, 6.1531999826888715, 7.29215893325822, 9.549637114199765, 12.222967782170944, 6.831913657727001, 14.226624315057704, 8.97386843828211, 7.359451447448021, 13.014107611208091], [11.953322032198384, 5.929059750010833, 6.932858991590951, 10.783903280567841, 14.456351055839274, 9.967942832850703, 6.509531133148128, 5.716180130938336, 14.477089614978652, 6.071968970694835, 13.83496352572056, 7.566450231861869, 9.512539963061553, 99999999.0, 10.99925234147921, 14.68685877381729, 7.645893961630054, 11.160480647860506, 9.39565108283406, 7.770141337552051, 6.261251104949791, 7.559953319893648, 10.314910282486718, 5.963911778275709, 8.084876414051127, 9.15654527326014, 9.395735909338715, 12.482580869157852, 14.589068401646147, 5.241033217712792], [5.379962595367339, 5.283981197569075, 12.36766093534614, 7.321974531297359, 12.4119172761275, 12.845480469140986, 8.63999461351792, 12.938900257372888, 6.533402887652427, 9.014930281003423, 5.273612945265938, 12.435691376357811, 5.22956087415322, 10.99925234147921, 99999999.0, 13.165410069612747, 7.490476395870011, 12.182525715461402, 12.902667210809456, 8.9749454290993, 12.295354975648626, 5.085734238076491, 13.132431122411546, 14.707285732554983, 13.954782352029836, 7.391479755612128, 12.307232633925699, 6.201494034154662, 13.413593493299127, 11.168385788992504], [8.240811789995618, 5.033085453380542, 14.537429507672641, 8.868323259297597, 11.002769663066907, 13.411139822900793, 13.958396721796152, 7.673859768649777, 10.290513856649774, 8.983625223094478, 7.024344561605992, 14.097060591374103, 12.919649034818786, 14.68685877381729, 13.165410069612747, 99999999.0, 14.742364162904419, 13.275529580627719, 11.96879202242378, 12.734637962725577, 11.37547335883045, 7.503051193692527, 8.840316769868291, 12.980005820739013, 6.0724603302378455, 14.669339014230054, 12.619594815309943, 14.229886711467879, 7.0171257998696825, 11.737492725829203], [14.368627619966292, 7.349416348953013, 11.535608992204924, 5.131830849603283, 5.752732942169252, 9.97016852413633, 9.067779879879904, 13.488640882982603, 6.661523247863075, 6.052212048959566, 9.609309630737666, 6.5108683666183484, 9.520264261332574, 7.645893961630054, 7.490476395870011, 14.742364162904419, 99999999.0, 8.531782375149628, 8.58966640100906, 6.523297852231215, 11.558727221320797, 5.9095506822282315, 5.254903047714063, 11.051541895754179, 14.247601914304052, 12.317843552149412, 12.953625449916785, 14.958243602422247, 8.276088226416137, 12.84386533850643], [9.02342595837457, 10.275932608618195, 8.17957833397939, 12.735768071569662, 8.61848960840922, 5.797945866939596, 8.394901228492081, 10.202314755157504, 9.944529648534836, 13.336202689196664, 7.157367497781176, 10.418537865951297, 12.273572774569809, 11.160480647860506, 12.182525715461402, 13.275529580627719, 8.531782375149628, 99999999.0, 8.174106964515499, 7.748261953813376, 11.512283978241358, 8.844554605093899, 14.267547678631793, 9.42766284907595, 14.95750889515072, 12.333796859293445, 9.409404115332707, 7.267220006307252, 10.364990209226345, 8.53100908704774], [10.951892563299003, 9.726980204930982, 12.860653710206336, 6.336895477702922, 7.4979837272629934, 13.62134666738865, 12.066481028685876, 6.834970190261005, 11.598032015934123, 14.529089161707024, 8.08709005911961, 8.01168197480556, 8.858098314703335, 9.39565108283406, 12.902667210809456, 11.96879202242378, 8.58966640100906, 8.174106964515499, 99999999.0, 12.139395704111994, 10.860609351817622, 14.94356782112856, 8.942057285979917, 7.207076941597103, 5.794968567262089, 11.668409187569427, 8.088200456543042, 9.560145697508485, 8.925529204067814, 7.0197059968894715], [6.379524062422934, 13.037605407582792, 9.361763871022765, 10.145513439168088, 11.274684383147694, 7.888737429781203, 10.211383442062209, 14.785625343227437, 13.322272785319365, 5.304927326206634, 10.797749840418401, 6.760502929158343, 10.943863433124184, 7.770141337552051, 8.9749454290993, 12.734637962725577, 6.523297852231215, 7.748261953813376, 12.139395704111994, 99999999.0, 5.702252856246225, 13.90476943114971, 9.886197294152083, 14.752932853125792, 6.836189294012421, 6.462491293688293, 5.065866358378553, 14.916802156726618, 11.025532137820303, 14.457345463252425], [12.52549895569329, 9.179079784435803, 12.15581424375947, 9.354366123534582, 9.143226730119995, 12.011309512760114, 11.34420470573548, 6.942263669747453, 12.644182310746995, 10.201055714098928, 6.270793791201773, 9.258217780287984, 10.494789006785812, 6.261251104949791, 12.295354975648626, 11.37547335883045, 11.558727221320797, 11.512283978241358, 10.860609351817622, 5.702252856246225, 99999999.0, 13.711553760357972, 6.065279255641249, 6.165601857403679, 12.75526676761756, 9.049053668296413, 14.488269768890179, 13.025995074775373, 11.615925660940425, 9.785878349715531], [8.667747055321643, 9.67732562847549, 5.824359995647475, 5.636468746292928, 10.909296378886001, 8.16573548215448, 5.003920309800672, 11.671387240982984, 6.030785233664984, 12.59942817830963, 8.17042066041714, 11.802746092948555, 6.1531999826888715, 7.559953319893648, 5.085734238076491, 7.503051193692527, 5.9095506822282315, 8.844554605093899, 14.94356782112856, 13.90476943114971, 13.711553760357972, 99999999.0, 10.60688224062257, 10.13647832932108, 6.75780501356475, 13.80983030994819, 13.20856788544662, 6.5735823103476045, 6.107868191691821, 8.085178328918055], [13.905044630208428, 10.043797477810124, 7.234184782219938, 13.760285667815365, 5.088380855978732, 8.087364343485035, 14.847455810943037, 12.74927943979129, 11.124390853299406, 11.406109123752795, 9.115727471506734, 13.309001613167904, 7.29215893325822, 10.314910282486718, 13.132431122411546, 8.840316769868291, 5.254903047714063, 14.267547678631793, 8.942057285979917, 9.886197294152083, 6.065279255641249, 10.60688224062257, 99999999.0, 14.82666837420326, 14.142362931579141, 6.309201900790555, 6.235243588630716, 14.244220172009147, 11.34393122640166, 7.6439582968157325], [7.5018750897006115, 5.416387430047857, 7.105480802133659, 14.736916973029162, 5.276711683222006, 14.620117939899492, 9.456564139666641, 7.13987895504685, 11.950261986087737, 7.98228748403428, 5.5312993382513485, 9.133236030689869, 9.549637114199765, 5.963911778275709, 14.707285732554983, 12.980005820739013, 11.051541895754179, 9.42766284907595, 7.207076941597103, 14.752932853125792, 6.165601857403679, 10.13647832932108, 14.82666837420326, 99999999.0, 6.473376976322624, 6.240475091456194, 7.212855371171844, 9.457029801729007, 6.784282828208048, 9.383322667026334], [12.808764975918985, 6.227228176841695, 14.129692703111793, 13.45379876747343, 11.848844301362433, 11.304922378966179, 12.694876018353863, 14.425566831985565, 9.984769683904052, 9.214579418744195, 5.463452837057085, 7.319536608747398, 12.222967782170944, 8.084876414051127, 13.954782352029836, 6.0724603302378455, 14.247601914304052, 14.95750889515072, 5.794968567262089, 6.836189294012421, 12.75526676761756, 6.75780501356475, 14.142362931579141, 6.473376976322624, 99999999.0, 5.782343615960834, 14.147676952528267, 11.128083226202346, 12.591099266632398, 14.646709104470865], [11.812475345586654, 9.322785011008943, 6.730858638503063, 10.712513622317177, 8.390433244031904, 10.925279810628032, 14.62745133564254, 13.051993400800027, 9.823657947537903, 14.532719481991997, 12.644859254043757, 11.823904442150125, 6.831913657727001, 9.15654527326014, 7.391479755612128, 14.669339014230054, 12.317843552149412, 12.333796859293445, 11.668409187569427, 6.462491293688293, 9.049053668296413, 13.80983030994819, 6.309201900790555, 6.240475091456194, 5.782343615960834, 99999999.0, 6.790867685589457, 10.064688313839415, 5.3068358539852305, 8.952107255609505], [5.486923107840928, 8.732425247522887, 6.704629050299703, 13.089896590943521, 9.242800975871303, 10.66359329571274, 8.529159009094952, 9.217853576191608, 12.612646845844965, 8.291856150912714, 10.736655122009285, 9.23724400338445, 14.226624315057704, 9.395735909338715, 12.307232633925699, 12.619594815309943, 12.953625449916785, 9.409404115332707, 8.088200456543042, 5.065866358378553, 14.488269768890179, 13.20856788544662, 6.235243588630716, 7.212855371171844, 14.147676952528267, 6.790867685589457, 99999999.0, 5.351227307747395, 7.789030626854498, 9.847672747227499], [11.071691317460628, 10.070699368268444, 13.12158104266841, 8.368508052385094, 7.847703993318909, 9.607011383100955, 6.90656911377503, 10.683901190926612, 13.474682423857287, 14.51208719097318, 6.465267079383672, 10.92458542810268, 8.97386843828211, 12.482580869157852, 6.201494034154662, 14.229886711467879, 14.958243602422247, 7.267220006307252, 9.560145697508485, 14.916802156726618, 13.025995074775373, 6.5735823103476045, 14.244220172009147, 9.457029801729007, 11.128083226202346, 10.064688313839415, 5.351227307747395, 99999999.0, 11.816559922812623, 14.503442947633692], [11.798839487130444, 11.203574193435333, 10.474463438250195, 10.009574747615668, 12.331250143515847, 12.074441714354315, 8.392482316420317, 14.03793179285912, 12.033582058764486, 6.5727528846044585, 5.123743305410473, 10.775343235352288, 7.359451447448021, 14.589068401646147, 13.413593493299127, 7.0171257998696825, 8.276088226416137, 10.364990209226345, 8.925529204067814, 11.025532137820303, 11.615925660940425, 6.107868191691821, 11.34393122640166, 6.784282828208048, 12.591099266632398, 5.3068358539852305, 7.789030626854498, 11.816559922812623, 99999999.0, 8.449126452513369], [9.363895187839022, 9.173421850335927, 8.324930303563452, 6.597397579802079, 14.69242575701114, 8.175789165490736, 13.336241126478255, 7.292351491944293, 12.961352405356859, 14.84833642379671, 8.567082148363728, 10.874331972671389, 13.014107611208091, 5.241033217712792, 11.168385788992504, 11.737492725829203, 12.84386533850643, 8.53100908704774, 7.0197059968894715, 14.457345463252425, 9.785878349715531, 8.085178328918055, 7.6439582968157325, 9.383322667026334, 14.646709104470865, 8.952107255609505, 9.847672747227499, 14.503442947633692, 8.449126452513369, 99999999.0]];
