M = 99999999.0;
numWorkers = 25;
numRoles = 6;
numNodes = 30;
wStart = [0, 15.945308018953924, 45.66551422212081, 30.130176633708032, 2.2353638236793274, 10.601185454717776, 37.09463672517686, 28.62715719733928, 47.42581466277623, 1.0430045994305102, 16.791687116324354, 43.92440532143775, 48.81782024199123, 24.32080025502283, 63.5976009237136, 26.57447431801261, 50.062892977440214, 5.868446843014612, 23.138176316443374, 15.658372144002888, 12.822152526849196, 3.374419998683118, 22.72051727676537, 15.478315597891452, 12.944748120311878, 9.99119054547455, 25.025407321332544, 9.784418983715547, 9.738483039368715, 0];
wEnd = [0, 41.79307807063479, 82.60841169274568, 57.500605328695386, 32.750058489225424, 48.380871946706534, 63.795037390912114, 63.247643399049366, 84.59907365199021, 39.29973777110433, 52.0512134306792, 73.53689197837801, 86.56514271433372, 58.572576550717386, 89.72815869854173, 62.71515588938725, 84.83563808079384, 34.10016147969244, 61.982874419625816, 49.95082440596708, 51.12006738071098, 41.15706102514665, 58.59260224754237, 53.31933856123935, 39.31139032495443, 47.32388023996123, 58.659515103161105, 35.99328724542217, 37.19824046773584, 90];
p = [0, 9.98906835179734, 10.634379939427218, 10.520442646206796, 14.83272839901916, 16.58350424837727, 7.515714120579697, 18.276271991646155, 15.229188213305049, 24.52782454594309, 14.69614505669396, 10.333723127335313, 22.959477406152498, 17.74863518021813, 10.871978890875791, 22.004179194857368, 10.121316295691534, 10.596889214207973, 11.783738551698566, 17.569150218468263, 20.418183824133997, 16.356956525416948, 20.32013832991169, 9.718385929446095, 9.825140305656848, 23.145138237210045, 20.83713037622246, 8.826665217872346, 12.905650756328804, 0];
e = [[0, 1, 0, 1, 0, 0], [1, 1, 0, 1, 0, 0], [0, 1, 0, 0, 0, 0], [0, 1, 0, 0, 0, 0], [1, 0, 0, 1, 0, 0], [1, 1, 0, 0, 0, 0], [1, 0, 0, 0, 0, 1], [0, 1, 0, 0, 0, 1], [1, 1, 0, 0, 0, 0], [1, 1, 0, 0, 0, 0], [0, 1, 1, 0, 0, 0], [1, 1, 0, 0, 0, 0], [0, 1, 0, 0, 1, 0], [0, 1, 0, 0, 1, 0], [0, 1, 0, 0, 0, 1], [0, 1, 0, 0, 0, 0], [1, 0, 0, 1, 0, 0], [1, 0, 0, 0, 0, 1], [0, 1, 0, 1, 0, 0], [1, 0, 0, 0, 0, 1], [0, 1, 1, 0, 0, 0], [0, 1, 0, 1, 0, 0], [0, 1, 0, 0, 1, 0], [0, 1, 0, 0, 0, 0], [0, 1, 0, 0, 0, 0]];
d = [[1, 0, 0, 0, 2, 0, 1, 0, 0, 1, 2, 0, 0, 3, 1, 1, 0, 0, 0, 1, 1, 1, 2, 3, 0, 1, 2, 0], [1, 0, 0, 0, 2, 2, 1, 3, 1, 1, 2, 1, 1, 0, 2, 1, 1, 0, 2, 1, 1, 2, 0, 0, 2, 0, 0, 1], [2, 0, 1, 0, 1, 1, 1, 1, 1, 0, 1, 0, 3, 1, 2, 1, 2, 1, 1, 0, 0, 2, 0, 0, 0, 1, 1, 1], [2, 1, 1, 1, 1, 0, 0, 2, 0, 1, 0, 2, 0, 2, 0, 0, 1, 0, 0, 0, 0, 1, 3, 2, 0, 1, 1, 0], [1, 1, 0, 1, 0, 1, 0, 0, 2, 1, 1, 1, 1, 0, 2, 1, 2, 3, 0, 1, 0, 0, 0, 0, 2, 2, 0, 1], [1, 1, 1, 2, 0, 0, 1, 1, 1, 3, 2, 3, 1, 2, 1, 2, 1, 1, 0, 0, 1, 2, 0, 1, 2, 3, 1, 0]];
r = [182.70112896161473, 55.957879365622794, 133.44586455186027, 131.49143843952106, 60.911929972308734, 77.24251545717875, 177.62414122517742, 125.59654039023455, 130.60462831806188, 80.00881685700767, 185.618270711632, 198.30909842431663, 183.76124998301694, 133.66091936349528, 139.39983975079173, 55.49601651574464, 184.2495483858695, 131.1956164296642, 93.28289012474528, 165.3813950216496, 162.90959174689195, 55.924173869026035, 139.74897453262895, 141.36968171829477, 69.74913452290374, 126.35061321906686, 170.97765257099172, 149.9047613173242];
b = [[[0.0, 0.0, 0.0, 0.0, 0.0, 0.0, 0.0, 0.0, 0.0, 0.0, 0.0, 0.0, 0.0, 0.0, 0.0, 0.0, 0.0, 0.0, 0.0, 0.0, 0.0, 0.0, 0.0, 0.0, 0.0, 0.0, 0.0, 0.0], [0.0, 0.0, 0.0, 0.0, 0.0, 0.0, 0.0, 0.0, 0.0, 0.0, 0.0, 0.0, 0.0, 0.0, 0.0, 0.0, 0.0, 0.0, 0.0, 0.0, 0.0, 0.0, 0.0, 0.0, 0.0, 0.0, 0.0, 0.0], [0.0, 0.0, 0.0, 0.0, 0.0, 0.0, 0.0, 0.0, 0.0, 0.0, 0.0, 0.0, 0.0, 0.0, 0.0, 0.0, 0.0, 0.0, 0.0, 0.0, 0.0, 0.0, 0.0, 0.0, 0.0, 0.0, 0.0, 0.0], [0.0, 0.0, 0.0, 0.0, 0.0, 0.0, 0.0, 0.0, 0.0, 0.0, 0.0, 0.0, 0.0, 0.0, 0.0, 0.0, 0.0, 0.0, 0.0, 0.0, 0.0, 0.0, 0.0, 0.0, 0.0, 0.0, 0.0, 0.0], [0.0, 0.0, 0.0, 0.0, 0.0, 0.0, 0.0, 0.0, 0.0, 0.0, 0.0, 0.0, 0.0, 0.0, 0.0, 0.0, 0.0, 0.0, 0.0, 0.0, 0.0, 0.0, 0.0, 0.0, 0.0, 0.0, 0.0, 0.0], [0.0, 0.0, 0.0, 0.0, 0.0, 0.0, 0.0, 0.0, 0.0, 0.0, 0.0, 0.0, 0.0, 0.0, 0.0, 0.0, 0.0, 0.0, 0.0, 0.0, 0.0, 0.0, 0.0, 0.0, 0.0, 0.0, 0.0, 0.0]], [[0.0, 0.0, 0.0, 0.0, 0.0, 0.0, 0.0, 0.0, 0.0, 0.0, 0.0, 0.0, 0.0, 0.0, 0.0, 0.0, 0.0, 0.0, 0.0, 0.0, 0.0, 0.0, 0.0, 0.0, 0.0, 0.0, 0.0, 0.0], [0.0, 0.0, 0.0, 0.0, 0.0, 0.0, 0.0, 0.0, 0.0, 0.0, 0.0, 0.0, 0.0, 0.0, 0.0, 0.0, 0.0, 0.0, 0.0, 0.0, 0.0, 0.0, 0.0, 0.0, 0.0, 0.0, 0.0, 0.0], [0.0, 0.0, 0.0, 0.0, 0.0, 0.0, 0.0, 0.0, 0.0, 0.0, 0.0, 0.0, 0.0, 0.0, 0.0, 0.0, 0.0, 0.0, 0.0, 0.0, 0.0, 0.0, 0.0, 0.0, 0.0, 0.0, 0.0, 0.0], [0.0, 0.0, 0.0, 0.0, 0.0, 0.0, 0.0, 0.0, 0.0, 0.0, 0.0, 0.0, 0.0, 0.0, 0.0, 0.0, 0.0, 0.0, 0.0, 0.0, 0.0, 0.0, 0.0, 0.0, 0.0, 0.0, 0.0, 0.0], [0.0, 0.0, 0.0, 0.0, 0.0, 0.0, 0.0, 0.0, 0.0, 0.0, 0.0, 0.0, 0.0, 0.0, 0.0, 0.0, 0.0, 0.0, 0.0, 0.0, 0.0, 0.0, 0.0, 0.0, 0.0, 0.0, 0.0, 0.0], [0.0, 0.0, 0.0, 0.0, 0.0, 0.0, 0.0, 0.0, 0.0, 0.0, 0.0, 0.0, 0.0, 0.0, 0.0, 0.0, 0.0, 0.0, 0.0, 0.0, 0.0, 0.0, 0.0, 0.0, 0.0, 0.0, 0.0, 0.0]], [[0.0, 0.0, 0.0, 0.0, 0.0, 0.0, 0.0, 0.0, 0.0, 0.0, 0.0, 0.0, 0.0, 0.0, 0.0, 0.0, 0.0, 0.0, 0.0, 0.0, 0.0, 0.0, 0.0, 0.0, 0.0, 0.0, 0.0, 0.0], [0.0, 0.0, 0.0, 0.0, 0.0, 0.0, 0.0, 0.0, 0.0, 0.0, 0.0, 0.0, 0.0, 0.0, 0.0, 0.0, 0.0, 0.0, 0.0, 0.0, 0.0, 0.0, 0.0, 0.0, 0.0, 0.0, 0.0, 0.0], [0.0, 0.0, 0.0, 0.0, 0.0, 0.0, 0.0, 0.0, 0.0, 0.0, 0.0, 0.0, 0.0, 0.0, 0.0, 0.0, 0.0, 0.0, 0.0, 0.0, 0.0, 0.0, 0.0, 0.0, 0.0, 0.0, 0.0, 0.0], [0.0, 0.0, 0.0, 0.0, 0.0, 0.0, 0.0, 0.0, 0.0, 0.0, 0.0, 0.0, 0.0, 0.0, 0.0, 0.0, 0.0, 0.0, 0.0, 0.0, 0.0, 0.0, 0.0, 0.0, 0.0, 0.0, 0.0, 0.0], [0.0, 0.0, 0.0, 0.0, 0.0, 0.0, 0.0, 0.0, 0.0, 0.0, 0.0, 0.0, 0.0, 0.0, 0.0, 0.0, 0.0, 0.0, 0.0, 0.0, 0.0, 0.0, 0.0, 0.0, 0.0, 0.0, 0.0, 0.0], [0.0, 0.0, 0.0, 0.0, 0.0, 0.0, 0.0, 0.0, 0.0, 0.0, 0.0, 0.0, 0.0, 0.0, 0.0, 0.0, 0.0, 0.0, 0.0, 0.0, 0.0, 0.0, 0.0, 0.0, 0.0, 0.0, 0.0, 0.0]], [[0.0, 0.0, 0.0, 0.0, 0.0, 0.0, 0.0, 0.0, 0.0, 0.0, 0.0, 0.0, 0.0, 0.0, 0.0, 0.0, 0.0, 0.0, 0.0, 0.0, 0.0, 0.0, 0.0, 0.0, 0.0, 0.0, 0.0, 0.0], [0.0, 0.0, 0.0, 0.0, 0.0, 0.0, 0.0, 0.0, 0.0, 0.0, 0.0, 0.0, 0.0, 0.0, 0.0, 0.0, 0.0, 0.0, 0.0, 0.0, 0.0, 0.0, 0.0, 0.0, 0.0, 0.0, 0.0, 0.0], [0.0, 0.0, 0.0, 0.0, 0.0, 0.0, 0.0, 0.0, 0.0, 0.0, 0.0, 0.0, 0.0, 0.0, 0.0, 0.0, 0.0, 0.0, 0.0, 0.0, 0.0, 0.0, 0.0, 0.0, 0.0, 0.0, 0.0, 0.0], [0.0, 0.0, 0.0, 0.0, 0.0, 0.0, 0.0, 0.0, 0.0, 0.0, 0.0, 0.0, 0.0, 0.0, 0.0, 0.0, 0.0, 0.0, 0.0, 0.0, 0.0, 0.0, 0.0, 0.0, 0.0, 0.0, 0.0, 0.0], [0.0, 0.0, 0.0, 0.0, 0.0, 0.0, 0.0, 0.0, 0.0, 0.0, 0.0, 0.0, 0.0, 0.0, 0.0, 0.0, 0.0, 0.0, 0.0, 0.0, 0.0, 0.0, 0.0, 0.0, 0.0, 0.0, 0.0, 0.0], [0.0, 0.0, 0.0, 0.0, 0.0, 0.0, 0.0, 0.0, 0.0, 0.0, 0.0, 0.0, 0.0, 0.0, 0.0, 0.0, 0.0, 0.0, 0.0, 0.0, 0.0, 0.0, 0.0, 0.0, 0.0, 0.0, 0.0, 0.0]], [[0.0, 0.0, 0.0, 0.0, 0.0, 0.0, 0.0, 0.0, 0.0, 0.0, 0.0, 0.0, 0.0, 0.0, 0.0, 0.0, 0.0, 0.0, 0.0, 0.0, 0.0, 0.0, 0.0, 0.0, 0.0, 0.0, 0.0, 0.0], [0.0, 0.0, 0.0, 0.0, 0.0, 0.0, 0.0, 0.0, 0.0, 0.0, 0.0, 0.0, 0.0, 0.0, 0.0, 0.0, 0.0, 0.0, 0.0, 0.0, 0.0, 0.0, 0.0, 0.0, 0.0, 0.0, 0.0, 0.0], [0.0, 0.0, 0.0, 0.0, 0.0, 0.0, 0.0, 0.0, 0.0, 0.0, 0.0, 0.0, 0.0, 0.0, 0.0, 0.0, 0.0, 0.0, 0.0, 0.0, 0.0, 0.0, 0.0, 0.0, 0.0, 0.0, 0.0, 0.0], [0.0, 0.0, 0.0, 0.0, 0.0, 0.0, 0.0, 0.0, 0.0, 0.0, 0.0, 0.0, 0.0, 0.0, 0.0, 0.0, 0.0, 0.0, 0.0, 0.0, 0.0, 0.0, 0.0, 0.0, 0.0, 0.0, 0.0, 0.0], [0.0, 0.0, 0.0, 0.0, 0.0, 0.0, 0.0, 0.0, 0.0, 0.0, 0.0, 0.0, 0.0, 0.0, 0.0, 0.0, 0.0, 0.0, 0.0, 0.0, 0.0, 0.0, 0.0, 0.0, 0.0, 0.0, 0.0, 0.0], [0.0, 0.0, 0.0, 0.0, 0.0, 0.0, 0.0, 0.0, 0.0, 0.0, 0.0, 0.0, 0.0, 0.0, 0.0, 0.0, 0.0, 0.0, 0.0, 0.0, 0.0, 0.0, 0.0, 0.0, 0.0, 0.0, 0.0, 0.0]], [[0.0, 0.0, 0.0, 0.0, 0.0, 0.0, 0.0, 0.0, 0.0, 0.0, 0.0, 0.0, 0.0, 0.0, 0.0, 0.0, 0.0, 0.0, 0.0, 0.0, 0.0, 0.0, 0.0, 0.0, 0.0, 0.0, 0.0, 0.0], [0.0, 0.0, 0.0, 0.0, 0.0, 0.0, 0.0, 0.0, 0.0, 0.0, 0.0, 0.0, 0.0, 0.0, 0.0, 0.0, 0.0, 0.0, 0.0, 0.0, 0.0, 0.0, 0.0, 0.0, 0.0, 0.0, 0.0, 0.0], [0.0, 0.0, 0.0, 0.0, 0.0, 0.0, 0.0, 0.0, 0.0, 0.0, 0.0, 0.0, 0.0, 0.0, 0.0, 0.0, 0.0, 0.0, 0.0, 0.0, 0.0, 0.0, 0.0, 0.0, 0.0, 0.0, 0.0, 0.0], [0.0, 0.0, 0.0, 0.0, 0.0, 0.0, 0.0, 0.0, 0.0, 0.0, 0.0, 0.0, 0.0, 0.0, 0.0, 0.0, 0.0, 0.0, 0.0, 0.0, 0.0, 0.0, 0.0, 0.0, 0.0, 0.0, 0.0, 0.0], [0.0, 0.0, 0.0, 0.0, 0.0, 0.0, 0.0, 0.0, 0.0, 0.0, 0.0, 0.0, 0.0, 0.0, 0.0, 0.0, 0.0, 0.0, 0.0, 0.0, 0.0, 0.0, 0.0, 0.0, 0.0, 0.0, 0.0, 0.0], [0.0, 0.0, 0.0, 0.0, 0.0, 0.0, 0.0, 0.0, 0.0, 0.0, 0.0, 0.0, 0.0, 0.0, 0.0, 0.0, 0.0, 0.0, 0.0, 0.0, 0.0, 0.0, 0.0, 0.0, 0.0, 0.0, 0.0, 0.0]], [[0.0, 0.0, 0.0, 0.0, 0.0, 0.0, 0.0, 0.0, 0.0, 0.0, 0.0, 0.0, 0.0, 0.0, 0.0, 0.0, 0.0, 0.0, 0.0, 0.0, 0.0, 0.0, 0.0, 0.0, 0.0, 0.0, 0.0, 0.0], [0.0, 0.0, 0.0, 0.0, 0.0, 0.0, 0.0, 0.0, 0.0, 0.0, 0.0, 0.0, 0.0, 0.0, 0.0, 0.0, 0.0, 0.0, 0.0, 0.0, 0.0, 0.0, 0.0, 0.0, 0.0, 0.0, 0.0, 0.0], [0.0, 0.0, 0.0, 0.0, 0.0, 0.0, 0.0, 0.0, 0.0, 0.0, 0.0, 0.0, 0.0, 0.0, 0.0, 0.0, 0.0, 0.0, 0.0, 0.0, 0.0, 0.0, 0.0, 0.0, 0.0, 0.0, 0.0, 0.0], [0.0, 0.0, 0.0, 0.0, 0.0, 0.0, 0.0, 0.0, 0.0, 0.0, 0.0, 0.0, 0.0, 0.0, 0.0, 0.0, 0.0, 0.0, 0.0, 0.0, 0.0, 0.0, 0.0, 0.0, 0.0, 0.0, 0.0, 0.0], [0.0, 0.0, 0.0, 0.0, 0.0, 0.0, 0.0, 0.0, 0.0, 0.0, 0.0, 0.0, 0.0, 0.0, 0.0, 0.0, 0.0, 0.0, 0.0, 0.0, 0.0, 0.0, 0.0, 0.0, 0.0, 0.0, 0.0, 0.0], [0.0, 0.0, 0.0, 0.0, 0.0, 0.0, 0.0, 0.0, 0.0, 0.0, 0.0, 0.0, 0.0, 0.0, 0.0, 0.0, 0.0, 0.0, 0.0, 0.0, 0.0, 0.0, 0.0, 0.0, 0.0, 0.0, 0.0, 0.0]], [[0.0, 0.0, 0.0, 0.0, 0.0, 0.0, 0.0, 0.0, 0.0, 0.0, 0.0, 0.0, 0.0, 0.0, 0.0, 0.0, 0.0, 0.0, 0.0, 0.0, 0.0, 0.0, 0.0, 0.0, 0.0, 0.0, 0.0, 0.0], [0.0, 0.0, 0.0, 0.0, 0.0, 0.0, 0.0, 0.0, 0.0, 0.0, 0.0, 0.0, 0.0, 0.0, 0.0, 0.0, 0.0, 0.0, 0.0, 0.0, 0.0, 0.0, 0.0, 0.0, 0.0, 0.0, 0.0, 0.0], [0.0, 0.0, 0.0, 0.0, 0.0, 0.0, 0.0, 0.0, 0.0, 0.0, 0.0, 0.0, 0.0, 0.0, 0.0, 0.0, 0.0, 0.0, 0.0, 0.0, 0.0, 0.0, 0.0, 0.0, 0.0, 0.0, 0.0, 0.0], [0.0, 0.0, 0.0, 0.0, 0.0, 0.0, 0.0, 0.0, 0.0, 0.0, 0.0, 0.0, 0.0, 0.0, 0.0, 0.0, 0.0, 0.0, 0.0, 0.0, 0.0, 0.0, 0.0, 0.0, 0.0, 0.0, 0.0, 0.0], [0.0, 0.0, 0.0, 0.0, 0.0, 0.0, 0.0, 0.0, 0.0, 0.0, 0.0, 0.0, 0.0, 0.0, 0.0, 0.0, 0.0, 0.0, 0.0, 0.0, 0.0, 0.0, 0.0, 0.0, 0.0, 0.0, 0.0, 0.0], [0.0, 0.0, 0.0, 0.0, 0.0, 0.0, 0.0, 0.0, 0.0, 0.0, 0.0, 0.0, 0.0, 0.0, 0.0, 0.0, 0.0, 0.0, 0.0, 0.0, 0.0, 0.0, 0.0, 0.0, 0.0, 0.0, 0.0, 0.0]], [[0.0, 0.0, 0.0, 0.0, 0.0, 0.0, 0.0, 0.0, 0.0, 0.0, 0.0, 0.0, 0.0, 0.0, 0.0, 0.0, 0.0, 0.0, 0.0, 0.0, 0.0, 0.0, 0.0, 0.0, 0.0, 0.0, 0.0, 0.0], [0.0, 0.0, 0.0, 0.0, 0.0, 0.0, 0.0, 0.0, 0.0, 0.0, 0.0, 0.0, 0.0, 0.0, 0.0, 0.0, 0.0, 0.0, 0.0, 0.0, 0.0, 0.0, 0.0, 0.0, 0.0, 0.0, 0.0, 0.0], [0.0, 0.0, 0.0, 0.0, 0.0, 0.0, 0.0, 0.0, 0.0, 0.0, 0.0, 0.0, 0.0, 0.0, 0.0, 0.0, 0.0, 0.0, 0.0, 0.0, 0.0, 0.0, 0.0, 0.0, 0.0, 0.0, 0.0, 0.0], [0.0, 0.0, 0.0, 0.0, 0.0, 0.0, 0.0, 0.0, 0.0, 0.0, 0.0, 0.0, 0.0, 0.0, 0.0, 0.0, 0.0, 0.0, 0.0, 0.0, 0.0, 0.0, 0.0, 0.0, 0.0, 0.0, 0.0, 0.0], [0.0, 0.0, 0.0, 0.0, 0.0, 0.0, 0.0, 0.0, 0.0, 0.0, 0.0, 0.0, 0.0, 0.0, 0.0, 0.0, 0.0, 0.0, 0.0, 0.0, 0.0, 0.0, 0.0, 0.0, 0.0, 0.0, 0.0, 0.0], [0.0, 0.0, 0.0, 0.0, 0.0, 0.0, 0.0, 0.0, 0.0, 0.0, 0.0, 0.0, 0.0, 0.0, 0.0, 0.0, 0.0, 0.0, 0.0, 0.0, 0.0, 0.0, 0.0, 0.0, 0.0, 0.0, 0.0, 0.0]], [[0.0, 0.0, 0.0, 0.0, 0.0, 0.0, 0.0, 0.0, 0.0, 0.0, 0.0, 0.0, 0.0, 0.0, 0.0, 0.0, 0.0, 0.0, 0.0, 0.0, 0.0, 0.0, 0.0, 0.0, 0.0, 0.0, 0.0, 0.0], [0.0, 0.0, 0.0, 0.0, 0.0, 0.0, 0.0, 0.0, 0.0, 0.0, 0.0, 0.0, 0.0, 0.0, 0.0, 0.0, 0.0, 0.0, 0.0, 0.0, 0.0, 0.0, 0.0, 0.0, 0.0, 0.0, 0.0, 0.0], [0.0, 0.0, 0.0, 0.0, 0.0, 0.0, 0.0, 0.0, 0.0, 0.0, 0.0, 0.0, 0.0, 0.0, 0.0, 0.0, 0.0, 0.0, 0.0, 0.0, 0.0, 0.0, 0.0, 0.0, 0.0, 0.0, 0.0, 0.0], [0.0, 0.0, 0.0, 0.0, 0.0, 0.0, 0.0, 0.0, 0.0, 0.0, 0.0, 0.0, 0.0, 0.0, 0.0, 0.0, 0.0, 0.0, 0.0, 0.0, 0.0, 0.0, 0.0, 0.0, 0.0, 0.0, 0.0, 0.0], [0.0, 0.0, 0.0, 0.0, 0.0, 0.0, 0.0, 0.0, 0.0, 0.0, 0.0, 0.0, 0.0, 0.0, 0.0, 0.0, 0.0, 0.0, 0.0, 0.0, 0.0, 0.0, 0.0, 0.0, 0.0, 0.0, 0.0, 0.0], [0.0, 0.0, 0.0, 0.0, 0.0, 0.0, 0.0, 0.0, 0.0, 0.0, 0.0, 0.0, 0.0, 0.0, 0.0, 0.0, 0.0, 0.0, 0.0, 0.0, 0.0, 0.0, 0.0, 0.0, 0.0, 0.0, 0.0, 0.0]], [[0.0, 0.0, 0.0, 0.0, 0.0, 0.0, 0.0, 0.0, 0.0, 0.0, 0.0, 0.0, 0.0, 0.0, 0.0, 0.0, 0.0, 0.0, 0.0, 0.0, 0.0, 0.0, 0.0, 0.0, 0.0, 0.0, 0.0, 0.0], [0.0, 0.0, 0.0, 0.0, 0.0, 0.0, 0.0, 0.0, 0.0, 0.0, 0.0, 0.0, 0.0, 0.0, 0.0, 0.0, 0.0, 0.0, 0.0, 0.0, 0.0, 0.0, 0.0, 0.0, 0.0, 0.0, 0.0, 0.0], [0.0, 0.0, 0.0, 0.0, 0.0, 0.0, 0.0, 0.0, 0.0, 0.0, 0.0, 0.0, 0.0, 0.0, 0.0, 0.0, 0.0, 0.0, 0.0, 0.0, 0.0, 0.0, 0.0, 0.0, 0.0, 0.0, 0.0, 0.0], [0.0, 0.0, 0.0, 0.0, 0.0, 0.0, 0.0, 0.0, 0.0, 0.0, 0.0, 0.0, 0.0, 0.0, 0.0, 0.0, 0.0, 0.0, 0.0, 0.0, 0.0, 0.0, 0.0, 0.0, 0.0, 0.0, 0.0, 0.0], [0.0, 0.0, 0.0, 0.0, 0.0, 0.0, 0.0, 0.0, 0.0, 0.0, 0.0, 0.0, 0.0, 0.0, 0.0, 0.0, 0.0, 0.0, 0.0, 0.0, 0.0, 0.0, 0.0, 0.0, 0.0, 0.0, 0.0, 0.0], [0.0, 0.0, 0.0, 0.0, 0.0, 0.0, 0.0, 0.0, 0.0, 0.0, 0.0, 0.0, 0.0, 0.0, 0.0, 0.0, 0.0, 0.0, 0.0, 0.0, 0.0, 0.0, 0.0, 0.0, 0.0, 0.0, 0.0, 0.0]], [[0.0, 0.0, 0.0, 0.0, 0.0, 0.0, 0.0, 0.0, 0.0, 0.0, 0.0, 0.0, 0.0, 0.0, 0.0, 0.0, 0.0, 0.0, 0.0, 0.0, 0.0, 0.0, 0.0, 0.0, 0.0, 0.0, 0.0, 0.0], [0.0, 0.0, 0.0, 0.0, 0.0, 0.0, 0.0, 0.0, 0.0, 0.0, 0.0, 0.0, 0.0, 0.0, 0.0, 0.0, 0.0, 0.0, 0.0, 0.0, 0.0, 0.0, 0.0, 0.0, 0.0, 0.0, 0.0, 0.0], [0.0, 0.0, 0.0, 0.0, 0.0, 0.0, 0.0, 0.0, 0.0, 0.0, 0.0, 0.0, 0.0, 0.0, 0.0, 0.0, 0.0, 0.0, 0.0, 0.0, 0.0, 0.0, 0.0, 0.0, 0.0, 0.0, 0.0, 0.0], [0.0, 0.0, 0.0, 0.0, 0.0, 0.0, 0.0, 0.0, 0.0, 0.0, 0.0, 0.0, 0.0, 0.0, 0.0, 0.0, 0.0, 0.0, 0.0, 0.0, 0.0, 0.0, 0.0, 0.0, 0.0, 0.0, 0.0, 0.0], [0.0, 0.0, 0.0, 0.0, 0.0, 0.0, 0.0, 0.0, 0.0, 0.0, 0.0, 0.0, 0.0, 0.0, 0.0, 0.0, 0.0, 0.0, 0.0, 0.0, 0.0, 0.0, 0.0, 0.0, 0.0, 0.0, 0.0, 0.0], [0.0, 0.0, 0.0, 0.0, 0.0, 0.0, 0.0, 0.0, 0.0, 0.0, 0.0, 0.0, 0.0, 0.0, 0.0, 0.0, 0.0, 0.0, 0.0, 0.0, 0.0, 0.0, 0.0, 0.0, 0.0, 0.0, 0.0, 0.0]], [[0.0, 0.0, 0.0, 0.0, 0.0, 0.0, 0.0, 0.0, 0.0, 0.0, 0.0, 0.0, 0.0, 0.0, 0.0, 0.0, 0.0, 0.0, 0.0, 0.0, 0.0, 0.0, 0.0, 0.0, 0.0, 0.0, 0.0, 0.0], [0.0, 0.0, 0.0, 0.0, 0.0, 0.0, 0.0, 0.0, 0.0, 0.0, 0.0, 0.0, 0.0, 0.0, 0.0, 0.0, 0.0, 0.0, 0.0, 0.0, 0.0, 0.0, 0.0, 0.0, 0.0, 0.0, 0.0, 0.0], [0.0, 0.0, 0.0, 0.0, 0.0, 0.0, 0.0, 0.0, 0.0, 0.0, 0.0, 0.0, 0.0, 0.0, 0.0, 0.0, 0.0, 0.0, 0.0, 0.0, 0.0, 0.0, 0.0, 0.0, 0.0, 0.0, 0.0, 0.0], [0.0, 0.0, 0.0, 0.0, 0.0, 0.0, 0.0, 0.0, 0.0, 0.0, 0.0, 0.0, 0.0, 0.0, 0.0, 0.0, 0.0, 0.0, 0.0, 0.0, 0.0, 0.0, 0.0, 0.0, 0.0, 0.0, 0.0, 0.0], [0.0, 0.0, 0.0, 0.0, 0.0, 0.0, 0.0, 0.0, 0.0, 0.0, 0.0, 0.0, 0.0, 0.0, 0.0, 0.0, 0.0, 0.0, 0.0, 0.0, 0.0, 0.0, 0.0, 0.0, 0.0, 0.0, 0.0, 0.0], [0.0, 0.0, 0.0, 0.0, 0.0, 0.0, 0.0, 0.0, 0.0, 0.0, 0.0, 0.0, 0.0, 0.0, 0.0, 0.0, 0.0, 0.0, 0.0, 0.0, 0.0, 0.0, 0.0, 0.0, 0.0, 0.0, 0.0, 0.0]], [[0.0, 0.0, 0.0, 0.0, 0.0, 0.0, 0.0, 0.0, 0.0, 0.0, 0.0, 0.0, 0.0, 0.0, 0.0, 0.0, 0.0, 0.0, 0.0, 0.0, 0.0, 0.0, 0.0, 0.0, 0.0, 0.0, 0.0, 0.0], [0.0, 0.0, 0.0, 0.0, 0.0, 0.0, 0.0, 0.0, 0.0, 0.0, 0.0, 0.0, 0.0, 0.0, 0.0, 0.0, 0.0, 0.0, 0.0, 0.0, 0.0, 0.0, 0.0, 0.0, 0.0, 0.0, 0.0, 0.0], [0.0, 0.0, 0.0, 0.0, 0.0, 0.0, 0.0, 0.0, 0.0, 0.0, 0.0, 0.0, 0.0, 0.0, 0.0, 0.0, 0.0, 0.0, 0.0, 0.0, 0.0, 0.0, 0.0, 0.0, 0.0, 0.0, 0.0, 0.0], [0.0, 0.0, 0.0, 0.0, 0.0, 0.0, 0.0, 0.0, 0.0, 0.0, 0.0, 0.0, 0.0, 0.0, 0.0, 0.0, 0.0, 0.0, 0.0, 0.0, 0.0, 0.0, 0.0, 0.0, 0.0, 0.0, 0.0, 0.0], [0.0, 0.0, 0.0, 0.0, 0.0, 0.0, 0.0, 0.0, 0.0, 0.0, 0.0, 0.0, 0.0, 0.0, 0.0, 0.0, 0.0, 0.0, 0.0, 0.0, 0.0, 0.0, 0.0, 0.0, 0.0, 0.0, 0.0, 0.0], [0.0, 0.0, 0.0, 0.0, 0.0, 0.0, 0.0, 0.0, 0.0, 0.0, 0.0, 0.0, 0.0, 0.0, 0.0, 0.0, 0.0, 0.0, 0.0, 0.0, 0.0, 0.0, 0.0, 0.0, 0.0, 0.0, 0.0, 0.0]], [[0.0, 0.0, 0.0, 0.0, 0.0, 0.0, 0.0, 0.0, 0.0, 0.0, 0.0, 0.0, 0.0, 0.0, 0.0, 0.0, 0.0, 0.0, 0.0, 0.0, 0.0, 0.0, 0.0, 0.0, 0.0, 0.0, 0.0, 0.0], [0.0, 0.0, 0.0, 0.0, 0.0, 0.0, 0.0, 0.0, 0.0, 0.0, 0.0, 0.0, 0.0, 0.0, 0.0, 0.0, 0.0, 0.0, 0.0, 0.0, 0.0, 0.0, 0.0, 0.0, 0.0, 0.0, 0.0, 0.0], [0.0, 0.0, 0.0, 0.0, 0.0, 0.0, 0.0, 0.0, 0.0, 0.0, 0.0, 0.0, 0.0, 0.0, 0.0, 0.0, 0.0, 0.0, 0.0, 0.0, 0.0, 0.0, 0.0, 0.0, 0.0, 0.0, 0.0, 0.0], [0.0, 0.0, 0.0, 0.0, 0.0, 0.0, 0.0, 0.0, 0.0, 0.0, 0.0, 0.0, 0.0, 0.0, 0.0, 0.0, 0.0, 0.0, 0.0, 0.0, 0.0, 0.0, 0.0, 0.0, 0.0, 0.0, 0.0, 0.0], [0.0, 0.0, 0.0, 0.0, 0.0, 0.0, 0.0, 0.0, 0.0, 0.0, 0.0, 0.0, 0.0, 0.0, 0.0, 0.0, 0.0, 0.0, 0.0, 0.0, 0.0, 0.0, 0.0, 0.0, 0.0, 0.0, 0.0, 0.0], [0.0, 0.0, 0.0, 0.0, 0.0, 0.0, 0.0, 0.0, 0.0, 0.0, 0.0, 0.0, 0.0, 0.0, 0.0, 0.0, 0.0, 0.0, 0.0, 0.0, 0.0, 0.0, 0.0, 0.0, 0.0, 0.0, 0.0, 0.0]], [[0.0, 0.0, 0.0, 0.0, 0.0, 0.0, 0.0, 0.0, 0.0, 0.0, 0.0, 0.0, 0.0, 0.0, 0.0, 0.0, 0.0, 0.0, 0.0, 0.0, 0.0, 0.0, 0.0, 0.0, 0.0, 0.0, 0.0, 0.0], [0.0, 0.0, 0.0, 0.0, 0.0, 0.0, 0.0, 0.0, 0.0, 0.0, 0.0, 0.0, 0.0, 0.0, 0.0, 0.0, 0.0, 0.0, 0.0, 0.0, 0.0, 0.0, 0.0, 0.0, 0.0, 0.0, 0.0, 0.0], [0.0, 0.0, 0.0, 0.0, 0.0, 0.0, 0.0, 0.0, 0.0, 0.0, 0.0, 0.0, 0.0, 0.0, 0.0, 0.0, 0.0, 0.0, 0.0, 0.0, 0.0, 0.0, 0.0, 0.0, 0.0, 0.0, 0.0, 0.0], [0.0, 0.0, 0.0, 0.0, 0.0, 0.0, 0.0, 0.0, 0.0, 0.0, 0.0, 0.0, 0.0, 0.0, 0.0, 0.0, 0.0, 0.0, 0.0, 0.0, 0.0, 0.0, 0.0, 0.0, 0.0, 0.0, 0.0, 0.0], [0.0, 0.0, 0.0, 0.0, 0.0, 0.0, 0.0, 0.0, 0.0, 0.0, 0.0, 0.0, 0.0, 0.0, 0.0, 0.0, 0.0, 0.0, 0.0, 0.0, 0.0, 0.0, 0.0, 0.0, 0.0, 0.0, 0.0, 0.0], [0.0, 0.0, 0.0, 0.0, 0.0, 0.0, 0.0, 0.0, 0.0, 0.0, 0.0, 0.0, 0.0, 0.0, 0.0, 0.0, 0.0, 0.0, 0.0, 0.0, 0.0, 0.0, 0.0, 0.0, 0.0, 0.0, 0.0, 0.0]], [[0.0, 0.0, 0.0, 0.0, 0.0, 0.0, 0.0, 0.0, 0.0, 0.0, 0.0, 0.0, 0.0, 0.0, 0.0, 0.0, 0.0, 0.0, 0.0, 0.0, 0.0, 0.0, 0.0, 0.0, 0.0, 0.0, 0.0, 0.0], [0.0, 0.0, 0.0, 0.0, 0.0, 0.0, 0.0, 0.0, 0.0, 0.0, 0.0, 0.0, 0.0, 0.0, 0.0, 0.0, 0.0, 0.0, 0.0, 0.0, 0.0, 0.0, 0.0, 0.0, 0.0, 0.0, 0.0, 0.0], [0.0, 0.0, 0.0, 0.0, 0.0, 0.0, 0.0, 0.0, 0.0, 0.0, 0.0, 0.0, 0.0, 0.0, 0.0, 0.0, 0.0, 0.0, 0.0, 0.0, 0.0, 0.0, 0.0, 0.0, 0.0, 0.0, 0.0, 0.0], [0.0, 0.0, 0.0, 0.0, 0.0, 0.0, 0.0, 0.0, 0.0, 0.0, 0.0, 0.0, 0.0, 0.0, 0.0, 0.0, 0.0, 0.0, 0.0, 0.0, 0.0, 0.0, 0.0, 0.0, 0.0, 0.0, 0.0, 0.0], [0.0, 0.0, 0.0, 0.0, 0.0, 0.0, 0.0, 0.0, 0.0, 0.0, 0.0, 0.0, 0.0, 0.0, 0.0, 0.0, 0.0, 0.0, 0.0, 0.0, 0.0, 0.0, 0.0, 0.0, 0.0, 0.0, 0.0, 0.0], [0.0, 0.0, 0.0, 0.0, 0.0, 0.0, 0.0, 0.0, 0.0, 0.0, 0.0, 0.0, 0.0, 0.0, 0.0, 0.0, 0.0, 0.0, 0.0, 0.0, 0.0, 0.0, 0.0, 0.0, 0.0, 0.0, 0.0, 0.0]], [[0.0, 0.0, 0.0, 0.0, 0.0, 0.0, 0.0, 0.0, 0.0, 0.0, 0.0, 0.0, 0.0, 0.0, 0.0, 0.0, 0.0, 0.0, 0.0, 0.0, 0.0, 0.0, 0.0, 0.0, 0.0, 0.0, 0.0, 0.0], [0.0, 0.0, 0.0, 0.0, 0.0, 0.0, 0.0, 0.0, 0.0, 0.0, 0.0, 0.0, 0.0, 0.0, 0.0, 0.0, 0.0, 0.0, 0.0, 0.0, 0.0, 0.0, 0.0, 0.0, 0.0, 0.0, 0.0, 0.0], [0.0, 0.0, 0.0, 0.0, 0.0, 0.0, 0.0, 0.0, 0.0, 0.0, 0.0, 0.0, 0.0, 0.0, 0.0, 0.0, 0.0, 0.0, 0.0, 0.0, 0.0, 0.0, 0.0, 0.0, 0.0, 0.0, 0.0, 0.0], [0.0, 0.0, 0.0, 0.0, 0.0, 0.0, 0.0, 0.0, 0.0, 0.0, 0.0, 0.0, 0.0, 0.0, 0.0, 0.0, 0.0, 0.0, 0.0, 0.0, 0.0, 0.0, 0.0, 0.0, 0.0, 0.0, 0.0, 0.0], [0.0, 0.0, 0.0, 0.0, 0.0, 0.0, 0.0, 0.0, 0.0, 0.0, 0.0, 0.0, 0.0, 0.0, 0.0, 0.0, 0.0, 0.0, 0.0, 0.0, 0.0, 0.0, 0.0, 0.0, 0.0, 0.0, 0.0, 0.0], [0.0, 0.0, 0.0, 0.0, 0.0, 0.0, 0.0, 0.0, 0.0, 0.0, 0.0, 0.0, 0.0, 0.0, 0.0, 0.0, 0.0, 0.0, 0.0, 0.0, 0.0, 0.0, 0.0, 0.0, 0.0, 0.0, 0.0, 0.0]], [[0.0, 0.0, 0.0, 0.0, 0.0, 0.0, 0.0, 0.0, 0.0, 0.0, 0.0, 0.0, 0.0, 0.0, 0.0, 0.0, 0.0, 0.0, 0.0, 0.0, 0.0, 0.0, 0.0, 0.0, 0.0, 0.0, 0.0, 0.0], [0.0, 0.0, 0.0, 0.0, 0.0, 0.0, 0.0, 0.0, 0.0, 0.0, 0.0, 0.0, 0.0, 0.0, 0.0, 0.0, 0.0, 0.0, 0.0, 0.0, 0.0, 0.0, 0.0, 0.0, 0.0, 0.0, 0.0, 0.0], [0.0, 0.0, 0.0, 0.0, 0.0, 0.0, 0.0, 0.0, 0.0, 0.0, 0.0, 0.0, 0.0, 0.0, 0.0, 0.0, 0.0, 0.0, 0.0, 0.0, 0.0, 0.0, 0.0, 0.0, 0.0, 0.0, 0.0, 0.0], [0.0, 0.0, 0.0, 0.0, 0.0, 0.0, 0.0, 0.0, 0.0, 0.0, 0.0, 0.0, 0.0, 0.0, 0.0, 0.0, 0.0, 0.0, 0.0, 0.0, 0.0, 0.0, 0.0, 0.0, 0.0, 0.0, 0.0, 0.0], [0.0, 0.0, 0.0, 0.0, 0.0, 0.0, 0.0, 0.0, 0.0, 0.0, 0.0, 0.0, 0.0, 0.0, 0.0, 0.0, 0.0, 0.0, 0.0, 0.0, 0.0, 0.0, 0.0, 0.0, 0.0, 0.0, 0.0, 0.0], [0.0, 0.0, 0.0, 0.0, 0.0, 0.0, 0.0, 0.0, 0.0, 0.0, 0.0, 0.0, 0.0, 0.0, 0.0, 0.0, 0.0, 0.0, 0.0, 0.0, 0.0, 0.0, 0.0, 0.0, 0.0, 0.0, 0.0, 0.0]], [[0.0, 0.0, 0.0, 0.0, 0.0, 0.0, 0.0, 0.0, 0.0, 0.0, 0.0, 0.0, 0.0, 0.0, 0.0, 0.0, 0.0, 0.0, 0.0, 0.0, 0.0, 0.0, 0.0, 0.0, 0.0, 0.0, 0.0, 0.0], [0.0, 0.0, 0.0, 0.0, 0.0, 0.0, 0.0, 0.0, 0.0, 0.0, 0.0, 0.0, 0.0, 0.0, 0.0, 0.0, 0.0, 0.0, 0.0, 0.0, 0.0, 0.0, 0.0, 0.0, 0.0, 0.0, 0.0, 0.0], [0.0, 0.0, 0.0, 0.0, 0.0, 0.0, 0.0, 0.0, 0.0, 0.0, 0.0, 0.0, 0.0, 0.0, 0.0, 0.0, 0.0, 0.0, 0.0, 0.0, 0.0, 0.0, 0.0, 0.0, 0.0, 0.0, 0.0, 0.0], [0.0, 0.0, 0.0, 0.0, 0.0, 0.0, 0.0, 0.0, 0.0, 0.0, 0.0, 0.0, 0.0, 0.0, 0.0, 0.0, 0.0, 0.0, 0.0, 0.0, 0.0, 0.0, 0.0, 0.0, 0.0, 0.0, 0.0, 0.0], [0.0, 0.0, 0.0, 0.0, 0.0, 0.0, 0.0, 0.0, 0.0, 0.0, 0.0, 0.0, 0.0, 0.0, 0.0, 0.0, 0.0, 0.0, 0.0, 0.0, 0.0, 0.0, 0.0, 0.0, 0.0, 0.0, 0.0, 0.0], [0.0, 0.0, 0.0, 0.0, 0.0, 0.0, 0.0, 0.0, 0.0, 0.0, 0.0, 0.0, 0.0, 0.0, 0.0, 0.0, 0.0, 0.0, 0.0, 0.0, 0.0, 0.0, 0.0, 0.0, 0.0, 0.0, 0.0, 0.0]], [[0.0, 0.0, 0.0, 0.0, 0.0, 0.0, 0.0, 0.0, 0.0, 0.0, 0.0, 0.0, 0.0, 0.0, 0.0, 0.0, 0.0, 0.0, 0.0, 0.0, 0.0, 0.0, 0.0, 0.0, 0.0, 0.0, 0.0, 0.0], [0.0, 0.0, 0.0, 0.0, 0.0, 0.0, 0.0, 0.0, 0.0, 0.0, 0.0, 0.0, 0.0, 0.0, 0.0, 0.0, 0.0, 0.0, 0.0, 0.0, 0.0, 0.0, 0.0, 0.0, 0.0, 0.0, 0.0, 0.0], [0.0, 0.0, 0.0, 0.0, 0.0, 0.0, 0.0, 0.0, 0.0, 0.0, 0.0, 0.0, 0.0, 0.0, 0.0, 0.0, 0.0, 0.0, 0.0, 0.0, 0.0, 0.0, 0.0, 0.0, 0.0, 0.0, 0.0, 0.0], [0.0, 0.0, 0.0, 0.0, 0.0, 0.0, 0.0, 0.0, 0.0, 0.0, 0.0, 0.0, 0.0, 0.0, 0.0, 0.0, 0.0, 0.0, 0.0, 0.0, 0.0, 0.0, 0.0, 0.0, 0.0, 0.0, 0.0, 0.0], [0.0, 0.0, 0.0, 0.0, 0.0, 0.0, 0.0, 0.0, 0.0, 0.0, 0.0, 0.0, 0.0, 0.0, 0.0, 0.0, 0.0, 0.0, 0.0, 0.0, 0.0, 0.0, 0.0, 0.0, 0.0, 0.0, 0.0, 0.0], [0.0, 0.0, 0.0, 0.0, 0.0, 0.0, 0.0, 0.0, 0.0, 0.0, 0.0, 0.0, 0.0, 0.0, 0.0, 0.0, 0.0, 0.0, 0.0, 0.0, 0.0, 0.0, 0.0, 0.0, 0.0, 0.0, 0.0, 0.0]], [[0.0, 0.0, 0.0, 0.0, 0.0, 0.0, 0.0, 0.0, 0.0, 0.0, 0.0, 0.0, 0.0, 0.0, 0.0, 0.0, 0.0, 0.0, 0.0, 0.0, 0.0, 0.0, 0.0, 0.0, 0.0, 0.0, 0.0, 0.0], [0.0, 0.0, 0.0, 0.0, 0.0, 0.0, 0.0, 0.0, 0.0, 0.0, 0.0, 0.0, 0.0, 0.0, 0.0, 0.0, 0.0, 0.0, 0.0, 0.0, 0.0, 0.0, 0.0, 0.0, 0.0, 0.0, 0.0, 0.0], [0.0, 0.0, 0.0, 0.0, 0.0, 0.0, 0.0, 0.0, 0.0, 0.0, 0.0, 0.0, 0.0, 0.0, 0.0, 0.0, 0.0, 0.0, 0.0, 0.0, 0.0, 0.0, 0.0, 0.0, 0.0, 0.0, 0.0, 0.0], [0.0, 0.0, 0.0, 0.0, 0.0, 0.0, 0.0, 0.0, 0.0, 0.0, 0.0, 0.0, 0.0, 0.0, 0.0, 0.0, 0.0, 0.0, 0.0, 0.0, 0.0, 0.0, 0.0, 0.0, 0.0, 0.0, 0.0, 0.0], [0.0, 0.0, 0.0, 0.0, 0.0, 0.0, 0.0, 0.0, 0.0, 0.0, 0.0, 0.0, 0.0, 0.0, 0.0, 0.0, 0.0, 0.0, 0.0, 0.0, 0.0, 0.0, 0.0, 0.0, 0.0, 0.0, 0.0, 0.0], [0.0, 0.0, 0.0, 0.0, 0.0, 0.0, 0.0, 0.0, 0.0, 0.0, 0.0, 0.0, 0.0, 0.0, 0.0, 0.0, 0.0, 0.0, 0.0, 0.0, 0.0, 0.0, 0.0, 0.0, 0.0, 0.0, 0.0, 0.0]], [[0.0, 0.0, 0.0, 0.0, 0.0, 0.0, 0.0, 0.0, 0.0, 0.0, 0.0, 0.0, 0.0, 0.0, 0.0, 0.0, 0.0, 0.0, 0.0, 0.0, 0.0, 0.0, 0.0, 0.0, 0.0, 0.0, 0.0, 0.0], [0.0, 0.0, 0.0, 0.0, 0.0, 0.0, 0.0, 0.0, 0.0, 0.0, 0.0, 0.0, 0.0, 0.0, 0.0, 0.0, 0.0, 0.0, 0.0, 0.0, 0.0, 0.0, 0.0, 0.0, 0.0, 0.0, 0.0, 0.0], [0.0, 0.0, 0.0, 0.0, 0.0, 0.0, 0.0, 0.0, 0.0, 0.0, 0.0, 0.0, 0.0, 0.0, 0.0, 0.0, 0.0, 0.0, 0.0, 0.0, 0.0, 0.0, 0.0, 0.0, 0.0, 0.0, 0.0, 0.0], [0.0, 0.0, 0.0, 0.0, 0.0, 0.0, 0.0, 0.0, 0.0, 0.0, 0.0, 0.0, 0.0, 0.0, 0.0, 0.0, 0.0, 0.0, 0.0, 0.0, 0.0, 0.0, 0.0, 0.0, 0.0, 0.0, 0.0, 0.0], [0.0, 0.0, 0.0, 0.0, 0.0, 0.0, 0.0, 0.0, 0.0, 0.0, 0.0, 0.0, 0.0, 0.0, 0.0, 0.0, 0.0, 0.0, 0.0, 0.0, 0.0, 0.0, 0.0, 0.0, 0.0, 0.0, 0.0, 0.0], [0.0, 0.0, 0.0, 0.0, 0.0, 0.0, 0.0, 0.0, 0.0, 0.0, 0.0, 0.0, 0.0, 0.0, 0.0, 0.0, 0.0, 0.0, 0.0, 0.0, 0.0, 0.0, 0.0, 0.0, 0.0, 0.0, 0.0, 0.0]], [[0.0, 0.0, 0.0, 0.0, 0.0, 0.0, 0.0, 0.0, 0.0, 0.0, 0.0, 0.0, 0.0, 0.0, 0.0, 0.0, 0.0, 0.0, 0.0, 0.0, 0.0, 0.0, 0.0, 0.0, 0.0, 0.0, 0.0, 0.0], [0.0, 0.0, 0.0, 0.0, 0.0, 0.0, 0.0, 0.0, 0.0, 0.0, 0.0, 0.0, 0.0, 0.0, 0.0, 0.0, 0.0, 0.0, 0.0, 0.0, 0.0, 0.0, 0.0, 0.0, 0.0, 0.0, 0.0, 0.0], [0.0, 0.0, 0.0, 0.0, 0.0, 0.0, 0.0, 0.0, 0.0, 0.0, 0.0, 0.0, 0.0, 0.0, 0.0, 0.0, 0.0, 0.0, 0.0, 0.0, 0.0, 0.0, 0.0, 0.0, 0.0, 0.0, 0.0, 0.0], [0.0, 0.0, 0.0, 0.0, 0.0, 0.0, 0.0, 0.0, 0.0, 0.0, 0.0, 0.0, 0.0, 0.0, 0.0, 0.0, 0.0, 0.0, 0.0, 0.0, 0.0, 0.0, 0.0, 0.0, 0.0, 0.0, 0.0, 0.0], [0.0, 0.0, 0.0, 0.0, 0.0, 0.0, 0.0, 0.0, 0.0, 0.0, 0.0, 0.0, 0.0, 0.0, 0.0, 0.0, 0.0, 0.0, 0.0, 0.0, 0.0, 0.0, 0.0, 0.0, 0.0, 0.0, 0.0, 0.0], [0.0, 0.0, 0.0, 0.0, 0.0, 0.0, 0.0, 0.0, 0.0, 0.0, 0.0, 0.0, 0.0, 0.0, 0.0, 0.0, 0.0, 0.0, 0.0, 0.0, 0.0, 0.0, 0.0, 0.0, 0.0, 0.0, 0.0, 0.0]], [[0.0, 0.0, 0.0, 0.0, 0.0, 0.0, 0.0, 0.0, 0.0, 0.0, 0.0, 0.0, 0.0, 0.0, 0.0, 0.0, 0.0, 0.0, 0.0, 0.0, 0.0, 0.0, 0.0, 0.0, 0.0, 0.0, 0.0, 0.0], [0.0, 0.0, 0.0, 0.0, 0.0, 0.0, 0.0, 0.0, 0.0, 0.0, 0.0, 0.0, 0.0, 0.0, 0.0, 0.0, 0.0, 0.0, 0.0, 0.0, 0.0, 0.0, 0.0, 0.0, 0.0, 0.0, 0.0, 0.0], [0.0, 0.0, 0.0, 0.0, 0.0, 0.0, 0.0, 0.0, 0.0, 0.0, 0.0, 0.0, 0.0, 0.0, 0.0, 0.0, 0.0, 0.0, 0.0, 0.0, 0.0, 0.0, 0.0, 0.0, 0.0, 0.0, 0.0, 0.0], [0.0, 0.0, 0.0, 0.0, 0.0, 0.0, 0.0, 0.0, 0.0, 0.0, 0.0, 0.0, 0.0, 0.0, 0.0, 0.0, 0.0, 0.0, 0.0, 0.0, 0.0, 0.0, 0.0, 0.0, 0.0, 0.0, 0.0, 0.0], [0.0, 0.0, 0.0, 0.0, 0.0, 0.0, 0.0, 0.0, 0.0, 0.0, 0.0, 0.0, 0.0, 0.0, 0.0, 0.0, 0.0, 0.0, 0.0, 0.0, 0.0, 0.0, 0.0, 0.0, 0.0, 0.0, 0.0, 0.0], [0.0, 0.0, 0.0, 0.0, 0.0, 0.0, 0.0, 0.0, 0.0, 0.0, 0.0, 0.0, 0.0, 0.0, 0.0, 0.0, 0.0, 0.0, 0.0, 0.0, 0.0, 0.0, 0.0, 0.0, 0.0, 0.0, 0.0, 0.0]]];
t = [[99999999.0, 12.388714645871296, 11.951826638767375, 12.010659741011219, 9.649558309150379, 13.976833530841255, 6.890912849515953, 14.563817316963128, 8.816920656374474, 8.908661768470633, 5.915396314816437, 8.230153257805966, 13.114562814399173, 7.124373009285907, 5.537111917104496, 6.086817354444104, 7.91868902317919, 13.696450457663683, 9.284497291897706, 13.505654998084847, 7.444911258329245, 13.238090662318493, 11.547719370102062, 12.012288210695552, 13.821120811037174, 14.81590657357645, 14.25632880094523, 8.697959639461683, 12.468345410947377, 13.22391070607074], [12.388714645871296, 99999999.0, 14.510534093982791, 8.49383252224274, 9.27431756751133, 6.636338154919631, 9.89865992959503, 7.988753217314968, 10.732640686875978, 10.01732970895328, 8.576598027684184, 11.317912629594964, 11.100021671293868, 5.067520463648998, 6.530512379548556, 5.552524793380766, 7.781802511929971, 5.762873904816703, 14.811452332961943, 14.260189362851008, 7.726500382520602, 7.10477540098689, 8.300473627960374, 13.859079008150037, 9.88216333836613, 5.393374787403004, 14.205022375942558, 13.865789473924718, 6.200680269081509, 7.866638872770203], [11.951826638767375, 14.510534093982791, 99999999.0, 8.058468067276547, 10.663274226227681, 12.349518178768918, 6.7731604412431246, 7.9567140372009675, 7.515109358807656, 9.99256652529553, 14.881864356031802, 13.462983399322097, 7.01203177568085, 9.527150336123233, 14.469566216162647, 12.754578849808341, 7.649818680681079, 9.166873262255612, 10.519022302015191, 13.927222543370814, 11.629563252892307, 7.93259530131388, 5.986640550990731, 12.081197211897862, 9.74428941569463, 7.643623049600567, 10.41894945678875, 10.566047078444466, 13.667252595622422, 6.614557815582069], [12.010659741011219, 8.49383252224274, 8.058468067276547, 99999999.0, 11.001674525310218, 6.865804689728668, 8.993508759535407, 13.266801321944298, 8.351957609264792, 11.67533048444145, 7.631891579502648, 11.66727262244562, 5.360669139036113, 11.333946066425272, 11.13226015256365, 7.930164993235319, 11.473652547637556, 12.866779413139891, 13.372804332660772, 7.350336865328838, 10.908358133107876, 10.031872070797332, 8.824588363377817, 9.537971510052074, 12.87937365607181, 11.891864445086256, 11.97310952159361, 12.025001836341472, 7.252489496565557, 5.142697956754033], [9.649558309150379, 9.27431756751133, 10.663274226227681, 11.001674525310218, 99999999.0, 12.498413712861172, 11.493507437209843, 12.385851367890194, 10.726491941509373, 5.122181885500372, 6.741359903329633, 7.864052669086509, 9.243772498494824, 9.184854302186224, 10.51171141054679, 10.593639163745355, 11.791048996650273, 6.0712441245267, 10.049508421558318, 8.04152257431537, 12.723668792653271, 14.39632195314958, 11.117285320590753, 7.821862852021843, 13.416777601755625, 6.699415498227534, 14.399370115058085, 13.901934677243512, 13.398837092785019, 10.890614920897013], [13.976833530841255, 6.636338154919631, 12.349518178768918, 6.865804689728668, 12.498413712861172, 99999999.0, 9.03588505303496, 13.8291817393611, 12.797519767724967, 9.31488729842491, 14.477800775601592, 13.121586879524065, 14.877093996252661, 5.402026104365852, 7.977107845584638, 9.001000776731942, 7.153400494332372, 11.802152387444002, 8.518652843968042, 10.525732505488081, 13.835377598631052, 6.597645546145583, 8.090623758928821, 13.487025607078229, 6.845581798751202, 5.264493802090859, 5.820863534816113, 12.887068138529136, 14.457321634062692, 13.691748902244088], [6.890912849515953, 9.89865992959503, 6.7731604412431246, 8.993508759535407, 11.493507437209843, 9.03588505303496, 99999999.0, 7.035170264856076, 8.106483404508094, 8.775270815172075, 13.299756918157533, 7.239564100528959, 5.735995475157454, 9.501549946424339, 6.8293030915641895, 14.705545119538863, 11.202089665821752, 7.459659222619522, 9.02654604455089, 10.765346058393552, 5.991108887071786, 7.982892647349599, 12.269909289323284, 5.886186338722949, 8.053504916313805, 12.86864166694675, 13.735630862060283, 14.382881880053121, 5.79498340686642, 9.364081081628209], [14.563817316963128, 7.988753217314968, 7.9567140372009675, 13.266801321944298, 12.385851367890194, 13.8291817393611, 7.035170264856076, 99999999.0, 6.447173417312968, 14.507951184599817, 8.73004703838959, 13.121750368219562, 5.619239975988057, 12.329398012847793, 6.99248776759983, 11.345735631463517, 13.306064436568391, 5.914845383451871, 12.731779644161225, 13.200524738868019, 13.450886337011852, 13.196398315250473, 11.804444002288967, 6.917300226123128, 6.809229644034303, 13.679837705219937, 10.945203749242529, 9.504960458639685, 11.565551223126924, 7.076521936989559], [8.816920656374474, 10.732640686875978, 7.515109358807656, 8.351957609264792, 10.726491941509373, 12.797519767724967, 8.106483404508094, 6.447173417312968, 99999999.0, 5.7674691528463695, 13.082265572907453, 7.321214253239489, 8.619596013520077, 7.165709338985064, 9.894373183536693, 9.465982476041304, 12.383033372472466, 12.017950693023177, 13.787417024517733, 7.096860497053223, 7.245737054087739, 8.818245246108317, 6.127732286132122, 6.640456623684875, 6.478981702947372, 9.205116019505596, 14.594657602591788, 10.876561032485045, 12.311178071002832, 14.878421237383236], [8.908661768470633, 10.01732970895328, 9.99256652529553, 11.67533048444145, 5.122181885500372, 9.31488729842491, 8.775270815172075, 14.507951184599817, 5.7674691528463695, 99999999.0, 8.975453185561225, 10.751632514862106, 9.920972347183833, 10.870158260395531, 7.516090710626186, 13.653864936365716, 12.52779982440628, 5.614184833312093, 9.163065225012872, 13.673639866565303, 10.443568082195567, 7.580980613432766, 13.69569549011277, 12.27271936350062, 8.695202478340828, 5.232368541553591, 14.444210808860952, 14.06543922384387, 8.482813667491829, 5.705692289202158], [5.915396314816437, 8.576598027684184, 14.881864356031802, 7.631891579502648, 6.741359903329633, 14.477800775601592, 13.299756918157533, 8.73004703838959, 13.082265572907453, 8.975453185561225, 99999999.0, 7.572743519621646, 11.811710605750939, 6.078246138124152, 6.242866982629166, 7.123975417170029, 12.865461259488404, 9.865585698264638, 9.733857538122903, 13.430196537839063, 7.146049070968985, 9.331691191594793, 6.276889937995064, 9.404135600284873, 6.356166100044794, 6.889740496000299, 6.450991325938611, 13.726235173403513, 13.180566472008227, 6.4064546798178785], [8.230153257805966, 11.317912629594964, 13.462983399322097, 11.66727262244562, 7.864052669086509, 13.121586879524065, 7.239564100528959, 13.121750368219562, 7.321214253239489, 10.751632514862106, 7.572743519621646, 99999999.0, 9.7529043740744, 14.646151261496197, 14.77551102589384, 7.181681589416007, 12.543086011921563, 9.817350058096462, 9.101016568416783, 9.1409794336376, 6.4007860610969445, 13.793384493727723, 11.271071328420305, 5.274369553681542, 13.783039729045658, 14.297132525390836, 9.383330291806864, 10.956100100418261, 6.710188892700792, 5.691764114552199], [13.114562814399173, 11.100021671293868, 7.01203177568085, 5.360669139036113, 9.243772498494824, 14.877093996252661, 5.735995475157454, 5.619239975988057, 8.619596013520077, 9.920972347183833, 11.811710605750939, 9.7529043740744, 99999999.0, 7.917559074833623, 14.651892462549537, 10.966518885784222, 14.688883546018024, 7.350757686328463, 13.470589416950041, 10.763807330220398, 13.057564610675177, 10.954046068208402, 5.412555057787617, 5.730942770594993, 8.38486754643625, 8.633236824258583, 7.377639353410169, 13.882361702046554, 7.295325666828113, 10.757970831960133], [7.124373009285907, 5.067520463648998, 9.527150336123233, 11.333946066425272, 9.184854302186224, 5.402026104365852, 9.501549946424339, 12.329398012847793, 7.165709338985064, 10.870158260395531, 6.078246138124152, 14.646151261496197, 7.917559074833623, 99999999.0, 7.3544599554998955, 12.854804743180772, 14.641687838313235, 7.390129113768586, 10.923983863236836, 9.921732187849482, 6.45076078804218, 6.476777270182712, 7.599959500476468, 11.279351790549475, 6.114914832561808, 12.931200876764139, 7.666661214186168, 9.367657797054914, 14.403290135686772, 8.811351723789864], [5.537111917104496, 6.530512379548556, 14.469566216162647, 11.13226015256365, 10.51171141054679, 7.977107845584638, 6.8293030915641895, 6.99248776759983, 9.894373183536693, 7.516090710626186, 6.242866982629166, 14.77551102589384, 14.651892462549537, 7.3544599554998955, 99999999.0, 13.926066265534608, 14.042929685853471, 9.900852937337866, 14.54906195170197, 7.665015139864949, 10.799150646914384, 8.773998468942708, 5.230207817591409, 11.848148766131539, 13.801446740701143, 10.549009380805725, 8.490461064389333, 11.991603745985401, 11.065946309992853, 13.54521560854312], [6.086817354444104, 5.552524793380766, 12.754578849808341, 7.930164993235319, 10.593639163745355, 9.001000776731942, 14.705545119538863, 11.345735631463517, 9.465982476041304, 13.653864936365716, 7.123975417170029, 7.181681589416007, 10.966518885784222, 12.854804743180772, 13.926066265534608, 99999999.0, 11.155441934588167, 12.934010150375848, 6.019345183150247, 13.86906864474838, 9.49979159673358, 14.021978217061983, 9.09096730190816, 8.137832524768072, 11.487236114552323, 10.491887330422992, 11.491412129495405, 9.32350037681044, 6.216924815296291, 9.127907918086926], [7.91868902317919, 7.781802511929971, 7.649818680681079, 11.473652547637556, 11.791048996650273, 7.153400494332372, 11.202089665821752, 13.306064436568391, 12.383033372472466, 12.52779982440628, 12.865461259488404, 12.543086011921563, 14.688883546018024, 14.641687838313235, 14.042929685853471, 11.155441934588167, 99999999.0, 6.78940920104286, 13.73035289914901, 13.55028244401473, 12.911110094518692, 6.395905420726578, 7.636152246884766, 14.979746584605135, 10.56808295953104, 11.876404471539386, 10.53887906081667, 9.135589113006132, 14.6579204415739, 5.375310602097192], [13.696450457663683, 5.762873904816703, 9.166873262255612, 12.866779413139891, 6.0712441245267, 11.802152387444002, 7.459659222619522, 5.914845383451871, 12.017950693023177, 5.614184833312093, 9.865585698264638, 9.817350058096462, 7.350757686328463, 7.390129113768586, 9.900852937337866, 12.934010150375848, 6.78940920104286, 99999999.0, 8.28658548243233, 14.173645244584383, 5.565575769197386, 12.373485786976435, 14.32125071572959, 6.373200850982603, 8.076615469535929, 14.995850049106762, 13.934804219539474, 6.215404520223723, 9.764935743640276, 9.656023661976294], [9.284497291897706, 14.811452332961943, 10.519022302015191, 13.372804332660772, 10.049508421558318, 8.518652843968042, 9.02654604455089, 12.731779644161225, 13.787417024517733, 9.163065225012872, 9.733857538122903, 9.101016568416783, 13.470589416950041, 10.923983863236836, 14.54906195170197, 6.019345183150247, 13.73035289914901, 8.28658548243233, 99999999.0, 11.77963111520653, 14.969727065017304, 10.498441952197755, 12.677967503403364, 8.765931465641504, 14.592188395791005, 14.25971732736311, 5.84105142455436, 6.041893336058525, 10.194760287929983, 10.880736759315662], [13.505654998084847, 14.260189362851008, 13.927222543370814, 7.350336865328838, 8.04152257431537, 10.525732505488081, 10.765346058393552, 13.200524738868019, 7.096860497053223, 13.673639866565303, 13.430196537839063, 9.1409794336376, 10.763807330220398, 9.921732187849482, 7.665015139864949, 13.86906864474838, 13.55028244401473, 14.173645244584383, 11.77963111520653, 99999999.0, 8.091529382816187, 5.088970166367658, 10.36663730667074, 5.3444357388983, 13.073860443918438, 5.592148146932088, 8.09582933361781, 13.610868788506515, 10.17124765014701, 9.819025362563021], [7.444911258329245, 7.726500382520602, 11.629563252892307, 10.908358133107876, 12.723668792653271, 13.835377598631052, 5.991108887071786, 13.450886337011852, 7.245737054087739, 10.443568082195567, 7.146049070968985, 6.4007860610969445, 13.057564610675177, 6.45076078804218, 10.799150646914384, 9.49979159673358, 12.911110094518692, 5.565575769197386, 14.969727065017304, 8.091529382816187, 99999999.0, 8.780852080182065, 7.794428847757066, 10.593385848756252, 11.693598418369884, 6.59188209972044, 14.28187524659294, 8.299689189606806, 14.04129118489963, 7.497164966987409], [13.238090662318493, 7.10477540098689, 7.93259530131388, 10.031872070797332, 14.39632195314958, 6.597645546145583, 7.982892647349599, 13.196398315250473, 8.818245246108317, 7.580980613432766, 9.331691191594793, 13.793384493727723, 10.954046068208402, 6.476777270182712, 8.773998468942708, 14.021978217061983, 6.395905420726578, 12.373485786976435, 10.498441952197755, 5.088970166367658, 8.780852080182065, 99999999.0, 5.061405518908922, 14.471516206059347, 12.407751540549611, 10.035583504240098, 8.57681516028887, 7.437087876256486, 5.680191773470736, 12.25056362118102], [11.547719370102062, 8.300473627960374, 5.986640550990731, 8.824588363377817, 11.117285320590753, 8.090623758928821, 12.269909289323284, 11.804444002288967, 6.127732286132122, 13.69569549011277, 6.276889937995064, 11.271071328420305, 5.412555057787617, 7.599959500476468, 5.230207817591409, 9.09096730190816, 7.636152246884766, 14.32125071572959, 12.677967503403364, 10.36663730667074, 7.794428847757066, 5.061405518908922, 99999999.0, 8.786359663851265, 13.533435743537373, 9.219066956072766, 9.93615431110624, 10.689460766655898, 12.814792489517234, 13.697256292934796], [12.012288210695552, 13.859079008150037, 12.081197211897862, 9.537971510052074, 7.821862852021843, 13.487025607078229, 5.886186338722949, 6.917300226123128, 6.640456623684875, 12.27271936350062, 9.404135600284873, 5.274369553681542, 5.730942770594993, 11.279351790549475, 11.848148766131539, 8.137832524768072, 14.979746584605135, 6.373200850982603, 8.765931465641504, 5.3444357388983, 10.593385848756252, 14.471516206059347, 8.786359663851265, 99999999.0, 13.410609450962367, 7.914762896474383, 8.972934619112944, 12.206600476676774, 6.841354902168057, 7.765184367739316], [13.821120811037174, 9.88216333836613, 9.74428941569463, 12.87937365607181, 13.416777601755625, 6.845581798751202, 8.053504916313805, 6.809229644034303, 6.478981702947372, 8.695202478340828, 6.356166100044794, 13.783039729045658, 8.38486754643625, 6.114914832561808, 13.801446740701143, 11.487236114552323, 10.56808295953104, 8.076615469535929, 14.592188395791005, 13.073860443918438, 11.693598418369884, 12.407751540549611, 13.533435743537373, 13.410609450962367, 99999999.0, 12.370231777371771, 13.811653676961729, 8.330610656525371, 6.13738863494757, 9.41206411948349], [14.81590657357645, 5.393374787403004, 7.643623049600567, 11.891864445086256, 6.699415498227534, 5.264493802090859, 12.86864166694675, 13.679837705219937, 9.205116019505596, 5.232368541553591, 6.889740496000299, 14.297132525390836, 8.633236824258583, 12.931200876764139, 10.549009380805725, 10.491887330422992, 11.876404471539386, 14.995850049106762, 14.25971732736311, 5.592148146932088, 6.59188209972044, 10.035583504240098, 9.219066956072766, 7.914762896474383, 12.370231777371771, 99999999.0, 7.087142337218709, 11.067629673698107, 13.481632477447462, 7.221671793802384], [14.25632880094523, 14.205022375942558, 10.41894945678875, 11.97310952159361, 14.399370115058085, 5.820863534816113, 13.735630862060283, 10.945203749242529, 14.594657602591788, 14.444210808860952, 6.450991325938611, 9.383330291806864, 7.377639353410169, 7.666661214186168, 8.490461064389333, 11.491412129495405, 10.53887906081667, 13.934804219539474, 5.84105142455436, 8.09582933361781, 14.28187524659294, 8.57681516028887, 9.93615431110624, 8.972934619112944, 13.811653676961729, 7.087142337218709, 99999999.0, 6.303716877897384, 5.1153157721508755, 12.89553793180814], [8.697959639461683, 13.865789473924718, 10.566047078444466, 12.025001836341472, 13.901934677243512, 12.887068138529136, 14.382881880053121, 9.504960458639685, 10.876561032485045, 14.06543922384387, 13.726235173403513, 10.956100100418261, 13.882361702046554, 9.367657797054914, 11.991603745985401, 9.32350037681044, 9.135589113006132, 6.215404520223723, 6.041893336058525, 13.610868788506515, 8.299689189606806, 7.437087876256486, 10.689460766655898, 12.206600476676774, 8.330610656525371, 11.067629673698107, 6.303716877897384, 99999999.0, 7.258869647473858, 14.27367215393433], [12.468345410947377, 6.200680269081509, 13.667252595622422, 7.252489496565557, 13.398837092785019, 14.457321634062692, 5.79498340686642, 11.565551223126924, 12.311178071002832, 8.482813667491829, 13.180566472008227, 6.710188892700792, 7.295325666828113, 14.403290135686772, 11.065946309992853, 6.216924815296291, 14.6579204415739, 9.764935743640276, 10.194760287929983, 10.17124765014701, 14.04129118489963, 5.680191773470736, 12.814792489517234, 6.841354902168057, 6.13738863494757, 13.481632477447462, 5.1153157721508755, 7.258869647473858, 99999999.0, 12.960328745161059], [13.22391070607074, 7.866638872770203, 6.614557815582069, 5.142697956754033, 10.890614920897013, 13.691748902244088, 9.364081081628209, 7.076521936989559, 14.878421237383236, 5.705692289202158, 6.4064546798178785, 5.691764114552199, 10.757970831960133, 8.811351723789864, 13.54521560854312, 9.127907918086926, 5.375310602097192, 9.656023661976294, 10.880736759315662, 9.819025362563021, 7.497164966987409, 12.25056362118102, 13.697256292934796, 7.765184367739316, 9.41206411948349, 7.221671793802384, 12.89553793180814, 14.27367215393433, 12.960328745161059, 99999999.0]];
