M = 99999999.0;
numWorkers = 25;
numRoles = 6;
numNodes = 30;
wStart = [0, 13.379848791350778, 22.673122743127777, 18.593142016295317, 25.556814652999655, 25.50646231507108, 28.348334482676815, 49.998131378389786, 18.507981187444887, 47.813175001065005, 38.88302796135197, 50.11566270272238, 32.037013243884495, 55.335108667721336, 29.96888987487486, 44.52946874094594, 51.41467375517279, 15.964852360050683, 19.781867697320767, 64.31380928637694, 13.683235519856328, 50.38347815560901, 46.746106093083256, 52.4472782580964, 6.844576370765124, 22.55503231553548, 25.0889042202634, 27.49681280968883, 13.257510386239753, 0];
wEnd = [0, 46.87304229516853, 54.6266279312871, 55.98642734429219, 59.80401374051573, 61.4415662392295, 66.70380814137411, 88.45555657301176, 50.52611978923113, 86.37343776218731, 65.9840206961257, 84.06061655705996, 66.21448257871526, 84.9269774262683, 67.96258481802211, 70.54571445214494, 83.46583384688802, 45.03865819831719, 53.48872248587173, 89.93195101604103, 47.46472334959071, 85.17175219221194, 80.40560411792615, 81.3044953065061, 39.20974718203563, 56.89326819283899, 63.599874679450366, 55.82601021805476, 47.88823203607875, 90];
p = [0, 9.025252712077632, 11.328714658054142, 11.885735528751212, 19.610717987676328, 17.017336666511806, 18.28413456917152, 20.471333310549777, 8.932245272245414, 16.235652225370078, 10.043484044724966, 16.486177863540263, 19.89199919974056, 11.583353015850369, 17.910206855310495, 15.323527326818866, 12.968468287882175, 17.461217521451026, 14.962435049657204, 9.285064104824068, 19.163177064303373, 18.33102011652571, 10.8355711980023, 8.790985347581353, 8.385465192692195, 15.91808500821389, 22.35086089147895, 16.268557540493834, 19.14622605080698, 0];
e = [[1, 0, 0, 1, 0, 0], [0, 0, 0, 1, 0, 1], [1, 1, 0, 0, 0, 0], [1, 0, 1, 0, 0, 0], [0, 1, 0, 1, 0, 0], [0, 1, 0, 0, 1, 0], [1, 1, 0, 0, 0, 0], [0, 1, 0, 0, 0, 1], [1, 1, 0, 0, 0, 0], [0, 1, 0, 0, 0, 0], [0, 1, 0, 1, 0, 0], [0, 1, 0, 1, 0, 0], [0, 1, 0, 1, 0, 0], [1, 1, 0, 0, 0, 0], [1, 1, 0, 0, 0, 0], [1, 1, 0, 0, 0, 0], [0, 1, 0, 0, 1, 0], [0, 1, 0, 0, 0, 1], [0, 1, 0, 0, 0, 1], [0, 1, 0, 0, 0, 0], [1, 1, 0, 0, 0, 0], [0, 1, 0, 0, 0, 1], [1, 1, 0, 0, 0, 0], [0, 0, 1, 0, 0, 0], [0, 0, 0, 0, 1, 0]];
d = [[1, 0, 1, 1, 2, 0, 2, 1, 1, 1, 0, 1, 1, 2, 0, 1, 1, 1, 1, 0, 1, 2, 2, 1, 1, 1, 1, 0], [0, 2, 1, 1, 0, 1, 1, 1, 0, 0, 2, 2, 0, 2, 0, 0, 2, 1, 1, 0, 1, 0, 1, 1, 1, 1, 3, 2], [0, 0, 1, 2, 0, 0, 0, 1, 1, 1, 1, 0, 2, 2, 1, 1, 1, 0, 0, 1, 1, 0, 1, 1, 0, 0, 0, 1], [0, 1, 2, 0, 0, 2, 3, 1, 2, 1, 1, 1, 3, 1, 1, 2, 1, 2, 1, 0, 1, 3, 0, 0, 2, 1, 1, 1], [2, 0, 1, 1, 2, 2, 0, 0, 1, 2, 1, 2, 0, 1, 0, 4, 0, 1, 2, 2, 0, 0, 1, 0, 1, 1, 0, 1], [0, 3, 1, 0, 0, 1, 1, 1, 0, 2, 0, 2, 1, 0, 2, 0, 1, 0, 0, 0, 1, 2, 1, 0, 2, 0, 0, 1]];
r = [134.66955417094744, 58.52896711000767, 190.76541106470322, 82.97359311184562, 81.73707783564335, 106.36787408941461, 165.1936669412304, 57.53978425719876, 89.30168854923087, 182.25083996704552, 121.52890147801543, 146.54796186249763, 194.82087954166616, 152.42554622680103, 89.22342721831058, 59.00477665706684, 154.97529769581107, 157.07088956679283, 115.25708823022468, 191.839966287253, 166.41751540339249, 92.08404277672449, 147.81778140930524, 117.0384426443934, 194.17936008771807, 172.09723755903522, 156.06442396752982, 99.60285899863328];
b = [[[0.0, 0.0, 0.0, 0.0, 0.0, 0.0, 0.0, 0.0, 0.0, 0.0, 0.0, 0.0, 0.0, 0.0, 0.0, 0.0, 0.0, 0.0, 0.0, 0.0, 0.0, 0.0, 0.0, 0.0, 0.0, 0.0, 0.0, 0.0], [0.0, 0.0, 0.0, 0.0, 0.0, 0.0, 0.0, 0.0, 0.0, 0.0, 0.0, 0.0, 0.0, 0.0, 0.0, 0.0, 0.0, 0.0, 0.0, 0.0, 0.0, 0.0, 0.0, 0.0, 0.0, 0.0, 0.0, 0.0], [0.0, 0.0, 0.0, 0.0, 0.0, 0.0, 0.0, 0.0, 0.0, 0.0, 0.0, 0.0, 0.0, 0.0, 0.0, 0.0, 0.0, 0.0, 0.0, 0.0, 0.0, 0.0, 0.0, 0.0, 0.0, 0.0, 0.0, 0.0], [0.0, 0.0, 0.0, 0.0, 0.0, 0.0, 0.0, 0.0, 0.0, 0.0, 0.0, 0.0, 0.0, 0.0, 0.0, 0.0, 0.0, 0.0, 0.0, 0.0, 0.0, 0.0, 0.0, 0.0, 0.0, 0.0, 0.0, 0.0], [0.0, 0.0, 0.0, 0.0, 0.0, 0.0, 0.0, 0.0, 0.0, 0.0, 0.0, 0.0, 0.0, 0.0, 0.0, 0.0, 0.0, 0.0, 0.0, 0.0, 0.0, 0.0, 0.0, 0.0, 0.0, 0.0, 0.0, 0.0], [0.0, 0.0, 0.0, 0.0, 0.0, 0.0, 0.0, 0.0, 0.0, 0.0, 0.0, 0.0, 0.0, 0.0, 0.0, 0.0, 0.0, 0.0, 0.0, 0.0, 0.0, 0.0, 0.0, 0.0, 0.0, 0.0, 0.0, 0.0]], [[0.0, 0.0, 0.0, 0.0, 0.0, 0.0, 0.0, 0.0, 0.0, 0.0, 0.0, 0.0, 0.0, 0.0, 0.0, 0.0, 0.0, 0.0, 0.0, 0.0, 0.0, 0.0, 0.0, 0.0, 0.0, 0.0, 0.0, 0.0], [0.0, 0.0, 0.0, 0.0, 0.0, 0.0, 0.0, 0.0, 0.0, 0.0, 0.0, 0.0, 0.0, 0.0, 0.0, 0.0, 0.0, 0.0, 0.0, 0.0, 0.0, 0.0, 0.0, 0.0, 0.0, 0.0, 0.0, 0.0], [0.0, 0.0, 0.0, 0.0, 0.0, 0.0, 0.0, 0.0, 0.0, 0.0, 0.0, 0.0, 0.0, 0.0, 0.0, 0.0, 0.0, 0.0, 0.0, 0.0, 0.0, 0.0, 0.0, 0.0, 0.0, 0.0, 0.0, 0.0], [0.0, 0.0, 0.0, 0.0, 0.0, 0.0, 0.0, 0.0, 0.0, 0.0, 0.0, 0.0, 0.0, 0.0, 0.0, 0.0, 0.0, 0.0, 0.0, 0.0, 0.0, 0.0, 0.0, 0.0, 0.0, 0.0, 0.0, 0.0], [0.0, 0.0, 0.0, 0.0, 0.0, 0.0, 0.0, 0.0, 0.0, 0.0, 0.0, 0.0, 0.0, 0.0, 0.0, 0.0, 0.0, 0.0, 0.0, 0.0, 0.0, 0.0, 0.0, 0.0, 0.0, 0.0, 0.0, 0.0], [0.0, 0.0, 0.0, 0.0, 0.0, 0.0, 0.0, 0.0, 0.0, 0.0, 0.0, 0.0, 0.0, 0.0, 0.0, 0.0, 0.0, 0.0, 0.0, 0.0, 0.0, 0.0, 0.0, 0.0, 0.0, 0.0, 0.0, 0.0]], [[0.0, 0.0, 0.0, 0.0, 0.0, 0.0, 0.0, 0.0, 0.0, 0.0, 0.0, 0.0, 0.0, 0.0, 0.0, 0.0, 0.0, 0.0, 0.0, 0.0, 0.0, 0.0, 0.0, 0.0, 0.0, 0.0, 0.0, 0.0], [0.0, 0.0, 0.0, 0.0, 0.0, 0.0, 0.0, 0.0, 0.0, 0.0, 0.0, 0.0, 0.0, 0.0, 0.0, 0.0, 0.0, 0.0, 0.0, 0.0, 0.0, 0.0, 0.0, 0.0, 0.0, 0.0, 0.0, 0.0], [0.0, 0.0, 0.0, 0.0, 0.0, 0.0, 0.0, 0.0, 0.0, 0.0, 0.0, 0.0, 0.0, 0.0, 0.0, 0.0, 0.0, 0.0, 0.0, 0.0, 0.0, 0.0, 0.0, 0.0, 0.0, 0.0, 0.0, 0.0], [0.0, 0.0, 0.0, 0.0, 0.0, 0.0, 0.0, 0.0, 0.0, 0.0, 0.0, 0.0, 0.0, 0.0, 0.0, 0.0, 0.0, 0.0, 0.0, 0.0, 0.0, 0.0, 0.0, 0.0, 0.0, 0.0, 0.0, 0.0], [0.0, 0.0, 0.0, 0.0, 0.0, 0.0, 0.0, 0.0, 0.0, 0.0, 0.0, 0.0, 0.0, 0.0, 0.0, 0.0, 0.0, 0.0, 0.0, 0.0, 0.0, 0.0, 0.0, 0.0, 0.0, 0.0, 0.0, 0.0], [0.0, 0.0, 0.0, 0.0, 0.0, 0.0, 0.0, 0.0, 0.0, 0.0, 0.0, 0.0, 0.0, 0.0, 0.0, 0.0, 0.0, 0.0, 0.0, 0.0, 0.0, 0.0, 0.0, 0.0, 0.0, 0.0, 0.0, 0.0]], [[0.0, 0.0, 0.0, 0.0, 0.0, 0.0, 0.0, 0.0, 0.0, 0.0, 0.0, 0.0, 0.0, 0.0, 0.0, 0.0, 0.0, 0.0, 0.0, 0.0, 0.0, 0.0, 0.0, 0.0, 0.0, 0.0, 0.0, 0.0], [0.0, 0.0, 0.0, 0.0, 0.0, 0.0, 0.0, 0.0, 0.0, 0.0, 0.0, 0.0, 0.0, 0.0, 0.0, 0.0, 0.0, 0.0, 0.0, 0.0, 0.0, 0.0, 0.0, 0.0, 0.0, 0.0, 0.0, 0.0], [0.0, 0.0, 0.0, 0.0, 0.0, 0.0, 0.0, 0.0, 0.0, 0.0, 0.0, 0.0, 0.0, 0.0, 0.0, 0.0, 0.0, 0.0, 0.0, 0.0, 0.0, 0.0, 0.0, 0.0, 0.0, 0.0, 0.0, 0.0], [0.0, 0.0, 0.0, 0.0, 0.0, 0.0, 0.0, 0.0, 0.0, 0.0, 0.0, 0.0, 0.0, 0.0, 0.0, 0.0, 0.0, 0.0, 0.0, 0.0, 0.0, 0.0, 0.0, 0.0, 0.0, 0.0, 0.0, 0.0], [0.0, 0.0, 0.0, 0.0, 0.0, 0.0, 0.0, 0.0, 0.0, 0.0, 0.0, 0.0, 0.0, 0.0, 0.0, 0.0, 0.0, 0.0, 0.0, 0.0, 0.0, 0.0, 0.0, 0.0, 0.0, 0.0, 0.0, 0.0], [0.0, 0.0, 0.0, 0.0, 0.0, 0.0, 0.0, 0.0, 0.0, 0.0, 0.0, 0.0, 0.0, 0.0, 0.0, 0.0, 0.0, 0.0, 0.0, 0.0, 0.0, 0.0, 0.0, 0.0, 0.0, 0.0, 0.0, 0.0]], [[0.0, 0.0, 0.0, 0.0, 0.0, 0.0, 0.0, 0.0, 0.0, 0.0, 0.0, 0.0, 0.0, 0.0, 0.0, 0.0, 0.0, 0.0, 0.0, 0.0, 0.0, 0.0, 0.0, 0.0, 0.0, 0.0, 0.0, 0.0], [0.0, 0.0, 0.0, 0.0, 0.0, 0.0, 0.0, 0.0, 0.0, 0.0, 0.0, 0.0, 0.0, 0.0, 0.0, 0.0, 0.0, 0.0, 0.0, 0.0, 0.0, 0.0, 0.0, 0.0, 0.0, 0.0, 0.0, 0.0], [0.0, 0.0, 0.0, 0.0, 0.0, 0.0, 0.0, 0.0, 0.0, 0.0, 0.0, 0.0, 0.0, 0.0, 0.0, 0.0, 0.0, 0.0, 0.0, 0.0, 0.0, 0.0, 0.0, 0.0, 0.0, 0.0, 0.0, 0.0], [0.0, 0.0, 0.0, 0.0, 0.0, 0.0, 0.0, 0.0, 0.0, 0.0, 0.0, 0.0, 0.0, 0.0, 0.0, 0.0, 0.0, 0.0, 0.0, 0.0, 0.0, 0.0, 0.0, 0.0, 0.0, 0.0, 0.0, 0.0], [0.0, 0.0, 0.0, 0.0, 0.0, 0.0, 0.0, 0.0, 0.0, 0.0, 0.0, 0.0, 0.0, 0.0, 0.0, 0.0, 0.0, 0.0, 0.0, 0.0, 0.0, 0.0, 0.0, 0.0, 0.0, 0.0, 0.0, 0.0], [0.0, 0.0, 0.0, 0.0, 0.0, 0.0, 0.0, 0.0, 0.0, 0.0, 0.0, 0.0, 0.0, 0.0, 0.0, 0.0, 0.0, 0.0, 0.0, 0.0, 0.0, 0.0, 0.0, 0.0, 0.0, 0.0, 0.0, 0.0]], [[0.0, 0.0, 0.0, 0.0, 0.0, 0.0, 0.0, 0.0, 0.0, 0.0, 0.0, 0.0, 0.0, 0.0, 0.0, 0.0, 0.0, 0.0, 0.0, 0.0, 0.0, 0.0, 0.0, 0.0, 0.0, 0.0, 0.0, 0.0], [0.0, 0.0, 0.0, 0.0, 0.0, 0.0, 0.0, 0.0, 0.0, 0.0, 0.0, 0.0, 0.0, 0.0, 0.0, 0.0, 0.0, 0.0, 0.0, 0.0, 0.0, 0.0, 0.0, 0.0, 0.0, 0.0, 0.0, 0.0], [0.0, 0.0, 0.0, 0.0, 0.0, 0.0, 0.0, 0.0, 0.0, 0.0, 0.0, 0.0, 0.0, 0.0, 0.0, 0.0, 0.0, 0.0, 0.0, 0.0, 0.0, 0.0, 0.0, 0.0, 0.0, 0.0, 0.0, 0.0], [0.0, 0.0, 0.0, 0.0, 0.0, 0.0, 0.0, 0.0, 0.0, 0.0, 0.0, 0.0, 0.0, 0.0, 0.0, 0.0, 0.0, 0.0, 0.0, 0.0, 0.0, 0.0, 0.0, 0.0, 0.0, 0.0, 0.0, 0.0], [0.0, 0.0, 0.0, 0.0, 0.0, 0.0, 0.0, 0.0, 0.0, 0.0, 0.0, 0.0, 0.0, 0.0, 0.0, 0.0, 0.0, 0.0, 0.0, 0.0, 0.0, 0.0, 0.0, 0.0, 0.0, 0.0, 0.0, 0.0], [0.0, 0.0, 0.0, 0.0, 0.0, 0.0, 0.0, 0.0, 0.0, 0.0, 0.0, 0.0, 0.0, 0.0, 0.0, 0.0, 0.0, 0.0, 0.0, 0.0, 0.0, 0.0, 0.0, 0.0, 0.0, 0.0, 0.0, 0.0]], [[0.0, 0.0, 0.0, 0.0, 0.0, 0.0, 0.0, 0.0, 0.0, 0.0, 0.0, 0.0, 0.0, 0.0, 0.0, 0.0, 0.0, 0.0, 0.0, 0.0, 0.0, 0.0, 0.0, 0.0, 0.0, 0.0, 0.0, 0.0], [0.0, 0.0, 0.0, 0.0, 0.0, 0.0, 0.0, 0.0, 0.0, 0.0, 0.0, 0.0, 0.0, 0.0, 0.0, 0.0, 0.0, 0.0, 0.0, 0.0, 0.0, 0.0, 0.0, 0.0, 0.0, 0.0, 0.0, 0.0], [0.0, 0.0, 0.0, 0.0, 0.0, 0.0, 0.0, 0.0, 0.0, 0.0, 0.0, 0.0, 0.0, 0.0, 0.0, 0.0, 0.0, 0.0, 0.0, 0.0, 0.0, 0.0, 0.0, 0.0, 0.0, 0.0, 0.0, 0.0], [0.0, 0.0, 0.0, 0.0, 0.0, 0.0, 0.0, 0.0, 0.0, 0.0, 0.0, 0.0, 0.0, 0.0, 0.0, 0.0, 0.0, 0.0, 0.0, 0.0, 0.0, 0.0, 0.0, 0.0, 0.0, 0.0, 0.0, 0.0], [0.0, 0.0, 0.0, 0.0, 0.0, 0.0, 0.0, 0.0, 0.0, 0.0, 0.0, 0.0, 0.0, 0.0, 0.0, 0.0, 0.0, 0.0, 0.0, 0.0, 0.0, 0.0, 0.0, 0.0, 0.0, 0.0, 0.0, 0.0], [0.0, 0.0, 0.0, 0.0, 0.0, 0.0, 0.0, 0.0, 0.0, 0.0, 0.0, 0.0, 0.0, 0.0, 0.0, 0.0, 0.0, 0.0, 0.0, 0.0, 0.0, 0.0, 0.0, 0.0, 0.0, 0.0, 0.0, 0.0]], [[0.0, 0.0, 0.0, 0.0, 0.0, 0.0, 0.0, 0.0, 0.0, 0.0, 0.0, 0.0, 0.0, 0.0, 0.0, 0.0, 0.0, 0.0, 0.0, 0.0, 0.0, 0.0, 0.0, 0.0, 0.0, 0.0, 0.0, 0.0], [0.0, 0.0, 0.0, 0.0, 0.0, 0.0, 0.0, 0.0, 0.0, 0.0, 0.0, 0.0, 0.0, 0.0, 0.0, 0.0, 0.0, 0.0, 0.0, 0.0, 0.0, 0.0, 0.0, 0.0, 0.0, 0.0, 0.0, 0.0], [0.0, 0.0, 0.0, 0.0, 0.0, 0.0, 0.0, 0.0, 0.0, 0.0, 0.0, 0.0, 0.0, 0.0, 0.0, 0.0, 0.0, 0.0, 0.0, 0.0, 0.0, 0.0, 0.0, 0.0, 0.0, 0.0, 0.0, 0.0], [0.0, 0.0, 0.0, 0.0, 0.0, 0.0, 0.0, 0.0, 0.0, 0.0, 0.0, 0.0, 0.0, 0.0, 0.0, 0.0, 0.0, 0.0, 0.0, 0.0, 0.0, 0.0, 0.0, 0.0, 0.0, 0.0, 0.0, 0.0], [0.0, 0.0, 0.0, 0.0, 0.0, 0.0, 0.0, 0.0, 0.0, 0.0, 0.0, 0.0, 0.0, 0.0, 0.0, 0.0, 0.0, 0.0, 0.0, 0.0, 0.0, 0.0, 0.0, 0.0, 0.0, 0.0, 0.0, 0.0], [0.0, 0.0, 0.0, 0.0, 0.0, 0.0, 0.0, 0.0, 0.0, 0.0, 0.0, 0.0, 0.0, 0.0, 0.0, 0.0, 0.0, 0.0, 0.0, 0.0, 0.0, 0.0, 0.0, 0.0, 0.0, 0.0, 0.0, 0.0]], [[0.0, 0.0, 0.0, 0.0, 0.0, 0.0, 0.0, 0.0, 0.0, 0.0, 0.0, 0.0, 0.0, 0.0, 0.0, 0.0, 0.0, 0.0, 0.0, 0.0, 0.0, 0.0, 0.0, 0.0, 0.0, 0.0, 0.0, 0.0], [0.0, 0.0, 0.0, 0.0, 0.0, 0.0, 0.0, 0.0, 0.0, 0.0, 0.0, 0.0, 0.0, 0.0, 0.0, 0.0, 0.0, 0.0, 0.0, 0.0, 0.0, 0.0, 0.0, 0.0, 0.0, 0.0, 0.0, 0.0], [0.0, 0.0, 0.0, 0.0, 0.0, 0.0, 0.0, 0.0, 0.0, 0.0, 0.0, 0.0, 0.0, 0.0, 0.0, 0.0, 0.0, 0.0, 0.0, 0.0, 0.0, 0.0, 0.0, 0.0, 0.0, 0.0, 0.0, 0.0], [0.0, 0.0, 0.0, 0.0, 0.0, 0.0, 0.0, 0.0, 0.0, 0.0, 0.0, 0.0, 0.0, 0.0, 0.0, 0.0, 0.0, 0.0, 0.0, 0.0, 0.0, 0.0, 0.0, 0.0, 0.0, 0.0, 0.0, 0.0], [0.0, 0.0, 0.0, 0.0, 0.0, 0.0, 0.0, 0.0, 0.0, 0.0, 0.0, 0.0, 0.0, 0.0, 0.0, 0.0, 0.0, 0.0, 0.0, 0.0, 0.0, 0.0, 0.0, 0.0, 0.0, 0.0, 0.0, 0.0], [0.0, 0.0, 0.0, 0.0, 0.0, 0.0, 0.0, 0.0, 0.0, 0.0, 0.0, 0.0, 0.0, 0.0, 0.0, 0.0, 0.0, 0.0, 0.0, 0.0, 0.0, 0.0, 0.0, 0.0, 0.0, 0.0, 0.0, 0.0]], [[0.0, 0.0, 0.0, 0.0, 0.0, 0.0, 0.0, 0.0, 0.0, 0.0, 0.0, 0.0, 0.0, 0.0, 0.0, 0.0, 0.0, 0.0, 0.0, 0.0, 0.0, 0.0, 0.0, 0.0, 0.0, 0.0, 0.0, 0.0], [0.0, 0.0, 0.0, 0.0, 0.0, 0.0, 0.0, 0.0, 0.0, 0.0, 0.0, 0.0, 0.0, 0.0, 0.0, 0.0, 0.0, 0.0, 0.0, 0.0, 0.0, 0.0, 0.0, 0.0, 0.0, 0.0, 0.0, 0.0], [0.0, 0.0, 0.0, 0.0, 0.0, 0.0, 0.0, 0.0, 0.0, 0.0, 0.0, 0.0, 0.0, 0.0, 0.0, 0.0, 0.0, 0.0, 0.0, 0.0, 0.0, 0.0, 0.0, 0.0, 0.0, 0.0, 0.0, 0.0], [0.0, 0.0, 0.0, 0.0, 0.0, 0.0, 0.0, 0.0, 0.0, 0.0, 0.0, 0.0, 0.0, 0.0, 0.0, 0.0, 0.0, 0.0, 0.0, 0.0, 0.0, 0.0, 0.0, 0.0, 0.0, 0.0, 0.0, 0.0], [0.0, 0.0, 0.0, 0.0, 0.0, 0.0, 0.0, 0.0, 0.0, 0.0, 0.0, 0.0, 0.0, 0.0, 0.0, 0.0, 0.0, 0.0, 0.0, 0.0, 0.0, 0.0, 0.0, 0.0, 0.0, 0.0, 0.0, 0.0], [0.0, 0.0, 0.0, 0.0, 0.0, 0.0, 0.0, 0.0, 0.0, 0.0, 0.0, 0.0, 0.0, 0.0, 0.0, 0.0, 0.0, 0.0, 0.0, 0.0, 0.0, 0.0, 0.0, 0.0, 0.0, 0.0, 0.0, 0.0]], [[0.0, 0.0, 0.0, 0.0, 0.0, 0.0, 0.0, 0.0, 0.0, 0.0, 0.0, 0.0, 0.0, 0.0, 0.0, 0.0, 0.0, 0.0, 0.0, 0.0, 0.0, 0.0, 0.0, 0.0, 0.0, 0.0, 0.0, 0.0], [0.0, 0.0, 0.0, 0.0, 0.0, 0.0, 0.0, 0.0, 0.0, 0.0, 0.0, 0.0, 0.0, 0.0, 0.0, 0.0, 0.0, 0.0, 0.0, 0.0, 0.0, 0.0, 0.0, 0.0, 0.0, 0.0, 0.0, 0.0], [0.0, 0.0, 0.0, 0.0, 0.0, 0.0, 0.0, 0.0, 0.0, 0.0, 0.0, 0.0, 0.0, 0.0, 0.0, 0.0, 0.0, 0.0, 0.0, 0.0, 0.0, 0.0, 0.0, 0.0, 0.0, 0.0, 0.0, 0.0], [0.0, 0.0, 0.0, 0.0, 0.0, 0.0, 0.0, 0.0, 0.0, 0.0, 0.0, 0.0, 0.0, 0.0, 0.0, 0.0, 0.0, 0.0, 0.0, 0.0, 0.0, 0.0, 0.0, 0.0, 0.0, 0.0, 0.0, 0.0], [0.0, 0.0, 0.0, 0.0, 0.0, 0.0, 0.0, 0.0, 0.0, 0.0, 0.0, 0.0, 0.0, 0.0, 0.0, 0.0, 0.0, 0.0, 0.0, 0.0, 0.0, 0.0, 0.0, 0.0, 0.0, 0.0, 0.0, 0.0], [0.0, 0.0, 0.0, 0.0, 0.0, 0.0, 0.0, 0.0, 0.0, 0.0, 0.0, 0.0, 0.0, 0.0, 0.0, 0.0, 0.0, 0.0, 0.0, 0.0, 0.0, 0.0, 0.0, 0.0, 0.0, 0.0, 0.0, 0.0]], [[0.0, 0.0, 0.0, 0.0, 0.0, 0.0, 0.0, 0.0, 0.0, 0.0, 0.0, 0.0, 0.0, 0.0, 0.0, 0.0, 0.0, 0.0, 0.0, 0.0, 0.0, 0.0, 0.0, 0.0, 0.0, 0.0, 0.0, 0.0], [0.0, 0.0, 0.0, 0.0, 0.0, 0.0, 0.0, 0.0, 0.0, 0.0, 0.0, 0.0, 0.0, 0.0, 0.0, 0.0, 0.0, 0.0, 0.0, 0.0, 0.0, 0.0, 0.0, 0.0, 0.0, 0.0, 0.0, 0.0], [0.0, 0.0, 0.0, 0.0, 0.0, 0.0, 0.0, 0.0, 0.0, 0.0, 0.0, 0.0, 0.0, 0.0, 0.0, 0.0, 0.0, 0.0, 0.0, 0.0, 0.0, 0.0, 0.0, 0.0, 0.0, 0.0, 0.0, 0.0], [0.0, 0.0, 0.0, 0.0, 0.0, 0.0, 0.0, 0.0, 0.0, 0.0, 0.0, 0.0, 0.0, 0.0, 0.0, 0.0, 0.0, 0.0, 0.0, 0.0, 0.0, 0.0, 0.0, 0.0, 0.0, 0.0, 0.0, 0.0], [0.0, 0.0, 0.0, 0.0, 0.0, 0.0, 0.0, 0.0, 0.0, 0.0, 0.0, 0.0, 0.0, 0.0, 0.0, 0.0, 0.0, 0.0, 0.0, 0.0, 0.0, 0.0, 0.0, 0.0, 0.0, 0.0, 0.0, 0.0], [0.0, 0.0, 0.0, 0.0, 0.0, 0.0, 0.0, 0.0, 0.0, 0.0, 0.0, 0.0, 0.0, 0.0, 0.0, 0.0, 0.0, 0.0, 0.0, 0.0, 0.0, 0.0, 0.0, 0.0, 0.0, 0.0, 0.0, 0.0]], [[0.0, 0.0, 0.0, 0.0, 0.0, 0.0, 0.0, 0.0, 0.0, 0.0, 0.0, 0.0, 0.0, 0.0, 0.0, 0.0, 0.0, 0.0, 0.0, 0.0, 0.0, 0.0, 0.0, 0.0, 0.0, 0.0, 0.0, 0.0], [0.0, 0.0, 0.0, 0.0, 0.0, 0.0, 0.0, 0.0, 0.0, 0.0, 0.0, 0.0, 0.0, 0.0, 0.0, 0.0, 0.0, 0.0, 0.0, 0.0, 0.0, 0.0, 0.0, 0.0, 0.0, 0.0, 0.0, 0.0], [0.0, 0.0, 0.0, 0.0, 0.0, 0.0, 0.0, 0.0, 0.0, 0.0, 0.0, 0.0, 0.0, 0.0, 0.0, 0.0, 0.0, 0.0, 0.0, 0.0, 0.0, 0.0, 0.0, 0.0, 0.0, 0.0, 0.0, 0.0], [0.0, 0.0, 0.0, 0.0, 0.0, 0.0, 0.0, 0.0, 0.0, 0.0, 0.0, 0.0, 0.0, 0.0, 0.0, 0.0, 0.0, 0.0, 0.0, 0.0, 0.0, 0.0, 0.0, 0.0, 0.0, 0.0, 0.0, 0.0], [0.0, 0.0, 0.0, 0.0, 0.0, 0.0, 0.0, 0.0, 0.0, 0.0, 0.0, 0.0, 0.0, 0.0, 0.0, 0.0, 0.0, 0.0, 0.0, 0.0, 0.0, 0.0, 0.0, 0.0, 0.0, 0.0, 0.0, 0.0], [0.0, 0.0, 0.0, 0.0, 0.0, 0.0, 0.0, 0.0, 0.0, 0.0, 0.0, 0.0, 0.0, 0.0, 0.0, 0.0, 0.0, 0.0, 0.0, 0.0, 0.0, 0.0, 0.0, 0.0, 0.0, 0.0, 0.0, 0.0]], [[0.0, 0.0, 0.0, 0.0, 0.0, 0.0, 0.0, 0.0, 0.0, 0.0, 0.0, 0.0, 0.0, 0.0, 0.0, 0.0, 0.0, 0.0, 0.0, 0.0, 0.0, 0.0, 0.0, 0.0, 0.0, 0.0, 0.0, 0.0], [0.0, 0.0, 0.0, 0.0, 0.0, 0.0, 0.0, 0.0, 0.0, 0.0, 0.0, 0.0, 0.0, 0.0, 0.0, 0.0, 0.0, 0.0, 0.0, 0.0, 0.0, 0.0, 0.0, 0.0, 0.0, 0.0, 0.0, 0.0], [0.0, 0.0, 0.0, 0.0, 0.0, 0.0, 0.0, 0.0, 0.0, 0.0, 0.0, 0.0, 0.0, 0.0, 0.0, 0.0, 0.0, 0.0, 0.0, 0.0, 0.0, 0.0, 0.0, 0.0, 0.0, 0.0, 0.0, 0.0], [0.0, 0.0, 0.0, 0.0, 0.0, 0.0, 0.0, 0.0, 0.0, 0.0, 0.0, 0.0, 0.0, 0.0, 0.0, 0.0, 0.0, 0.0, 0.0, 0.0, 0.0, 0.0, 0.0, 0.0, 0.0, 0.0, 0.0, 0.0], [0.0, 0.0, 0.0, 0.0, 0.0, 0.0, 0.0, 0.0, 0.0, 0.0, 0.0, 0.0, 0.0, 0.0, 0.0, 0.0, 0.0, 0.0, 0.0, 0.0, 0.0, 0.0, 0.0, 0.0, 0.0, 0.0, 0.0, 0.0], [0.0, 0.0, 0.0, 0.0, 0.0, 0.0, 0.0, 0.0, 0.0, 0.0, 0.0, 0.0, 0.0, 0.0, 0.0, 0.0, 0.0, 0.0, 0.0, 0.0, 0.0, 0.0, 0.0, 0.0, 0.0, 0.0, 0.0, 0.0]], [[0.0, 0.0, 0.0, 0.0, 0.0, 0.0, 0.0, 0.0, 0.0, 0.0, 0.0, 0.0, 0.0, 0.0, 0.0, 0.0, 0.0, 0.0, 0.0, 0.0, 0.0, 0.0, 0.0, 0.0, 0.0, 0.0, 0.0, 0.0], [0.0, 0.0, 0.0, 0.0, 0.0, 0.0, 0.0, 0.0, 0.0, 0.0, 0.0, 0.0, 0.0, 0.0, 0.0, 0.0, 0.0, 0.0, 0.0, 0.0, 0.0, 0.0, 0.0, 0.0, 0.0, 0.0, 0.0, 0.0], [0.0, 0.0, 0.0, 0.0, 0.0, 0.0, 0.0, 0.0, 0.0, 0.0, 0.0, 0.0, 0.0, 0.0, 0.0, 0.0, 0.0, 0.0, 0.0, 0.0, 0.0, 0.0, 0.0, 0.0, 0.0, 0.0, 0.0, 0.0], [0.0, 0.0, 0.0, 0.0, 0.0, 0.0, 0.0, 0.0, 0.0, 0.0, 0.0, 0.0, 0.0, 0.0, 0.0, 0.0, 0.0, 0.0, 0.0, 0.0, 0.0, 0.0, 0.0, 0.0, 0.0, 0.0, 0.0, 0.0], [0.0, 0.0, 0.0, 0.0, 0.0, 0.0, 0.0, 0.0, 0.0, 0.0, 0.0, 0.0, 0.0, 0.0, 0.0, 0.0, 0.0, 0.0, 0.0, 0.0, 0.0, 0.0, 0.0, 0.0, 0.0, 0.0, 0.0, 0.0], [0.0, 0.0, 0.0, 0.0, 0.0, 0.0, 0.0, 0.0, 0.0, 0.0, 0.0, 0.0, 0.0, 0.0, 0.0, 0.0, 0.0, 0.0, 0.0, 0.0, 0.0, 0.0, 0.0, 0.0, 0.0, 0.0, 0.0, 0.0]], [[0.0, 0.0, 0.0, 0.0, 0.0, 0.0, 0.0, 0.0, 0.0, 0.0, 0.0, 0.0, 0.0, 0.0, 0.0, 0.0, 0.0, 0.0, 0.0, 0.0, 0.0, 0.0, 0.0, 0.0, 0.0, 0.0, 0.0, 0.0], [0.0, 0.0, 0.0, 0.0, 0.0, 0.0, 0.0, 0.0, 0.0, 0.0, 0.0, 0.0, 0.0, 0.0, 0.0, 0.0, 0.0, 0.0, 0.0, 0.0, 0.0, 0.0, 0.0, 0.0, 0.0, 0.0, 0.0, 0.0], [0.0, 0.0, 0.0, 0.0, 0.0, 0.0, 0.0, 0.0, 0.0, 0.0, 0.0, 0.0, 0.0, 0.0, 0.0, 0.0, 0.0, 0.0, 0.0, 0.0, 0.0, 0.0, 0.0, 0.0, 0.0, 0.0, 0.0, 0.0], [0.0, 0.0, 0.0, 0.0, 0.0, 0.0, 0.0, 0.0, 0.0, 0.0, 0.0, 0.0, 0.0, 0.0, 0.0, 0.0, 0.0, 0.0, 0.0, 0.0, 0.0, 0.0, 0.0, 0.0, 0.0, 0.0, 0.0, 0.0], [0.0, 0.0, 0.0, 0.0, 0.0, 0.0, 0.0, 0.0, 0.0, 0.0, 0.0, 0.0, 0.0, 0.0, 0.0, 0.0, 0.0, 0.0, 0.0, 0.0, 0.0, 0.0, 0.0, 0.0, 0.0, 0.0, 0.0, 0.0], [0.0, 0.0, 0.0, 0.0, 0.0, 0.0, 0.0, 0.0, 0.0, 0.0, 0.0, 0.0, 0.0, 0.0, 0.0, 0.0, 0.0, 0.0, 0.0, 0.0, 0.0, 0.0, 0.0, 0.0, 0.0, 0.0, 0.0, 0.0]], [[0.0, 0.0, 0.0, 0.0, 0.0, 0.0, 0.0, 0.0, 0.0, 0.0, 0.0, 0.0, 0.0, 0.0, 0.0, 0.0, 0.0, 0.0, 0.0, 0.0, 0.0, 0.0, 0.0, 0.0, 0.0, 0.0, 0.0, 0.0], [0.0, 0.0, 0.0, 0.0, 0.0, 0.0, 0.0, 0.0, 0.0, 0.0, 0.0, 0.0, 0.0, 0.0, 0.0, 0.0, 0.0, 0.0, 0.0, 0.0, 0.0, 0.0, 0.0, 0.0, 0.0, 0.0, 0.0, 0.0], [0.0, 0.0, 0.0, 0.0, 0.0, 0.0, 0.0, 0.0, 0.0, 0.0, 0.0, 0.0, 0.0, 0.0, 0.0, 0.0, 0.0, 0.0, 0.0, 0.0, 0.0, 0.0, 0.0, 0.0, 0.0, 0.0, 0.0, 0.0], [0.0, 0.0, 0.0, 0.0, 0.0, 0.0, 0.0, 0.0, 0.0, 0.0, 0.0, 0.0, 0.0, 0.0, 0.0, 0.0, 0.0, 0.0, 0.0, 0.0, 0.0, 0.0, 0.0, 0.0, 0.0, 0.0, 0.0, 0.0], [0.0, 0.0, 0.0, 0.0, 0.0, 0.0, 0.0, 0.0, 0.0, 0.0, 0.0, 0.0, 0.0, 0.0, 0.0, 0.0, 0.0, 0.0, 0.0, 0.0, 0.0, 0.0, 0.0, 0.0, 0.0, 0.0, 0.0, 0.0], [0.0, 0.0, 0.0, 0.0, 0.0, 0.0, 0.0, 0.0, 0.0, 0.0, 0.0, 0.0, 0.0, 0.0, 0.0, 0.0, 0.0, 0.0, 0.0, 0.0, 0.0, 0.0, 0.0, 0.0, 0.0, 0.0, 0.0, 0.0]], [[0.0, 0.0, 0.0, 0.0, 0.0, 0.0, 0.0, 0.0, 0.0, 0.0, 0.0, 0.0, 0.0, 0.0, 0.0, 0.0, 0.0, 0.0, 0.0, 0.0, 0.0, 0.0, 0.0, 0.0, 0.0, 0.0, 0.0, 0.0], [0.0, 0.0, 0.0, 0.0, 0.0, 0.0, 0.0, 0.0, 0.0, 0.0, 0.0, 0.0, 0.0, 0.0, 0.0, 0.0, 0.0, 0.0, 0.0, 0.0, 0.0, 0.0, 0.0, 0.0, 0.0, 0.0, 0.0, 0.0], [0.0, 0.0, 0.0, 0.0, 0.0, 0.0, 0.0, 0.0, 0.0, 0.0, 0.0, 0.0, 0.0, 0.0, 0.0, 0.0, 0.0, 0.0, 0.0, 0.0, 0.0, 0.0, 0.0, 0.0, 0.0, 0.0, 0.0, 0.0], [0.0, 0.0, 0.0, 0.0, 0.0, 0.0, 0.0, 0.0, 0.0, 0.0, 0.0, 0.0, 0.0, 0.0, 0.0, 0.0, 0.0, 0.0, 0.0, 0.0, 0.0, 0.0, 0.0, 0.0, 0.0, 0.0, 0.0, 0.0], [0.0, 0.0, 0.0, 0.0, 0.0, 0.0, 0.0, 0.0, 0.0, 0.0, 0.0, 0.0, 0.0, 0.0, 0.0, 0.0, 0.0, 0.0, 0.0, 0.0, 0.0, 0.0, 0.0, 0.0, 0.0, 0.0, 0.0, 0.0], [0.0, 0.0, 0.0, 0.0, 0.0, 0.0, 0.0, 0.0, 0.0, 0.0, 0.0, 0.0, 0.0, 0.0, 0.0, 0.0, 0.0, 0.0, 0.0, 0.0, 0.0, 0.0, 0.0, 0.0, 0.0, 0.0, 0.0, 0.0]], [[0.0, 0.0, 0.0, 0.0, 0.0, 0.0, 0.0, 0.0, 0.0, 0.0, 0.0, 0.0, 0.0, 0.0, 0.0, 0.0, 0.0, 0.0, 0.0, 0.0, 0.0, 0.0, 0.0, 0.0, 0.0, 0.0, 0.0, 0.0], [0.0, 0.0, 0.0, 0.0, 0.0, 0.0, 0.0, 0.0, 0.0, 0.0, 0.0, 0.0, 0.0, 0.0, 0.0, 0.0, 0.0, 0.0, 0.0, 0.0, 0.0, 0.0, 0.0, 0.0, 0.0, 0.0, 0.0, 0.0], [0.0, 0.0, 0.0, 0.0, 0.0, 0.0, 0.0, 0.0, 0.0, 0.0, 0.0, 0.0, 0.0, 0.0, 0.0, 0.0, 0.0, 0.0, 0.0, 0.0, 0.0, 0.0, 0.0, 0.0, 0.0, 0.0, 0.0, 0.0], [0.0, 0.0, 0.0, 0.0, 0.0, 0.0, 0.0, 0.0, 0.0, 0.0, 0.0, 0.0, 0.0, 0.0, 0.0, 0.0, 0.0, 0.0, 0.0, 0.0, 0.0, 0.0, 0.0, 0.0, 0.0, 0.0, 0.0, 0.0], [0.0, 0.0, 0.0, 0.0, 0.0, 0.0, 0.0, 0.0, 0.0, 0.0, 0.0, 0.0, 0.0, 0.0, 0.0, 0.0, 0.0, 0.0, 0.0, 0.0, 0.0, 0.0, 0.0, 0.0, 0.0, 0.0, 0.0, 0.0], [0.0, 0.0, 0.0, 0.0, 0.0, 0.0, 0.0, 0.0, 0.0, 0.0, 0.0, 0.0, 0.0, 0.0, 0.0, 0.0, 0.0, 0.0, 0.0, 0.0, 0.0, 0.0, 0.0, 0.0, 0.0, 0.0, 0.0, 0.0]], [[0.0, 0.0, 0.0, 0.0, 0.0, 0.0, 0.0, 0.0, 0.0, 0.0, 0.0, 0.0, 0.0, 0.0, 0.0, 0.0, 0.0, 0.0, 0.0, 0.0, 0.0, 0.0, 0.0, 0.0, 0.0, 0.0, 0.0, 0.0], [0.0, 0.0, 0.0, 0.0, 0.0, 0.0, 0.0, 0.0, 0.0, 0.0, 0.0, 0.0, 0.0, 0.0, 0.0, 0.0, 0.0, 0.0, 0.0, 0.0, 0.0, 0.0, 0.0, 0.0, 0.0, 0.0, 0.0, 0.0], [0.0, 0.0, 0.0, 0.0, 0.0, 0.0, 0.0, 0.0, 0.0, 0.0, 0.0, 0.0, 0.0, 0.0, 0.0, 0.0, 0.0, 0.0, 0.0, 0.0, 0.0, 0.0, 0.0, 0.0, 0.0, 0.0, 0.0, 0.0], [0.0, 0.0, 0.0, 0.0, 0.0, 0.0, 0.0, 0.0, 0.0, 0.0, 0.0, 0.0, 0.0, 0.0, 0.0, 0.0, 0.0, 0.0, 0.0, 0.0, 0.0, 0.0, 0.0, 0.0, 0.0, 0.0, 0.0, 0.0], [0.0, 0.0, 0.0, 0.0, 0.0, 0.0, 0.0, 0.0, 0.0, 0.0, 0.0, 0.0, 0.0, 0.0, 0.0, 0.0, 0.0, 0.0, 0.0, 0.0, 0.0, 0.0, 0.0, 0.0, 0.0, 0.0, 0.0, 0.0], [0.0, 0.0, 0.0, 0.0, 0.0, 0.0, 0.0, 0.0, 0.0, 0.0, 0.0, 0.0, 0.0, 0.0, 0.0, 0.0, 0.0, 0.0, 0.0, 0.0, 0.0, 0.0, 0.0, 0.0, 0.0, 0.0, 0.0, 0.0]], [[0.0, 0.0, 0.0, 0.0, 0.0, 0.0, 0.0, 0.0, 0.0, 0.0, 0.0, 0.0, 0.0, 0.0, 0.0, 0.0, 0.0, 0.0, 0.0, 0.0, 0.0, 0.0, 0.0, 0.0, 0.0, 0.0, 0.0, 0.0], [0.0, 0.0, 0.0, 0.0, 0.0, 0.0, 0.0, 0.0, 0.0, 0.0, 0.0, 0.0, 0.0, 0.0, 0.0, 0.0, 0.0, 0.0, 0.0, 0.0, 0.0, 0.0, 0.0, 0.0, 0.0, 0.0, 0.0, 0.0], [0.0, 0.0, 0.0, 0.0, 0.0, 0.0, 0.0, 0.0, 0.0, 0.0, 0.0, 0.0, 0.0, 0.0, 0.0, 0.0, 0.0, 0.0, 0.0, 0.0, 0.0, 0.0, 0.0, 0.0, 0.0, 0.0, 0.0, 0.0], [0.0, 0.0, 0.0, 0.0, 0.0, 0.0, 0.0, 0.0, 0.0, 0.0, 0.0, 0.0, 0.0, 0.0, 0.0, 0.0, 0.0, 0.0, 0.0, 0.0, 0.0, 0.0, 0.0, 0.0, 0.0, 0.0, 0.0, 0.0], [0.0, 0.0, 0.0, 0.0, 0.0, 0.0, 0.0, 0.0, 0.0, 0.0, 0.0, 0.0, 0.0, 0.0, 0.0, 0.0, 0.0, 0.0, 0.0, 0.0, 0.0, 0.0, 0.0, 0.0, 0.0, 0.0, 0.0, 0.0], [0.0, 0.0, 0.0, 0.0, 0.0, 0.0, 0.0, 0.0, 0.0, 0.0, 0.0, 0.0, 0.0, 0.0, 0.0, 0.0, 0.0, 0.0, 0.0, 0.0, 0.0, 0.0, 0.0, 0.0, 0.0, 0.0, 0.0, 0.0]], [[0.0, 0.0, 0.0, 0.0, 0.0, 0.0, 0.0, 0.0, 0.0, 0.0, 0.0, 0.0, 0.0, 0.0, 0.0, 0.0, 0.0, 0.0, 0.0, 0.0, 0.0, 0.0, 0.0, 0.0, 0.0, 0.0, 0.0, 0.0], [0.0, 0.0, 0.0, 0.0, 0.0, 0.0, 0.0, 0.0, 0.0, 0.0, 0.0, 0.0, 0.0, 0.0, 0.0, 0.0, 0.0, 0.0, 0.0, 0.0, 0.0, 0.0, 0.0, 0.0, 0.0, 0.0, 0.0, 0.0], [0.0, 0.0, 0.0, 0.0, 0.0, 0.0, 0.0, 0.0, 0.0, 0.0, 0.0, 0.0, 0.0, 0.0, 0.0, 0.0, 0.0, 0.0, 0.0, 0.0, 0.0, 0.0, 0.0, 0.0, 0.0, 0.0, 0.0, 0.0], [0.0, 0.0, 0.0, 0.0, 0.0, 0.0, 0.0, 0.0, 0.0, 0.0, 0.0, 0.0, 0.0, 0.0, 0.0, 0.0, 0.0, 0.0, 0.0, 0.0, 0.0, 0.0, 0.0, 0.0, 0.0, 0.0, 0.0, 0.0], [0.0, 0.0, 0.0, 0.0, 0.0, 0.0, 0.0, 0.0, 0.0, 0.0, 0.0, 0.0, 0.0, 0.0, 0.0, 0.0, 0.0, 0.0, 0.0, 0.0, 0.0, 0.0, 0.0, 0.0, 0.0, 0.0, 0.0, 0.0], [0.0, 0.0, 0.0, 0.0, 0.0, 0.0, 0.0, 0.0, 0.0, 0.0, 0.0, 0.0, 0.0, 0.0, 0.0, 0.0, 0.0, 0.0, 0.0, 0.0, 0.0, 0.0, 0.0, 0.0, 0.0, 0.0, 0.0, 0.0]], [[0.0, 0.0, 0.0, 0.0, 0.0, 0.0, 0.0, 0.0, 0.0, 0.0, 0.0, 0.0, 0.0, 0.0, 0.0, 0.0, 0.0, 0.0, 0.0, 0.0, 0.0, 0.0, 0.0, 0.0, 0.0, 0.0, 0.0, 0.0], [0.0, 0.0, 0.0, 0.0, 0.0, 0.0, 0.0, 0.0, 0.0, 0.0, 0.0, 0.0, 0.0, 0.0, 0.0, 0.0, 0.0, 0.0, 0.0, 0.0, 0.0, 0.0, 0.0, 0.0, 0.0, 0.0, 0.0, 0.0], [0.0, 0.0, 0.0, 0.0, 0.0, 0.0, 0.0, 0.0, 0.0, 0.0, 0.0, 0.0, 0.0, 0.0, 0.0, 0.0, 0.0, 0.0, 0.0, 0.0, 0.0, 0.0, 0.0, 0.0, 0.0, 0.0, 0.0, 0.0], [0.0, 0.0, 0.0, 0.0, 0.0, 0.0, 0.0, 0.0, 0.0, 0.0, 0.0, 0.0, 0.0, 0.0, 0.0, 0.0, 0.0, 0.0, 0.0, 0.0, 0.0, 0.0, 0.0, 0.0, 0.0, 0.0, 0.0, 0.0], [0.0, 0.0, 0.0, 0.0, 0.0, 0.0, 0.0, 0.0, 0.0, 0.0, 0.0, 0.0, 0.0, 0.0, 0.0, 0.0, 0.0, 0.0, 0.0, 0.0, 0.0, 0.0, 0.0, 0.0, 0.0, 0.0, 0.0, 0.0], [0.0, 0.0, 0.0, 0.0, 0.0, 0.0, 0.0, 0.0, 0.0, 0.0, 0.0, 0.0, 0.0, 0.0, 0.0, 0.0, 0.0, 0.0, 0.0, 0.0, 0.0, 0.0, 0.0, 0.0, 0.0, 0.0, 0.0, 0.0]], [[0.0, 0.0, 0.0, 0.0, 0.0, 0.0, 0.0, 0.0, 0.0, 0.0, 0.0, 0.0, 0.0, 0.0, 0.0, 0.0, 0.0, 0.0, 0.0, 0.0, 0.0, 0.0, 0.0, 0.0, 0.0, 0.0, 0.0, 0.0], [0.0, 0.0, 0.0, 0.0, 0.0, 0.0, 0.0, 0.0, 0.0, 0.0, 0.0, 0.0, 0.0, 0.0, 0.0, 0.0, 0.0, 0.0, 0.0, 0.0, 0.0, 0.0, 0.0, 0.0, 0.0, 0.0, 0.0, 0.0], [0.0, 0.0, 0.0, 0.0, 0.0, 0.0, 0.0, 0.0, 0.0, 0.0, 0.0, 0.0, 0.0, 0.0, 0.0, 0.0, 0.0, 0.0, 0.0, 0.0, 0.0, 0.0, 0.0, 0.0, 0.0, 0.0, 0.0, 0.0], [0.0, 0.0, 0.0, 0.0, 0.0, 0.0, 0.0, 0.0, 0.0, 0.0, 0.0, 0.0, 0.0, 0.0, 0.0, 0.0, 0.0, 0.0, 0.0, 0.0, 0.0, 0.0, 0.0, 0.0, 0.0, 0.0, 0.0, 0.0], [0.0, 0.0, 0.0, 0.0, 0.0, 0.0, 0.0, 0.0, 0.0, 0.0, 0.0, 0.0, 0.0, 0.0, 0.0, 0.0, 0.0, 0.0, 0.0, 0.0, 0.0, 0.0, 0.0, 0.0, 0.0, 0.0, 0.0, 0.0], [0.0, 0.0, 0.0, 0.0, 0.0, 0.0, 0.0, 0.0, 0.0, 0.0, 0.0, 0.0, 0.0, 0.0, 0.0, 0.0, 0.0, 0.0, 0.0, 0.0, 0.0, 0.0, 0.0, 0.0, 0.0, 0.0, 0.0, 0.0]], [[0.0, 0.0, 0.0, 0.0, 0.0, 0.0, 0.0, 0.0, 0.0, 0.0, 0.0, 0.0, 0.0, 0.0, 0.0, 0.0, 0.0, 0.0, 0.0, 0.0, 0.0, 0.0, 0.0, 0.0, 0.0, 0.0, 0.0, 0.0], [0.0, 0.0, 0.0, 0.0, 0.0, 0.0, 0.0, 0.0, 0.0, 0.0, 0.0, 0.0, 0.0, 0.0, 0.0, 0.0, 0.0, 0.0, 0.0, 0.0, 0.0, 0.0, 0.0, 0.0, 0.0, 0.0, 0.0, 0.0], [0.0, 0.0, 0.0, 0.0, 0.0, 0.0, 0.0, 0.0, 0.0, 0.0, 0.0, 0.0, 0.0, 0.0, 0.0, 0.0, 0.0, 0.0, 0.0, 0.0, 0.0, 0.0, 0.0, 0.0, 0.0, 0.0, 0.0, 0.0], [0.0, 0.0, 0.0, 0.0, 0.0, 0.0, 0.0, 0.0, 0.0, 0.0, 0.0, 0.0, 0.0, 0.0, 0.0, 0.0, 0.0, 0.0, 0.0, 0.0, 0.0, 0.0, 0.0, 0.0, 0.0, 0.0, 0.0, 0.0], [0.0, 0.0, 0.0, 0.0, 0.0, 0.0, 0.0, 0.0, 0.0, 0.0, 0.0, 0.0, 0.0, 0.0, 0.0, 0.0, 0.0, 0.0, 0.0, 0.0, 0.0, 0.0, 0.0, 0.0, 0.0, 0.0, 0.0, 0.0], [0.0, 0.0, 0.0, 0.0, 0.0, 0.0, 0.0, 0.0, 0.0, 0.0, 0.0, 0.0, 0.0, 0.0, 0.0, 0.0, 0.0, 0.0, 0.0, 0.0, 0.0, 0.0, 0.0, 0.0, 0.0, 0.0, 0.0, 0.0]]];
t = [[99999999.0, 6.821006673308409, 10.862759539248042, 7.667520103033598, 7.672343311608443, 9.349472579822486, 14.095683916892025, 13.832839347895957, 12.09150305544753, 8.205581603189618, 6.093939268646752, 7.541175540075381, 12.97760552151746, 9.449073871470073, 9.627702697979094, 10.97409265947353, 9.090086085545607, 5.223895463365461, 14.555420130939114, 8.254752126744942, 7.178939321909965, 10.90222907363372, 11.959723347794586, 14.088505485667286, 12.969247284475722, 12.722270623319801, 8.668425340168085, 14.556995937646958, 8.634448306413638, 11.885546034832164], [6.821006673308409, 99999999.0, 8.692453703056033, 9.45555992458871, 14.877575743974683, 9.042758049950308, 8.456838215755766, 13.739745942775679, 12.9516547470779, 7.825030727625477, 11.368489979380758, 7.064440336287779, 9.607465725663044, 13.316954017034542, 9.166406121432649, 11.133419450461162, 13.367332608024627, 11.23820321813378, 6.649252681253638, 9.394745161221582, 14.89509599890442, 14.448675001253854, 13.247562323412494, 13.685806948974333, 5.0382057674542144, 12.417460117069044, 6.23820112573001, 12.563825498030877, 5.747350294782651, 12.523270287195318], [10.862759539248042, 8.692453703056033, 99999999.0, 7.445355442447431, 6.310673419452609, 14.303941079745478, 12.872628356724853, 6.945998403243658, 12.36404700819778, 9.70802884495262, 13.22430472274582, 14.837278417300336, 13.595768279969198, 11.019957216945528, 8.383123011465893, 9.287198290273746, 8.43199803421156, 7.806411359930182, 10.891647837587676, 7.3309050686086765, 13.152970107070663, 10.558274376941732, 11.48832739591407, 8.1349537578359, 5.126001383531231, 13.147856954554776, 5.911300527882632, 11.851970951989088, 11.817293542140005, 12.977080068804307], [7.667520103033598, 9.45555992458871, 7.445355442447431, 99999999.0, 8.075939572295804, 12.185429141831031, 9.74930317654151, 12.999792633217824, 11.119071948970143, 11.293188185513952, 11.636932460509875, 14.523139340909445, 5.266775490734296, 8.01141209503962, 13.900356892434772, 10.733684274035825, 8.244271413302808, 10.478232531747269, 5.883581462352159, 10.323784719279695, 13.434770852237008, 14.174428217686657, 13.28301132949068, 13.55276847322715, 11.614273983577775, 9.187024862564405, 9.251639014195039, 9.505307120984519, 10.210617820024137, 6.6177459279983], [7.672343311608443, 14.877575743974683, 6.310673419452609, 8.075939572295804, 99999999.0, 5.03023558320546, 11.050098717006719, 12.41961873938393, 12.753520211759497, 14.550577237852908, 11.214756589412222, 13.824744651284645, 7.553786110016405, 7.738583633499019, 11.37587215378748, 6.28060027028315, 9.091189071643031, 12.401580999171301, 5.196328227520333, 9.715680434068247, 12.96959162580497, 10.8441333845437, 14.895529417919132, 14.702382900923784, 7.331464393905415, 5.5121693884274965, 12.886923607798085, 8.215208687673684, 13.69509002863424, 13.219539484108969], [9.349472579822486, 9.042758049950308, 14.303941079745478, 12.185429141831031, 5.03023558320546, 99999999.0, 11.135903138825004, 5.8002254780095335, 6.629560608364228, 9.956123435569467, 13.176433832443461, 7.317601969614803, 10.288315050821861, 7.785718317668061, 13.980370801041403, 6.052658919651122, 11.92194693947874, 11.701414312317478, 12.960020927383496, 10.741191792962814, 13.705698374505689, 14.247903036655249, 11.698442837995149, 5.242589603806671, 8.665894412910593, 12.785904215736146, 12.77737642322407, 6.638968482122878, 14.698574950727316, 13.289159444941522], [14.095683916892025, 8.456838215755766, 12.872628356724853, 9.74930317654151, 11.050098717006719, 11.135903138825004, 99999999.0, 13.661665983836858, 8.983381992268049, 7.760101454872135, 12.51282789719237, 12.384406608952094, 9.23229138705404, 7.516948686114389, 5.227079439910024, 13.605076715907114, 8.929553591681263, 7.914587594282643, 10.044066960669118, 9.449327688174797, 13.978447107788993, 8.889575192465298, 7.527318056626325, 13.145629633690524, 7.5320321626532385, 13.966853593169043, 9.509823557013739, 14.321538981370965, 9.62195234350186, 6.828630089455256], [13.832839347895957, 13.739745942775679, 6.945998403243658, 12.999792633217824, 12.41961873938393, 5.8002254780095335, 13.661665983836858, 99999999.0, 10.105954091537978, 9.049064894292695, 9.276817181052682, 10.079541311382613, 9.43735211538062, 9.934724986468362, 5.244222160796501, 9.837600379569924, 10.18957385134314, 7.427025624657149, 7.4387043015771965, 14.224328879617335, 8.00580669409028, 5.957333613662409, 11.008132054198178, 6.5016573275901965, 13.877055808548022, 7.041720508409769, 6.876147205019264, 7.277023770610592, 8.012556981832379, 10.76129484515991], [12.09150305544753, 12.9516547470779, 12.36404700819778, 11.119071948970143, 12.753520211759497, 6.629560608364228, 8.983381992268049, 10.105954091537978, 99999999.0, 12.65697498179427, 5.895836373775966, 7.104031438643762, 10.975954922910965, 5.39951362764702, 14.33326838356294, 5.004038806611745, 9.48258560933139, 13.04990376555988, 13.887065557851509, 9.118008308263837, 5.340769689688939, 5.094315481307834, 9.885397935744587, 8.438885064127081, 7.144645496958258, 5.411396928733304, 5.843760118461423, 5.901851097177677, 5.022556657336748, 11.190054686446306], [8.205581603189618, 7.825030727625477, 9.70802884495262, 11.293188185513952, 14.550577237852908, 9.956123435569467, 7.760101454872135, 9.049064894292695, 12.65697498179427, 99999999.0, 9.359468346599416, 11.133576724607313, 12.947001056898806, 13.522168558023054, 8.657622082757202, 6.644140275653423, 10.648460662441083, 8.347821079531906, 5.400949725977223, 9.493976939701646, 9.542289275762375, 6.343035750947066, 14.635319172874429, 12.523173517204924, 9.856415682229368, 14.538948877259433, 13.460641465389799, 14.561125018896403, 6.045916992943022, 6.9088285467558475], [6.093939268646752, 11.368489979380758, 13.22430472274582, 11.636932460509875, 11.214756589412222, 13.176433832443461, 12.51282789719237, 9.276817181052682, 5.895836373775966, 9.359468346599416, 99999999.0, 9.45979418731369, 6.895331034597748, 9.317176255772594, 11.5326267852593, 9.209102832613482, 5.35138345692311, 14.042460939560511, 6.805066249009574, 6.185565989744331, 5.2606646415492175, 10.13253538465677, 12.989613383328447, 13.732835286627052, 8.38995130169223, 13.41112564928775, 12.916880604042342, 7.645144382907016, 5.450562579696291, 9.535350326808487], [7.541175540075381, 7.064440336287779, 14.837278417300336, 14.523139340909445, 13.824744651284645, 7.317601969614803, 12.384406608952094, 10.079541311382613, 7.104031438643762, 11.133576724607313, 9.45979418731369, 99999999.0, 14.51557403651585, 5.602490175392038, 11.654561701489508, 8.245530064143114, 11.389297201105553, 5.995159860167324, 10.095635269085594, 11.333185759091577, 9.805997278328887, 11.391296204385153, 14.220905510525117, 11.062473270508953, 12.18916789214052, 12.973723960899202, 13.81157855922272, 12.651678464947906, 5.950617667671843, 5.319221897721902], [12.97760552151746, 9.607465725663044, 13.595768279969198, 5.266775490734296, 7.553786110016405, 10.288315050821861, 9.23229138705404, 9.43735211538062, 10.975954922910965, 12.947001056898806, 6.895331034597748, 14.51557403651585, 99999999.0, 11.511955052247162, 9.595984273381028, 7.906896177543839, 6.691611647490038, 12.95896070838783, 14.714114744141389, 5.535772316963551, 5.381991368781357, 6.270758785682302, 5.062008151302445, 14.105821197116077, 7.443710564709743, 14.020524080618692, 5.400623681693113, 10.065232093322843, 13.587059911211124, 11.852667177039319], [9.449073871470073, 13.316954017034542, 11.019957216945528, 8.01141209503962, 7.738583633499019, 7.785718317668061, 7.516948686114389, 9.934724986468362, 5.39951362764702, 13.522168558023054, 9.317176255772594, 5.602490175392038, 11.511955052247162, 99999999.0, 8.210639701951123, 7.314996031108568, 10.294232538745362, 14.473326420885371, 14.382558202548763, 5.594059150787881, 12.3321920964834, 11.239359970194615, 12.607029341478938, 9.26124157910845, 13.445184707700243, 5.734361417394088, 8.638253060149417, 7.767064855934712, 12.44708972045377, 7.976290356057941], [9.627702697979094, 9.166406121432649, 8.383123011465893, 13.900356892434772, 11.37587215378748, 13.980370801041403, 5.227079439910024, 5.244222160796501, 14.33326838356294, 8.657622082757202, 11.5326267852593, 11.654561701489508, 9.595984273381028, 8.210639701951123, 99999999.0, 14.240354883456918, 6.613729705661918, 8.101117411305447, 12.468302203714092, 9.859111729120405, 14.638119624784887, 11.618923435879726, 13.62106531335044, 11.2059051914156, 10.779482915039798, 6.9365171151980665, 9.443154585740912, 14.53386249481423, 9.84812876309721, 12.396214798412922], [10.97409265947353, 11.133419450461162, 9.287198290273746, 10.733684274035825, 6.28060027028315, 6.052658919651122, 13.605076715907114, 9.837600379569924, 5.004038806611745, 6.644140275653423, 9.209102832613482, 8.245530064143114, 7.906896177543839, 7.314996031108568, 14.240354883456918, 99999999.0, 6.266398799983141, 8.019099316971122, 5.468194296381837, 9.012803142170496, 7.653879711690939, 7.483586262890359, 5.572122266294649, 11.105865376771511, 12.721738281687124, 5.380270733012496, 12.80938125236123, 8.325809505709074, 5.871997925497803, 12.486479478978417], [9.090086085545607, 13.367332608024627, 8.43199803421156, 8.244271413302808, 9.091189071643031, 11.92194693947874, 8.929553591681263, 10.18957385134314, 9.48258560933139, 10.648460662441083, 5.35138345692311, 11.389297201105553, 6.691611647490038, 10.294232538745362, 6.613729705661918, 6.266398799983141, 99999999.0, 5.454760542279389, 10.762197973395047, 6.754571019691631, 10.129398498433765, 14.674850435853045, 13.77636685208945, 12.63203400727688, 7.937386448654292, 7.733091264042871, 12.47948135102142, 9.437809087351177, 10.19840675934113, 5.32546457357217], [5.223895463365461, 11.23820321813378, 7.806411359930182, 10.478232531747269, 12.401580999171301, 11.701414312317478, 7.914587594282643, 7.427025624657149, 13.04990376555988, 8.347821079531906, 14.042460939560511, 5.995159860167324, 12.95896070838783, 14.473326420885371, 8.101117411305447, 8.019099316971122, 5.454760542279389, 99999999.0, 8.11422860579869, 7.419474803939442, 8.366592335679083, 13.428233973799413, 9.009832178182206, 13.643115756151383, 13.428550118226479, 9.09539781411533, 5.353041040171082, 12.997029227606273, 12.306107455946197, 12.464618775514804], [14.555420130939114, 6.649252681253638, 10.891647837587676, 5.883581462352159, 5.196328227520333, 12.960020927383496, 10.044066960669118, 7.4387043015771965, 13.887065557851509, 5.400949725977223, 6.805066249009574, 10.095635269085594, 14.714114744141389, 14.382558202548763, 12.468302203714092, 5.468194296381837, 10.762197973395047, 8.11422860579869, 99999999.0, 5.349630645451395, 7.276266799072505, 12.735342897449922, 9.110964911673749, 11.594148480353775, 6.706717110543781, 13.601606491991788, 7.47331684571663, 12.803184680227755, 11.201628250098757, 6.416483321843519], [8.254752126744942, 9.394745161221582, 7.3309050686086765, 10.323784719279695, 9.715680434068247, 10.741191792962814, 9.449327688174797, 14.224328879617335, 9.118008308263837, 9.493976939701646, 6.185565989744331, 11.333185759091577, 5.535772316963551, 5.594059150787881, 9.859111729120405, 9.012803142170496, 6.754571019691631, 7.419474803939442, 5.349630645451395, 99999999.0, 12.370829827681446, 12.470679434444099, 14.681239683221401, 8.718842388832089, 12.54087187241166, 10.526168313561298, 11.196913451684756, 6.33282241442847, 7.686942584818128, 10.360467309194561], [7.178939321909965, 14.89509599890442, 13.152970107070663, 13.434770852237008, 12.96959162580497, 13.705698374505689, 13.978447107788993, 8.00580669409028, 5.340769689688939, 9.542289275762375, 5.2606646415492175, 9.805997278328887, 5.381991368781357, 12.3321920964834, 14.638119624784887, 7.653879711690939, 10.129398498433765, 8.366592335679083, 7.276266799072505, 12.370829827681446, 99999999.0, 11.298347055750368, 13.878701992841707, 7.575177509883904, 5.495732082625492, 14.316844411980432, 5.174875409242942, 6.098833234202125, 12.216286521672368, 11.197807627564806], [10.90222907363372, 14.448675001253854, 10.558274376941732, 14.174428217686657, 10.8441333845437, 14.247903036655249, 8.889575192465298, 5.957333613662409, 5.094315481307834, 6.343035750947066, 10.13253538465677, 11.391296204385153, 6.270758785682302, 11.239359970194615, 11.618923435879726, 7.483586262890359, 14.674850435853045, 13.428233973799413, 12.735342897449922, 12.470679434444099, 11.298347055750368, 99999999.0, 11.969175678715741, 14.330821483120934, 8.452171290780992, 6.99807807247287, 8.187769778069633, 10.002712065911984, 9.258063728865231, 10.705773950220737], [11.959723347794586, 13.247562323412494, 11.48832739591407, 13.28301132949068, 14.895529417919132, 11.698442837995149, 7.527318056626325, 11.008132054198178, 9.885397935744587, 14.635319172874429, 12.989613383328447, 14.220905510525117, 5.062008151302445, 12.607029341478938, 13.62106531335044, 5.572122266294649, 13.77636685208945, 9.009832178182206, 9.110964911673749, 14.681239683221401, 13.878701992841707, 11.969175678715741, 99999999.0, 9.111909682277592, 10.438123678934037, 13.290761694431298, 9.418340975461323, 12.364437443132879, 5.654977126810399, 13.72355710466454], [14.088505485667286, 13.685806948974333, 8.1349537578359, 13.55276847322715, 14.702382900923784, 5.242589603806671, 13.145629633690524, 6.5016573275901965, 8.438885064127081, 12.523173517204924, 13.732835286627052, 11.062473270508953, 14.105821197116077, 9.26124157910845, 11.2059051914156, 11.105865376771511, 12.63203400727688, 13.643115756151383, 11.594148480353775, 8.718842388832089, 7.575177509883904, 14.330821483120934, 9.111909682277592, 99999999.0, 6.785499929800757, 11.215853325147247, 11.8387750970521, 11.277533750661853, 14.789459139857698, 5.750283930797808], [12.969247284475722, 5.0382057674542144, 5.126001383531231, 11.614273983577775, 7.331464393905415, 8.665894412910593, 7.5320321626532385, 13.877055808548022, 7.144645496958258, 9.856415682229368, 8.38995130169223, 12.18916789214052, 7.443710564709743, 13.445184707700243, 10.779482915039798, 12.721738281687124, 7.937386448654292, 13.428550118226479, 6.706717110543781, 12.54087187241166, 5.495732082625492, 8.452171290780992, 10.438123678934037, 6.785499929800757, 99999999.0, 11.93681555781053, 6.164298346541218, 14.75171103587866, 9.474926113652188, 14.072075583981986], [12.722270623319801, 12.417460117069044, 13.147856954554776, 9.187024862564405, 5.5121693884274965, 12.785904215736146, 13.966853593169043, 7.041720508409769, 5.411396928733304, 14.538948877259433, 13.41112564928775, 12.973723960899202, 14.020524080618692, 5.734361417394088, 6.9365171151980665, 5.380270733012496, 7.733091264042871, 9.09539781411533, 13.601606491991788, 10.526168313561298, 14.316844411980432, 6.99807807247287, 13.290761694431298, 11.215853325147247, 11.93681555781053, 99999999.0, 5.321087266298916, 11.039226566004118, 12.08827658710631, 14.808776433055332], [8.668425340168085, 6.23820112573001, 5.911300527882632, 9.251639014195039, 12.886923607798085, 12.77737642322407, 9.509823557013739, 6.876147205019264, 5.843760118461423, 13.460641465389799, 12.916880604042342, 13.81157855922272, 5.400623681693113, 8.638253060149417, 9.443154585740912, 12.80938125236123, 12.47948135102142, 5.353041040171082, 7.47331684571663, 11.196913451684756, 5.174875409242942, 8.187769778069633, 9.418340975461323, 11.8387750970521, 6.164298346541218, 5.321087266298916, 99999999.0, 10.72072223221645, 6.949046066959438, 5.165968928377921], [14.556995937646958, 12.563825498030877, 11.851970951989088, 9.505307120984519, 8.215208687673684, 6.638968482122878, 14.321538981370965, 7.277023770610592, 5.901851097177677, 14.561125018896403, 7.645144382907016, 12.651678464947906, 10.065232093322843, 7.767064855934712, 14.53386249481423, 8.325809505709074, 9.437809087351177, 12.997029227606273, 12.803184680227755, 6.33282241442847, 6.098833234202125, 10.002712065911984, 12.364437443132879, 11.277533750661853, 14.75171103587866, 11.039226566004118, 10.72072223221645, 99999999.0, 6.733950433750394, 14.601939847906502], [8.634448306413638, 5.747350294782651, 11.817293542140005, 10.210617820024137, 13.69509002863424, 14.698574950727316, 9.62195234350186, 8.012556981832379, 5.022556657336748, 6.045916992943022, 5.450562579696291, 5.950617667671843, 13.587059911211124, 12.44708972045377, 9.84812876309721, 5.871997925497803, 10.19840675934113, 12.306107455946197, 11.201628250098757, 7.686942584818128, 12.216286521672368, 9.258063728865231, 5.654977126810399, 14.789459139857698, 9.474926113652188, 12.08827658710631, 6.949046066959438, 6.733950433750394, 99999999.0, 8.020631488683787], [11.885546034832164, 12.523270287195318, 12.977080068804307, 6.6177459279983, 13.219539484108969, 13.289159444941522, 6.828630089455256, 10.76129484515991, 11.190054686446306, 6.9088285467558475, 9.535350326808487, 5.319221897721902, 11.852667177039319, 7.976290356057941, 12.396214798412922, 12.486479478978417, 5.32546457357217, 12.464618775514804, 6.416483321843519, 10.360467309194561, 11.197807627564806, 10.705773950220737, 13.72355710466454, 5.750283930797808, 14.072075583981986, 14.808776433055332, 5.165968928377921, 14.601939847906502, 8.020631488683787, 99999999.0]];
