M = 99999999.0;
numWorkers = 25;
numRoles = 6;
numNodes = 30;
wStart = [0, 58.1458552449753, 38.583936173894664, 4.1532375610918075, 30.476442759255328, 42.06492652136932, 40.07738716252447, 57.79407055667993, 50.4088560491766, 61.70696114700915, 29.972628181157894, 22.510790186420092, 17.149428800038272, 49.52832950782078, 2.2283633772222524, 20.207829963197813, 55.28400191201155, 5.646733421091759, 17.897497632084498, 40.37154428065127, 14.533170057599655, 60.32301200042806, 17.639484183062375, 35.65530471128881, 34.065786301896445, 25.206806339873346, 35.4813844531683, 33.66138356378246, 6.819637260485369, 0];
wEnd = [0, 87.3007381240852, 68.21870691913367, 40.77354812454899, 68.12060435034778, 74.3607422519932, 71.7292050455928, 89.38909757087946, 85.51201231381111, 89.27087845108198, 62.73180799845154, 49.17502202013874, 48.209974324842854, 76.79237796447839, 30.126543296699936, 53.44787521592586, 84.58640180882048, 36.670474079659286, 43.74243182484078, 68.87979780942716, 51.939016647037185, 85.5795488603555, 55.649957595778844, 63.88276210519281, 65.2817341797431, 60.716831199788615, 70.53941960487364, 59.10413629257735, 40.652508280912514, 90];
p = [0, 13.437726805157638, 16.870756086527702, 20.888710189332045, 18.700282168610727, 20.738376833552376, 17.33430431235101, 19.01919971122337, 18.986948298694568, 13.735630380631305, 10.40720885739576, 7.860442969551978, 8.555353623060329, 7.580571134698747, 12.813893721692699, 15.296790146230803, 14.603028617866986, 15.688437718047975, 11.098573910526028, 12.322500523319231, 17.38220508820095, 15.202222519967785, 20.59103336354421, 11.54410477941662, 11.667545778892926, 20.18366783209098, 14.288795028797443, 7.59129043287659, 10.559666152960506, 0];
e = [[0, 0, 1, 1, 0, 0], [1, 0, 0, 1, 0, 0], [1, 1, 0, 0, 0, 0], [1, 1, 0, 0, 0, 0], [0, 1, 0, 0, 0, 1], [0, 1, 0, 0, 0, 1], [0, 1, 0, 1, 0, 0], [0, 1, 0, 0, 1, 0], [1, 1, 0, 0, 0, 0], [0, 1, 1, 0, 0, 0], [1, 1, 0, 0, 0, 0], [1, 0, 0, 0, 0, 1], [1, 1, 0, 0, 0, 0], [1, 0, 0, 1, 0, 0], [0, 1, 0, 0, 1, 0], [0, 1, 0, 0, 0, 0], [0, 1, 0, 0, 0, 1], [0, 1, 0, 1, 0, 0], [1, 1, 0, 0, 0, 0], [1, 1, 0, 0, 0, 0], [0, 1, 0, 0, 1, 0], [0, 1, 0, 0, 0, 0], [0, 1, 0, 0, 0, 1], [0, 1, 0, 0, 0, 0], [0, 0, 0, 1, 0, 0]];
d = [[3, 2, 0, 2, 1, 1, 1, 1, 1, 2, 1, 1, 0, 1, 1, 0, 0, 1, 0, 1, 2, 0, 0, 0, 2, 2, 1, 0], [1, 1, 1, 1, 0, 1, 0, 1, 0, 1, 0, 1, 1, 0, 1, 3, 2, 2, 2, 0, 4, 0, 0, 2, 2, 0, 0, 1], [0, 1, 1, 2, 1, 2, 2, 1, 0, 0, 0, 1, 1, 0, 1, 0, 1, 0, 0, 0, 1, 2, 1, 0, 0, 1, 1, 1], [0, 0, 1, 2, 1, 0, 3, 2, 1, 2, 2, 0, 0, 0, 0, 1, 2, 0, 2, 0, 1, 1, 2, 1, 2, 0, 3, 0], [1, 1, 3, 1, 0, 0, 0, 0, 1, 1, 0, 1, 0, 0, 2, 1, 0, 2, 1, 2, 0, 1, 0, 0, 1, 0, 1, 2], [1, 3, 0, 0, 1, 0, 0, 2, 0, 2, 1, 1, 1, 2, 0, 2, 1, 3, 2, 1, 0, 0, 1, 0, 0, 1, 1, 2]];
r = [177.7378335574835, 180.7899668112853, 50.32829222398901, 62.65459656721664, 52.61896615235075, 156.57522701751373, 57.348223133397056, 88.1385367908251, 153.35183867762885, 91.26496245989892, 108.01663126940602, 120.5629460847838, 145.90015723506636, 61.53735059471858, 67.29258484016712, 177.10428901347268, 105.8146122314873, 151.7053307304601, 162.13172486288767, 124.54540118833707, 130.33885572102582, 186.94829624301175, 74.12059431095705, 139.343672991909, 55.10925230220254, 168.9425434836786, 157.80968552959618, 101.51320103561433];
b = [[[0.0, 0.0, 0.0, 0.0, 0.0, 0.0, 0.0, 0.0, 0.0, 0.0, 0.0, 0.0, 0.0, 0.0, 0.0, 0.0, 0.0, 0.0, 0.0, 0.0, 0.0, 0.0, 0.0, 0.0, 0.0, 0.0, 0.0, 0.0], [0.0, 0.0, 0.0, 0.0, 0.0, 0.0, 0.0, 0.0, 0.0, 0.0, 0.0, 0.0, 0.0, 0.0, 0.0, 0.0, 0.0, 0.0, 0.0, 0.0, 0.0, 0.0, 0.0, 0.0, 0.0, 0.0, 0.0, 0.0], [0.0, 0.0, 0.0, 0.0, 0.0, 0.0, 0.0, 0.0, 0.0, 0.0, 0.0, 0.0, 0.0, 0.0, 0.0, 0.0, 0.0, 0.0, 0.0, 0.0, 0.0, 0.0, 0.0, 0.0, 0.0, 0.0, 0.0, 0.0], [0.0, 0.0, 0.0, 0.0, 0.0, 0.0, 0.0, 0.0, 0.0, 0.0, 0.0, 0.0, 0.0, 0.0, 0.0, 0.0, 0.0, 0.0, 0.0, 0.0, 0.0, 0.0, 0.0, 0.0, 0.0, 0.0, 0.0, 0.0], [0.0, 0.0, 0.0, 0.0, 0.0, 0.0, 0.0, 0.0, 0.0, 0.0, 0.0, 0.0, 0.0, 0.0, 0.0, 0.0, 0.0, 0.0, 0.0, 0.0, 0.0, 0.0, 0.0, 0.0, 0.0, 0.0, 0.0, 0.0], [0.0, 0.0, 0.0, 0.0, 0.0, 0.0, 0.0, 0.0, 0.0, 0.0, 0.0, 0.0, 0.0, 0.0, 0.0, 0.0, 0.0, 0.0, 0.0, 0.0, 0.0, 0.0, 0.0, 0.0, 0.0, 0.0, 0.0, 0.0]], [[0.0, 0.0, 0.0, 0.0, 0.0, 0.0, 0.0, 0.0, 0.0, 0.0, 0.0, 0.0, 0.0, 0.0, 0.0, 0.0, 0.0, 0.0, 0.0, 0.0, 0.0, 0.0, 0.0, 0.0, 0.0, 0.0, 0.0, 0.0], [0.0, 0.0, 0.0, 0.0, 0.0, 0.0, 0.0, 0.0, 0.0, 0.0, 0.0, 0.0, 0.0, 0.0, 0.0, 0.0, 0.0, 0.0, 0.0, 0.0, 0.0, 0.0, 0.0, 0.0, 0.0, 0.0, 0.0, 0.0], [0.0, 0.0, 0.0, 0.0, 0.0, 0.0, 0.0, 0.0, 0.0, 0.0, 0.0, 0.0, 0.0, 0.0, 0.0, 0.0, 0.0, 0.0, 0.0, 0.0, 0.0, 0.0, 0.0, 0.0, 0.0, 0.0, 0.0, 0.0], [0.0, 0.0, 0.0, 0.0, 0.0, 0.0, 0.0, 0.0, 0.0, 0.0, 0.0, 0.0, 0.0, 0.0, 0.0, 0.0, 0.0, 0.0, 0.0, 0.0, 0.0, 0.0, 0.0, 0.0, 0.0, 0.0, 0.0, 0.0], [0.0, 0.0, 0.0, 0.0, 0.0, 0.0, 0.0, 0.0, 0.0, 0.0, 0.0, 0.0, 0.0, 0.0, 0.0, 0.0, 0.0, 0.0, 0.0, 0.0, 0.0, 0.0, 0.0, 0.0, 0.0, 0.0, 0.0, 0.0], [0.0, 0.0, 0.0, 0.0, 0.0, 0.0, 0.0, 0.0, 0.0, 0.0, 0.0, 0.0, 0.0, 0.0, 0.0, 0.0, 0.0, 0.0, 0.0, 0.0, 0.0, 0.0, 0.0, 0.0, 0.0, 0.0, 0.0, 0.0]], [[0.0, 0.0, 0.0, 0.0, 0.0, 0.0, 0.0, 0.0, 0.0, 0.0, 0.0, 0.0, 0.0, 0.0, 0.0, 0.0, 0.0, 0.0, 0.0, 0.0, 0.0, 0.0, 0.0, 0.0, 0.0, 0.0, 0.0, 0.0], [0.0, 0.0, 0.0, 0.0, 0.0, 0.0, 0.0, 0.0, 0.0, 0.0, 0.0, 0.0, 0.0, 0.0, 0.0, 0.0, 0.0, 0.0, 0.0, 0.0, 0.0, 0.0, 0.0, 0.0, 0.0, 0.0, 0.0, 0.0], [0.0, 0.0, 0.0, 0.0, 0.0, 0.0, 0.0, 0.0, 0.0, 0.0, 0.0, 0.0, 0.0, 0.0, 0.0, 0.0, 0.0, 0.0, 0.0, 0.0, 0.0, 0.0, 0.0, 0.0, 0.0, 0.0, 0.0, 0.0], [0.0, 0.0, 0.0, 0.0, 0.0, 0.0, 0.0, 0.0, 0.0, 0.0, 0.0, 0.0, 0.0, 0.0, 0.0, 0.0, 0.0, 0.0, 0.0, 0.0, 0.0, 0.0, 0.0, 0.0, 0.0, 0.0, 0.0, 0.0], [0.0, 0.0, 0.0, 0.0, 0.0, 0.0, 0.0, 0.0, 0.0, 0.0, 0.0, 0.0, 0.0, 0.0, 0.0, 0.0, 0.0, 0.0, 0.0, 0.0, 0.0, 0.0, 0.0, 0.0, 0.0, 0.0, 0.0, 0.0], [0.0, 0.0, 0.0, 0.0, 0.0, 0.0, 0.0, 0.0, 0.0, 0.0, 0.0, 0.0, 0.0, 0.0, 0.0, 0.0, 0.0, 0.0, 0.0, 0.0, 0.0, 0.0, 0.0, 0.0, 0.0, 0.0, 0.0, 0.0]], [[0.0, 0.0, 0.0, 0.0, 0.0, 0.0, 0.0, 0.0, 0.0, 0.0, 0.0, 0.0, 0.0, 0.0, 0.0, 0.0, 0.0, 0.0, 0.0, 0.0, 0.0, 0.0, 0.0, 0.0, 0.0, 0.0, 0.0, 0.0], [0.0, 0.0, 0.0, 0.0, 0.0, 0.0, 0.0, 0.0, 0.0, 0.0, 0.0, 0.0, 0.0, 0.0, 0.0, 0.0, 0.0, 0.0, 0.0, 0.0, 0.0, 0.0, 0.0, 0.0, 0.0, 0.0, 0.0, 0.0], [0.0, 0.0, 0.0, 0.0, 0.0, 0.0, 0.0, 0.0, 0.0, 0.0, 0.0, 0.0, 0.0, 0.0, 0.0, 0.0, 0.0, 0.0, 0.0, 0.0, 0.0, 0.0, 0.0, 0.0, 0.0, 0.0, 0.0, 0.0], [0.0, 0.0, 0.0, 0.0, 0.0, 0.0, 0.0, 0.0, 0.0, 0.0, 0.0, 0.0, 0.0, 0.0, 0.0, 0.0, 0.0, 0.0, 0.0, 0.0, 0.0, 0.0, 0.0, 0.0, 0.0, 0.0, 0.0, 0.0], [0.0, 0.0, 0.0, 0.0, 0.0, 0.0, 0.0, 0.0, 0.0, 0.0, 0.0, 0.0, 0.0, 0.0, 0.0, 0.0, 0.0, 0.0, 0.0, 0.0, 0.0, 0.0, 0.0, 0.0, 0.0, 0.0, 0.0, 0.0], [0.0, 0.0, 0.0, 0.0, 0.0, 0.0, 0.0, 0.0, 0.0, 0.0, 0.0, 0.0, 0.0, 0.0, 0.0, 0.0, 0.0, 0.0, 0.0, 0.0, 0.0, 0.0, 0.0, 0.0, 0.0, 0.0, 0.0, 0.0]], [[0.0, 0.0, 0.0, 0.0, 0.0, 0.0, 0.0, 0.0, 0.0, 0.0, 0.0, 0.0, 0.0, 0.0, 0.0, 0.0, 0.0, 0.0, 0.0, 0.0, 0.0, 0.0, 0.0, 0.0, 0.0, 0.0, 0.0, 0.0], [0.0, 0.0, 0.0, 0.0, 0.0, 0.0, 0.0, 0.0, 0.0, 0.0, 0.0, 0.0, 0.0, 0.0, 0.0, 0.0, 0.0, 0.0, 0.0, 0.0, 0.0, 0.0, 0.0, 0.0, 0.0, 0.0, 0.0, 0.0], [0.0, 0.0, 0.0, 0.0, 0.0, 0.0, 0.0, 0.0, 0.0, 0.0, 0.0, 0.0, 0.0, 0.0, 0.0, 0.0, 0.0, 0.0, 0.0, 0.0, 0.0, 0.0, 0.0, 0.0, 0.0, 0.0, 0.0, 0.0], [0.0, 0.0, 0.0, 0.0, 0.0, 0.0, 0.0, 0.0, 0.0, 0.0, 0.0, 0.0, 0.0, 0.0, 0.0, 0.0, 0.0, 0.0, 0.0, 0.0, 0.0, 0.0, 0.0, 0.0, 0.0, 0.0, 0.0, 0.0], [0.0, 0.0, 0.0, 0.0, 0.0, 0.0, 0.0, 0.0, 0.0, 0.0, 0.0, 0.0, 0.0, 0.0, 0.0, 0.0, 0.0, 0.0, 0.0, 0.0, 0.0, 0.0, 0.0, 0.0, 0.0, 0.0, 0.0, 0.0], [0.0, 0.0, 0.0, 0.0, 0.0, 0.0, 0.0, 0.0, 0.0, 0.0, 0.0, 0.0, 0.0, 0.0, 0.0, 0.0, 0.0, 0.0, 0.0, 0.0, 0.0, 0.0, 0.0, 0.0, 0.0, 0.0, 0.0, 0.0]], [[0.0, 0.0, 0.0, 0.0, 0.0, 0.0, 0.0, 0.0, 0.0, 0.0, 0.0, 0.0, 0.0, 0.0, 0.0, 0.0, 0.0, 0.0, 0.0, 0.0, 0.0, 0.0, 0.0, 0.0, 0.0, 0.0, 0.0, 0.0], [0.0, 0.0, 0.0, 0.0, 0.0, 0.0, 0.0, 0.0, 0.0, 0.0, 0.0, 0.0, 0.0, 0.0, 0.0, 0.0, 0.0, 0.0, 0.0, 0.0, 0.0, 0.0, 0.0, 0.0, 0.0, 0.0, 0.0, 0.0], [0.0, 0.0, 0.0, 0.0, 0.0, 0.0, 0.0, 0.0, 0.0, 0.0, 0.0, 0.0, 0.0, 0.0, 0.0, 0.0, 0.0, 0.0, 0.0, 0.0, 0.0, 0.0, 0.0, 0.0, 0.0, 0.0, 0.0, 0.0], [0.0, 0.0, 0.0, 0.0, 0.0, 0.0, 0.0, 0.0, 0.0, 0.0, 0.0, 0.0, 0.0, 0.0, 0.0, 0.0, 0.0, 0.0, 0.0, 0.0, 0.0, 0.0, 0.0, 0.0, 0.0, 0.0, 0.0, 0.0], [0.0, 0.0, 0.0, 0.0, 0.0, 0.0, 0.0, 0.0, 0.0, 0.0, 0.0, 0.0, 0.0, 0.0, 0.0, 0.0, 0.0, 0.0, 0.0, 0.0, 0.0, 0.0, 0.0, 0.0, 0.0, 0.0, 0.0, 0.0], [0.0, 0.0, 0.0, 0.0, 0.0, 0.0, 0.0, 0.0, 0.0, 0.0, 0.0, 0.0, 0.0, 0.0, 0.0, 0.0, 0.0, 0.0, 0.0, 0.0, 0.0, 0.0, 0.0, 0.0, 0.0, 0.0, 0.0, 0.0]], [[0.0, 0.0, 0.0, 0.0, 0.0, 0.0, 0.0, 0.0, 0.0, 0.0, 0.0, 0.0, 0.0, 0.0, 0.0, 0.0, 0.0, 0.0, 0.0, 0.0, 0.0, 0.0, 0.0, 0.0, 0.0, 0.0, 0.0, 0.0], [0.0, 0.0, 0.0, 0.0, 0.0, 0.0, 0.0, 0.0, 0.0, 0.0, 0.0, 0.0, 0.0, 0.0, 0.0, 0.0, 0.0, 0.0, 0.0, 0.0, 0.0, 0.0, 0.0, 0.0, 0.0, 0.0, 0.0, 0.0], [0.0, 0.0, 0.0, 0.0, 0.0, 0.0, 0.0, 0.0, 0.0, 0.0, 0.0, 0.0, 0.0, 0.0, 0.0, 0.0, 0.0, 0.0, 0.0, 0.0, 0.0, 0.0, 0.0, 0.0, 0.0, 0.0, 0.0, 0.0], [0.0, 0.0, 0.0, 0.0, 0.0, 0.0, 0.0, 0.0, 0.0, 0.0, 0.0, 0.0, 0.0, 0.0, 0.0, 0.0, 0.0, 0.0, 0.0, 0.0, 0.0, 0.0, 0.0, 0.0, 0.0, 0.0, 0.0, 0.0], [0.0, 0.0, 0.0, 0.0, 0.0, 0.0, 0.0, 0.0, 0.0, 0.0, 0.0, 0.0, 0.0, 0.0, 0.0, 0.0, 0.0, 0.0, 0.0, 0.0, 0.0, 0.0, 0.0, 0.0, 0.0, 0.0, 0.0, 0.0], [0.0, 0.0, 0.0, 0.0, 0.0, 0.0, 0.0, 0.0, 0.0, 0.0, 0.0, 0.0, 0.0, 0.0, 0.0, 0.0, 0.0, 0.0, 0.0, 0.0, 0.0, 0.0, 0.0, 0.0, 0.0, 0.0, 0.0, 0.0]], [[0.0, 0.0, 0.0, 0.0, 0.0, 0.0, 0.0, 0.0, 0.0, 0.0, 0.0, 0.0, 0.0, 0.0, 0.0, 0.0, 0.0, 0.0, 0.0, 0.0, 0.0, 0.0, 0.0, 0.0, 0.0, 0.0, 0.0, 0.0], [0.0, 0.0, 0.0, 0.0, 0.0, 0.0, 0.0, 0.0, 0.0, 0.0, 0.0, 0.0, 0.0, 0.0, 0.0, 0.0, 0.0, 0.0, 0.0, 0.0, 0.0, 0.0, 0.0, 0.0, 0.0, 0.0, 0.0, 0.0], [0.0, 0.0, 0.0, 0.0, 0.0, 0.0, 0.0, 0.0, 0.0, 0.0, 0.0, 0.0, 0.0, 0.0, 0.0, 0.0, 0.0, 0.0, 0.0, 0.0, 0.0, 0.0, 0.0, 0.0, 0.0, 0.0, 0.0, 0.0], [0.0, 0.0, 0.0, 0.0, 0.0, 0.0, 0.0, 0.0, 0.0, 0.0, 0.0, 0.0, 0.0, 0.0, 0.0, 0.0, 0.0, 0.0, 0.0, 0.0, 0.0, 0.0, 0.0, 0.0, 0.0, 0.0, 0.0, 0.0], [0.0, 0.0, 0.0, 0.0, 0.0, 0.0, 0.0, 0.0, 0.0, 0.0, 0.0, 0.0, 0.0, 0.0, 0.0, 0.0, 0.0, 0.0, 0.0, 0.0, 0.0, 0.0, 0.0, 0.0, 0.0, 0.0, 0.0, 0.0], [0.0, 0.0, 0.0, 0.0, 0.0, 0.0, 0.0, 0.0, 0.0, 0.0, 0.0, 0.0, 0.0, 0.0, 0.0, 0.0, 0.0, 0.0, 0.0, 0.0, 0.0, 0.0, 0.0, 0.0, 0.0, 0.0, 0.0, 0.0]], [[0.0, 0.0, 0.0, 0.0, 0.0, 0.0, 0.0, 0.0, 0.0, 0.0, 0.0, 0.0, 0.0, 0.0, 0.0, 0.0, 0.0, 0.0, 0.0, 0.0, 0.0, 0.0, 0.0, 0.0, 0.0, 0.0, 0.0, 0.0], [0.0, 0.0, 0.0, 0.0, 0.0, 0.0, 0.0, 0.0, 0.0, 0.0, 0.0, 0.0, 0.0, 0.0, 0.0, 0.0, 0.0, 0.0, 0.0, 0.0, 0.0, 0.0, 0.0, 0.0, 0.0, 0.0, 0.0, 0.0], [0.0, 0.0, 0.0, 0.0, 0.0, 0.0, 0.0, 0.0, 0.0, 0.0, 0.0, 0.0, 0.0, 0.0, 0.0, 0.0, 0.0, 0.0, 0.0, 0.0, 0.0, 0.0, 0.0, 0.0, 0.0, 0.0, 0.0, 0.0], [0.0, 0.0, 0.0, 0.0, 0.0, 0.0, 0.0, 0.0, 0.0, 0.0, 0.0, 0.0, 0.0, 0.0, 0.0, 0.0, 0.0, 0.0, 0.0, 0.0, 0.0, 0.0, 0.0, 0.0, 0.0, 0.0, 0.0, 0.0], [0.0, 0.0, 0.0, 0.0, 0.0, 0.0, 0.0, 0.0, 0.0, 0.0, 0.0, 0.0, 0.0, 0.0, 0.0, 0.0, 0.0, 0.0, 0.0, 0.0, 0.0, 0.0, 0.0, 0.0, 0.0, 0.0, 0.0, 0.0], [0.0, 0.0, 0.0, 0.0, 0.0, 0.0, 0.0, 0.0, 0.0, 0.0, 0.0, 0.0, 0.0, 0.0, 0.0, 0.0, 0.0, 0.0, 0.0, 0.0, 0.0, 0.0, 0.0, 0.0, 0.0, 0.0, 0.0, 0.0]], [[0.0, 0.0, 0.0, 0.0, 0.0, 0.0, 0.0, 0.0, 0.0, 0.0, 0.0, 0.0, 0.0, 0.0, 0.0, 0.0, 0.0, 0.0, 0.0, 0.0, 0.0, 0.0, 0.0, 0.0, 0.0, 0.0, 0.0, 0.0], [0.0, 0.0, 0.0, 0.0, 0.0, 0.0, 0.0, 0.0, 0.0, 0.0, 0.0, 0.0, 0.0, 0.0, 0.0, 0.0, 0.0, 0.0, 0.0, 0.0, 0.0, 0.0, 0.0, 0.0, 0.0, 0.0, 0.0, 0.0], [0.0, 0.0, 0.0, 0.0, 0.0, 0.0, 0.0, 0.0, 0.0, 0.0, 0.0, 0.0, 0.0, 0.0, 0.0, 0.0, 0.0, 0.0, 0.0, 0.0, 0.0, 0.0, 0.0, 0.0, 0.0, 0.0, 0.0, 0.0], [0.0, 0.0, 0.0, 0.0, 0.0, 0.0, 0.0, 0.0, 0.0, 0.0, 0.0, 0.0, 0.0, 0.0, 0.0, 0.0, 0.0, 0.0, 0.0, 0.0, 0.0, 0.0, 0.0, 0.0, 0.0, 0.0, 0.0, 0.0], [0.0, 0.0, 0.0, 0.0, 0.0, 0.0, 0.0, 0.0, 0.0, 0.0, 0.0, 0.0, 0.0, 0.0, 0.0, 0.0, 0.0, 0.0, 0.0, 0.0, 0.0, 0.0, 0.0, 0.0, 0.0, 0.0, 0.0, 0.0], [0.0, 0.0, 0.0, 0.0, 0.0, 0.0, 0.0, 0.0, 0.0, 0.0, 0.0, 0.0, 0.0, 0.0, 0.0, 0.0, 0.0, 0.0, 0.0, 0.0, 0.0, 0.0, 0.0, 0.0, 0.0, 0.0, 0.0, 0.0]], [[0.0, 0.0, 0.0, 0.0, 0.0, 0.0, 0.0, 0.0, 0.0, 0.0, 0.0, 0.0, 0.0, 0.0, 0.0, 0.0, 0.0, 0.0, 0.0, 0.0, 0.0, 0.0, 0.0, 0.0, 0.0, 0.0, 0.0, 0.0], [0.0, 0.0, 0.0, 0.0, 0.0, 0.0, 0.0, 0.0, 0.0, 0.0, 0.0, 0.0, 0.0, 0.0, 0.0, 0.0, 0.0, 0.0, 0.0, 0.0, 0.0, 0.0, 0.0, 0.0, 0.0, 0.0, 0.0, 0.0], [0.0, 0.0, 0.0, 0.0, 0.0, 0.0, 0.0, 0.0, 0.0, 0.0, 0.0, 0.0, 0.0, 0.0, 0.0, 0.0, 0.0, 0.0, 0.0, 0.0, 0.0, 0.0, 0.0, 0.0, 0.0, 0.0, 0.0, 0.0], [0.0, 0.0, 0.0, 0.0, 0.0, 0.0, 0.0, 0.0, 0.0, 0.0, 0.0, 0.0, 0.0, 0.0, 0.0, 0.0, 0.0, 0.0, 0.0, 0.0, 0.0, 0.0, 0.0, 0.0, 0.0, 0.0, 0.0, 0.0], [0.0, 0.0, 0.0, 0.0, 0.0, 0.0, 0.0, 0.0, 0.0, 0.0, 0.0, 0.0, 0.0, 0.0, 0.0, 0.0, 0.0, 0.0, 0.0, 0.0, 0.0, 0.0, 0.0, 0.0, 0.0, 0.0, 0.0, 0.0], [0.0, 0.0, 0.0, 0.0, 0.0, 0.0, 0.0, 0.0, 0.0, 0.0, 0.0, 0.0, 0.0, 0.0, 0.0, 0.0, 0.0, 0.0, 0.0, 0.0, 0.0, 0.0, 0.0, 0.0, 0.0, 0.0, 0.0, 0.0]], [[0.0, 0.0, 0.0, 0.0, 0.0, 0.0, 0.0, 0.0, 0.0, 0.0, 0.0, 0.0, 0.0, 0.0, 0.0, 0.0, 0.0, 0.0, 0.0, 0.0, 0.0, 0.0, 0.0, 0.0, 0.0, 0.0, 0.0, 0.0], [0.0, 0.0, 0.0, 0.0, 0.0, 0.0, 0.0, 0.0, 0.0, 0.0, 0.0, 0.0, 0.0, 0.0, 0.0, 0.0, 0.0, 0.0, 0.0, 0.0, 0.0, 0.0, 0.0, 0.0, 0.0, 0.0, 0.0, 0.0], [0.0, 0.0, 0.0, 0.0, 0.0, 0.0, 0.0, 0.0, 0.0, 0.0, 0.0, 0.0, 0.0, 0.0, 0.0, 0.0, 0.0, 0.0, 0.0, 0.0, 0.0, 0.0, 0.0, 0.0, 0.0, 0.0, 0.0, 0.0], [0.0, 0.0, 0.0, 0.0, 0.0, 0.0, 0.0, 0.0, 0.0, 0.0, 0.0, 0.0, 0.0, 0.0, 0.0, 0.0, 0.0, 0.0, 0.0, 0.0, 0.0, 0.0, 0.0, 0.0, 0.0, 0.0, 0.0, 0.0], [0.0, 0.0, 0.0, 0.0, 0.0, 0.0, 0.0, 0.0, 0.0, 0.0, 0.0, 0.0, 0.0, 0.0, 0.0, 0.0, 0.0, 0.0, 0.0, 0.0, 0.0, 0.0, 0.0, 0.0, 0.0, 0.0, 0.0, 0.0], [0.0, 0.0, 0.0, 0.0, 0.0, 0.0, 0.0, 0.0, 0.0, 0.0, 0.0, 0.0, 0.0, 0.0, 0.0, 0.0, 0.0, 0.0, 0.0, 0.0, 0.0, 0.0, 0.0, 0.0, 0.0, 0.0, 0.0, 0.0]], [[0.0, 0.0, 0.0, 0.0, 0.0, 0.0, 0.0, 0.0, 0.0, 0.0, 0.0, 0.0, 0.0, 0.0, 0.0, 0.0, 0.0, 0.0, 0.0, 0.0, 0.0, 0.0, 0.0, 0.0, 0.0, 0.0, 0.0, 0.0], [0.0, 0.0, 0.0, 0.0, 0.0, 0.0, 0.0, 0.0, 0.0, 0.0, 0.0, 0.0, 0.0, 0.0, 0.0, 0.0, 0.0, 0.0, 0.0, 0.0, 0.0, 0.0, 0.0, 0.0, 0.0, 0.0, 0.0, 0.0], [0.0, 0.0, 0.0, 0.0, 0.0, 0.0, 0.0, 0.0, 0.0, 0.0, 0.0, 0.0, 0.0, 0.0, 0.0, 0.0, 0.0, 0.0, 0.0, 0.0, 0.0, 0.0, 0.0, 0.0, 0.0, 0.0, 0.0, 0.0], [0.0, 0.0, 0.0, 0.0, 0.0, 0.0, 0.0, 0.0, 0.0, 0.0, 0.0, 0.0, 0.0, 0.0, 0.0, 0.0, 0.0, 0.0, 0.0, 0.0, 0.0, 0.0, 0.0, 0.0, 0.0, 0.0, 0.0, 0.0], [0.0, 0.0, 0.0, 0.0, 0.0, 0.0, 0.0, 0.0, 0.0, 0.0, 0.0, 0.0, 0.0, 0.0, 0.0, 0.0, 0.0, 0.0, 0.0, 0.0, 0.0, 0.0, 0.0, 0.0, 0.0, 0.0, 0.0, 0.0], [0.0, 0.0, 0.0, 0.0, 0.0, 0.0, 0.0, 0.0, 0.0, 0.0, 0.0, 0.0, 0.0, 0.0, 0.0, 0.0, 0.0, 0.0, 0.0, 0.0, 0.0, 0.0, 0.0, 0.0, 0.0, 0.0, 0.0, 0.0]], [[0.0, 0.0, 0.0, 0.0, 0.0, 0.0, 0.0, 0.0, 0.0, 0.0, 0.0, 0.0, 0.0, 0.0, 0.0, 0.0, 0.0, 0.0, 0.0, 0.0, 0.0, 0.0, 0.0, 0.0, 0.0, 0.0, 0.0, 0.0], [0.0, 0.0, 0.0, 0.0, 0.0, 0.0, 0.0, 0.0, 0.0, 0.0, 0.0, 0.0, 0.0, 0.0, 0.0, 0.0, 0.0, 0.0, 0.0, 0.0, 0.0, 0.0, 0.0, 0.0, 0.0, 0.0, 0.0, 0.0], [0.0, 0.0, 0.0, 0.0, 0.0, 0.0, 0.0, 0.0, 0.0, 0.0, 0.0, 0.0, 0.0, 0.0, 0.0, 0.0, 0.0, 0.0, 0.0, 0.0, 0.0, 0.0, 0.0, 0.0, 0.0, 0.0, 0.0, 0.0], [0.0, 0.0, 0.0, 0.0, 0.0, 0.0, 0.0, 0.0, 0.0, 0.0, 0.0, 0.0, 0.0, 0.0, 0.0, 0.0, 0.0, 0.0, 0.0, 0.0, 0.0, 0.0, 0.0, 0.0, 0.0, 0.0, 0.0, 0.0], [0.0, 0.0, 0.0, 0.0, 0.0, 0.0, 0.0, 0.0, 0.0, 0.0, 0.0, 0.0, 0.0, 0.0, 0.0, 0.0, 0.0, 0.0, 0.0, 0.0, 0.0, 0.0, 0.0, 0.0, 0.0, 0.0, 0.0, 0.0], [0.0, 0.0, 0.0, 0.0, 0.0, 0.0, 0.0, 0.0, 0.0, 0.0, 0.0, 0.0, 0.0, 0.0, 0.0, 0.0, 0.0, 0.0, 0.0, 0.0, 0.0, 0.0, 0.0, 0.0, 0.0, 0.0, 0.0, 0.0]], [[0.0, 0.0, 0.0, 0.0, 0.0, 0.0, 0.0, 0.0, 0.0, 0.0, 0.0, 0.0, 0.0, 0.0, 0.0, 0.0, 0.0, 0.0, 0.0, 0.0, 0.0, 0.0, 0.0, 0.0, 0.0, 0.0, 0.0, 0.0], [0.0, 0.0, 0.0, 0.0, 0.0, 0.0, 0.0, 0.0, 0.0, 0.0, 0.0, 0.0, 0.0, 0.0, 0.0, 0.0, 0.0, 0.0, 0.0, 0.0, 0.0, 0.0, 0.0, 0.0, 0.0, 0.0, 0.0, 0.0], [0.0, 0.0, 0.0, 0.0, 0.0, 0.0, 0.0, 0.0, 0.0, 0.0, 0.0, 0.0, 0.0, 0.0, 0.0, 0.0, 0.0, 0.0, 0.0, 0.0, 0.0, 0.0, 0.0, 0.0, 0.0, 0.0, 0.0, 0.0], [0.0, 0.0, 0.0, 0.0, 0.0, 0.0, 0.0, 0.0, 0.0, 0.0, 0.0, 0.0, 0.0, 0.0, 0.0, 0.0, 0.0, 0.0, 0.0, 0.0, 0.0, 0.0, 0.0, 0.0, 0.0, 0.0, 0.0, 0.0], [0.0, 0.0, 0.0, 0.0, 0.0, 0.0, 0.0, 0.0, 0.0, 0.0, 0.0, 0.0, 0.0, 0.0, 0.0, 0.0, 0.0, 0.0, 0.0, 0.0, 0.0, 0.0, 0.0, 0.0, 0.0, 0.0, 0.0, 0.0], [0.0, 0.0, 0.0, 0.0, 0.0, 0.0, 0.0, 0.0, 0.0, 0.0, 0.0, 0.0, 0.0, 0.0, 0.0, 0.0, 0.0, 0.0, 0.0, 0.0, 0.0, 0.0, 0.0, 0.0, 0.0, 0.0, 0.0, 0.0]], [[0.0, 0.0, 0.0, 0.0, 0.0, 0.0, 0.0, 0.0, 0.0, 0.0, 0.0, 0.0, 0.0, 0.0, 0.0, 0.0, 0.0, 0.0, 0.0, 0.0, 0.0, 0.0, 0.0, 0.0, 0.0, 0.0, 0.0, 0.0], [0.0, 0.0, 0.0, 0.0, 0.0, 0.0, 0.0, 0.0, 0.0, 0.0, 0.0, 0.0, 0.0, 0.0, 0.0, 0.0, 0.0, 0.0, 0.0, 0.0, 0.0, 0.0, 0.0, 0.0, 0.0, 0.0, 0.0, 0.0], [0.0, 0.0, 0.0, 0.0, 0.0, 0.0, 0.0, 0.0, 0.0, 0.0, 0.0, 0.0, 0.0, 0.0, 0.0, 0.0, 0.0, 0.0, 0.0, 0.0, 0.0, 0.0, 0.0, 0.0, 0.0, 0.0, 0.0, 0.0], [0.0, 0.0, 0.0, 0.0, 0.0, 0.0, 0.0, 0.0, 0.0, 0.0, 0.0, 0.0, 0.0, 0.0, 0.0, 0.0, 0.0, 0.0, 0.0, 0.0, 0.0, 0.0, 0.0, 0.0, 0.0, 0.0, 0.0, 0.0], [0.0, 0.0, 0.0, 0.0, 0.0, 0.0, 0.0, 0.0, 0.0, 0.0, 0.0, 0.0, 0.0, 0.0, 0.0, 0.0, 0.0, 0.0, 0.0, 0.0, 0.0, 0.0, 0.0, 0.0, 0.0, 0.0, 0.0, 0.0], [0.0, 0.0, 0.0, 0.0, 0.0, 0.0, 0.0, 0.0, 0.0, 0.0, 0.0, 0.0, 0.0, 0.0, 0.0, 0.0, 0.0, 0.0, 0.0, 0.0, 0.0, 0.0, 0.0, 0.0, 0.0, 0.0, 0.0, 0.0]], [[0.0, 0.0, 0.0, 0.0, 0.0, 0.0, 0.0, 0.0, 0.0, 0.0, 0.0, 0.0, 0.0, 0.0, 0.0, 0.0, 0.0, 0.0, 0.0, 0.0, 0.0, 0.0, 0.0, 0.0, 0.0, 0.0, 0.0, 0.0], [0.0, 0.0, 0.0, 0.0, 0.0, 0.0, 0.0, 0.0, 0.0, 0.0, 0.0, 0.0, 0.0, 0.0, 0.0, 0.0, 0.0, 0.0, 0.0, 0.0, 0.0, 0.0, 0.0, 0.0, 0.0, 0.0, 0.0, 0.0], [0.0, 0.0, 0.0, 0.0, 0.0, 0.0, 0.0, 0.0, 0.0, 0.0, 0.0, 0.0, 0.0, 0.0, 0.0, 0.0, 0.0, 0.0, 0.0, 0.0, 0.0, 0.0, 0.0, 0.0, 0.0, 0.0, 0.0, 0.0], [0.0, 0.0, 0.0, 0.0, 0.0, 0.0, 0.0, 0.0, 0.0, 0.0, 0.0, 0.0, 0.0, 0.0, 0.0, 0.0, 0.0, 0.0, 0.0, 0.0, 0.0, 0.0, 0.0, 0.0, 0.0, 0.0, 0.0, 0.0], [0.0, 0.0, 0.0, 0.0, 0.0, 0.0, 0.0, 0.0, 0.0, 0.0, 0.0, 0.0, 0.0, 0.0, 0.0, 0.0, 0.0, 0.0, 0.0, 0.0, 0.0, 0.0, 0.0, 0.0, 0.0, 0.0, 0.0, 0.0], [0.0, 0.0, 0.0, 0.0, 0.0, 0.0, 0.0, 0.0, 0.0, 0.0, 0.0, 0.0, 0.0, 0.0, 0.0, 0.0, 0.0, 0.0, 0.0, 0.0, 0.0, 0.0, 0.0, 0.0, 0.0, 0.0, 0.0, 0.0]], [[0.0, 0.0, 0.0, 0.0, 0.0, 0.0, 0.0, 0.0, 0.0, 0.0, 0.0, 0.0, 0.0, 0.0, 0.0, 0.0, 0.0, 0.0, 0.0, 0.0, 0.0, 0.0, 0.0, 0.0, 0.0, 0.0, 0.0, 0.0], [0.0, 0.0, 0.0, 0.0, 0.0, 0.0, 0.0, 0.0, 0.0, 0.0, 0.0, 0.0, 0.0, 0.0, 0.0, 0.0, 0.0, 0.0, 0.0, 0.0, 0.0, 0.0, 0.0, 0.0, 0.0, 0.0, 0.0, 0.0], [0.0, 0.0, 0.0, 0.0, 0.0, 0.0, 0.0, 0.0, 0.0, 0.0, 0.0, 0.0, 0.0, 0.0, 0.0, 0.0, 0.0, 0.0, 0.0, 0.0, 0.0, 0.0, 0.0, 0.0, 0.0, 0.0, 0.0, 0.0], [0.0, 0.0, 0.0, 0.0, 0.0, 0.0, 0.0, 0.0, 0.0, 0.0, 0.0, 0.0, 0.0, 0.0, 0.0, 0.0, 0.0, 0.0, 0.0, 0.0, 0.0, 0.0, 0.0, 0.0, 0.0, 0.0, 0.0, 0.0], [0.0, 0.0, 0.0, 0.0, 0.0, 0.0, 0.0, 0.0, 0.0, 0.0, 0.0, 0.0, 0.0, 0.0, 0.0, 0.0, 0.0, 0.0, 0.0, 0.0, 0.0, 0.0, 0.0, 0.0, 0.0, 0.0, 0.0, 0.0], [0.0, 0.0, 0.0, 0.0, 0.0, 0.0, 0.0, 0.0, 0.0, 0.0, 0.0, 0.0, 0.0, 0.0, 0.0, 0.0, 0.0, 0.0, 0.0, 0.0, 0.0, 0.0, 0.0, 0.0, 0.0, 0.0, 0.0, 0.0]], [[0.0, 0.0, 0.0, 0.0, 0.0, 0.0, 0.0, 0.0, 0.0, 0.0, 0.0, 0.0, 0.0, 0.0, 0.0, 0.0, 0.0, 0.0, 0.0, 0.0, 0.0, 0.0, 0.0, 0.0, 0.0, 0.0, 0.0, 0.0], [0.0, 0.0, 0.0, 0.0, 0.0, 0.0, 0.0, 0.0, 0.0, 0.0, 0.0, 0.0, 0.0, 0.0, 0.0, 0.0, 0.0, 0.0, 0.0, 0.0, 0.0, 0.0, 0.0, 0.0, 0.0, 0.0, 0.0, 0.0], [0.0, 0.0, 0.0, 0.0, 0.0, 0.0, 0.0, 0.0, 0.0, 0.0, 0.0, 0.0, 0.0, 0.0, 0.0, 0.0, 0.0, 0.0, 0.0, 0.0, 0.0, 0.0, 0.0, 0.0, 0.0, 0.0, 0.0, 0.0], [0.0, 0.0, 0.0, 0.0, 0.0, 0.0, 0.0, 0.0, 0.0, 0.0, 0.0, 0.0, 0.0, 0.0, 0.0, 0.0, 0.0, 0.0, 0.0, 0.0, 0.0, 0.0, 0.0, 0.0, 0.0, 0.0, 0.0, 0.0], [0.0, 0.0, 0.0, 0.0, 0.0, 0.0, 0.0, 0.0, 0.0, 0.0, 0.0, 0.0, 0.0, 0.0, 0.0, 0.0, 0.0, 0.0, 0.0, 0.0, 0.0, 0.0, 0.0, 0.0, 0.0, 0.0, 0.0, 0.0], [0.0, 0.0, 0.0, 0.0, 0.0, 0.0, 0.0, 0.0, 0.0, 0.0, 0.0, 0.0, 0.0, 0.0, 0.0, 0.0, 0.0, 0.0, 0.0, 0.0, 0.0, 0.0, 0.0, 0.0, 0.0, 0.0, 0.0, 0.0]], [[0.0, 0.0, 0.0, 0.0, 0.0, 0.0, 0.0, 0.0, 0.0, 0.0, 0.0, 0.0, 0.0, 0.0, 0.0, 0.0, 0.0, 0.0, 0.0, 0.0, 0.0, 0.0, 0.0, 0.0, 0.0, 0.0, 0.0, 0.0], [0.0, 0.0, 0.0, 0.0, 0.0, 0.0, 0.0, 0.0, 0.0, 0.0, 0.0, 0.0, 0.0, 0.0, 0.0, 0.0, 0.0, 0.0, 0.0, 0.0, 0.0, 0.0, 0.0, 0.0, 0.0, 0.0, 0.0, 0.0], [0.0, 0.0, 0.0, 0.0, 0.0, 0.0, 0.0, 0.0, 0.0, 0.0, 0.0, 0.0, 0.0, 0.0, 0.0, 0.0, 0.0, 0.0, 0.0, 0.0, 0.0, 0.0, 0.0, 0.0, 0.0, 0.0, 0.0, 0.0], [0.0, 0.0, 0.0, 0.0, 0.0, 0.0, 0.0, 0.0, 0.0, 0.0, 0.0, 0.0, 0.0, 0.0, 0.0, 0.0, 0.0, 0.0, 0.0, 0.0, 0.0, 0.0, 0.0, 0.0, 0.0, 0.0, 0.0, 0.0], [0.0, 0.0, 0.0, 0.0, 0.0, 0.0, 0.0, 0.0, 0.0, 0.0, 0.0, 0.0, 0.0, 0.0, 0.0, 0.0, 0.0, 0.0, 0.0, 0.0, 0.0, 0.0, 0.0, 0.0, 0.0, 0.0, 0.0, 0.0], [0.0, 0.0, 0.0, 0.0, 0.0, 0.0, 0.0, 0.0, 0.0, 0.0, 0.0, 0.0, 0.0, 0.0, 0.0, 0.0, 0.0, 0.0, 0.0, 0.0, 0.0, 0.0, 0.0, 0.0, 0.0, 0.0, 0.0, 0.0]], [[0.0, 0.0, 0.0, 0.0, 0.0, 0.0, 0.0, 0.0, 0.0, 0.0, 0.0, 0.0, 0.0, 0.0, 0.0, 0.0, 0.0, 0.0, 0.0, 0.0, 0.0, 0.0, 0.0, 0.0, 0.0, 0.0, 0.0, 0.0], [0.0, 0.0, 0.0, 0.0, 0.0, 0.0, 0.0, 0.0, 0.0, 0.0, 0.0, 0.0, 0.0, 0.0, 0.0, 0.0, 0.0, 0.0, 0.0, 0.0, 0.0, 0.0, 0.0, 0.0, 0.0, 0.0, 0.0, 0.0], [0.0, 0.0, 0.0, 0.0, 0.0, 0.0, 0.0, 0.0, 0.0, 0.0, 0.0, 0.0, 0.0, 0.0, 0.0, 0.0, 0.0, 0.0, 0.0, 0.0, 0.0, 0.0, 0.0, 0.0, 0.0, 0.0, 0.0, 0.0], [0.0, 0.0, 0.0, 0.0, 0.0, 0.0, 0.0, 0.0, 0.0, 0.0, 0.0, 0.0, 0.0, 0.0, 0.0, 0.0, 0.0, 0.0, 0.0, 0.0, 0.0, 0.0, 0.0, 0.0, 0.0, 0.0, 0.0, 0.0], [0.0, 0.0, 0.0, 0.0, 0.0, 0.0, 0.0, 0.0, 0.0, 0.0, 0.0, 0.0, 0.0, 0.0, 0.0, 0.0, 0.0, 0.0, 0.0, 0.0, 0.0, 0.0, 0.0, 0.0, 0.0, 0.0, 0.0, 0.0], [0.0, 0.0, 0.0, 0.0, 0.0, 0.0, 0.0, 0.0, 0.0, 0.0, 0.0, 0.0, 0.0, 0.0, 0.0, 0.0, 0.0, 0.0, 0.0, 0.0, 0.0, 0.0, 0.0, 0.0, 0.0, 0.0, 0.0, 0.0]], [[0.0, 0.0, 0.0, 0.0, 0.0, 0.0, 0.0, 0.0, 0.0, 0.0, 0.0, 0.0, 0.0, 0.0, 0.0, 0.0, 0.0, 0.0, 0.0, 0.0, 0.0, 0.0, 0.0, 0.0, 0.0, 0.0, 0.0, 0.0], [0.0, 0.0, 0.0, 0.0, 0.0, 0.0, 0.0, 0.0, 0.0, 0.0, 0.0, 0.0, 0.0, 0.0, 0.0, 0.0, 0.0, 0.0, 0.0, 0.0, 0.0, 0.0, 0.0, 0.0, 0.0, 0.0, 0.0, 0.0], [0.0, 0.0, 0.0, 0.0, 0.0, 0.0, 0.0, 0.0, 0.0, 0.0, 0.0, 0.0, 0.0, 0.0, 0.0, 0.0, 0.0, 0.0, 0.0, 0.0, 0.0, 0.0, 0.0, 0.0, 0.0, 0.0, 0.0, 0.0], [0.0, 0.0, 0.0, 0.0, 0.0, 0.0, 0.0, 0.0, 0.0, 0.0, 0.0, 0.0, 0.0, 0.0, 0.0, 0.0, 0.0, 0.0, 0.0, 0.0, 0.0, 0.0, 0.0, 0.0, 0.0, 0.0, 0.0, 0.0], [0.0, 0.0, 0.0, 0.0, 0.0, 0.0, 0.0, 0.0, 0.0, 0.0, 0.0, 0.0, 0.0, 0.0, 0.0, 0.0, 0.0, 0.0, 0.0, 0.0, 0.0, 0.0, 0.0, 0.0, 0.0, 0.0, 0.0, 0.0], [0.0, 0.0, 0.0, 0.0, 0.0, 0.0, 0.0, 0.0, 0.0, 0.0, 0.0, 0.0, 0.0, 0.0, 0.0, 0.0, 0.0, 0.0, 0.0, 0.0, 0.0, 0.0, 0.0, 0.0, 0.0, 0.0, 0.0, 0.0]], [[0.0, 0.0, 0.0, 0.0, 0.0, 0.0, 0.0, 0.0, 0.0, 0.0, 0.0, 0.0, 0.0, 0.0, 0.0, 0.0, 0.0, 0.0, 0.0, 0.0, 0.0, 0.0, 0.0, 0.0, 0.0, 0.0, 0.0, 0.0], [0.0, 0.0, 0.0, 0.0, 0.0, 0.0, 0.0, 0.0, 0.0, 0.0, 0.0, 0.0, 0.0, 0.0, 0.0, 0.0, 0.0, 0.0, 0.0, 0.0, 0.0, 0.0, 0.0, 0.0, 0.0, 0.0, 0.0, 0.0], [0.0, 0.0, 0.0, 0.0, 0.0, 0.0, 0.0, 0.0, 0.0, 0.0, 0.0, 0.0, 0.0, 0.0, 0.0, 0.0, 0.0, 0.0, 0.0, 0.0, 0.0, 0.0, 0.0, 0.0, 0.0, 0.0, 0.0, 0.0], [0.0, 0.0, 0.0, 0.0, 0.0, 0.0, 0.0, 0.0, 0.0, 0.0, 0.0, 0.0, 0.0, 0.0, 0.0, 0.0, 0.0, 0.0, 0.0, 0.0, 0.0, 0.0, 0.0, 0.0, 0.0, 0.0, 0.0, 0.0], [0.0, 0.0, 0.0, 0.0, 0.0, 0.0, 0.0, 0.0, 0.0, 0.0, 0.0, 0.0, 0.0, 0.0, 0.0, 0.0, 0.0, 0.0, 0.0, 0.0, 0.0, 0.0, 0.0, 0.0, 0.0, 0.0, 0.0, 0.0], [0.0, 0.0, 0.0, 0.0, 0.0, 0.0, 0.0, 0.0, 0.0, 0.0, 0.0, 0.0, 0.0, 0.0, 0.0, 0.0, 0.0, 0.0, 0.0, 0.0, 0.0, 0.0, 0.0, 0.0, 0.0, 0.0, 0.0, 0.0]], [[0.0, 0.0, 0.0, 0.0, 0.0, 0.0, 0.0, 0.0, 0.0, 0.0, 0.0, 0.0, 0.0, 0.0, 0.0, 0.0, 0.0, 0.0, 0.0, 0.0, 0.0, 0.0, 0.0, 0.0, 0.0, 0.0, 0.0, 0.0], [0.0, 0.0, 0.0, 0.0, 0.0, 0.0, 0.0, 0.0, 0.0, 0.0, 0.0, 0.0, 0.0, 0.0, 0.0, 0.0, 0.0, 0.0, 0.0, 0.0, 0.0, 0.0, 0.0, 0.0, 0.0, 0.0, 0.0, 0.0], [0.0, 0.0, 0.0, 0.0, 0.0, 0.0, 0.0, 0.0, 0.0, 0.0, 0.0, 0.0, 0.0, 0.0, 0.0, 0.0, 0.0, 0.0, 0.0, 0.0, 0.0, 0.0, 0.0, 0.0, 0.0, 0.0, 0.0, 0.0], [0.0, 0.0, 0.0, 0.0, 0.0, 0.0, 0.0, 0.0, 0.0, 0.0, 0.0, 0.0, 0.0, 0.0, 0.0, 0.0, 0.0, 0.0, 0.0, 0.0, 0.0, 0.0, 0.0, 0.0, 0.0, 0.0, 0.0, 0.0], [0.0, 0.0, 0.0, 0.0, 0.0, 0.0, 0.0, 0.0, 0.0, 0.0, 0.0, 0.0, 0.0, 0.0, 0.0, 0.0, 0.0, 0.0, 0.0, 0.0, 0.0, 0.0, 0.0, 0.0, 0.0, 0.0, 0.0, 0.0], [0.0, 0.0, 0.0, 0.0, 0.0, 0.0, 0.0, 0.0, 0.0, 0.0, 0.0, 0.0, 0.0, 0.0, 0.0, 0.0, 0.0, 0.0, 0.0, 0.0, 0.0, 0.0, 0.0, 0.0, 0.0, 0.0, 0.0, 0.0]], [[0.0, 0.0, 0.0, 0.0, 0.0, 0.0, 0.0, 0.0, 0.0, 0.0, 0.0, 0.0, 0.0, 0.0, 0.0, 0.0, 0.0, 0.0, 0.0, 0.0, 0.0, 0.0, 0.0, 0.0, 0.0, 0.0, 0.0, 0.0], [0.0, 0.0, 0.0, 0.0, 0.0, 0.0, 0.0, 0.0, 0.0, 0.0, 0.0, 0.0, 0.0, 0.0, 0.0, 0.0, 0.0, 0.0, 0.0, 0.0, 0.0, 0.0, 0.0, 0.0, 0.0, 0.0, 0.0, 0.0], [0.0, 0.0, 0.0, 0.0, 0.0, 0.0, 0.0, 0.0, 0.0, 0.0, 0.0, 0.0, 0.0, 0.0, 0.0, 0.0, 0.0, 0.0, 0.0, 0.0, 0.0, 0.0, 0.0, 0.0, 0.0, 0.0, 0.0, 0.0], [0.0, 0.0, 0.0, 0.0, 0.0, 0.0, 0.0, 0.0, 0.0, 0.0, 0.0, 0.0, 0.0, 0.0, 0.0, 0.0, 0.0, 0.0, 0.0, 0.0, 0.0, 0.0, 0.0, 0.0, 0.0, 0.0, 0.0, 0.0], [0.0, 0.0, 0.0, 0.0, 0.0, 0.0, 0.0, 0.0, 0.0, 0.0, 0.0, 0.0, 0.0, 0.0, 0.0, 0.0, 0.0, 0.0, 0.0, 0.0, 0.0, 0.0, 0.0, 0.0, 0.0, 0.0, 0.0, 0.0], [0.0, 0.0, 0.0, 0.0, 0.0, 0.0, 0.0, 0.0, 0.0, 0.0, 0.0, 0.0, 0.0, 0.0, 0.0, 0.0, 0.0, 0.0, 0.0, 0.0, 0.0, 0.0, 0.0, 0.0, 0.0, 0.0, 0.0, 0.0]]];
t = [[99999999.0, 6.50990914405533, 9.225149857523103, 7.364855714930628, 8.945311054414093, 6.111875324655722, 9.526136203485532, 14.216558096686766, 6.799211163010515, 8.943046641219865, 13.292208500953539, 13.948807461736301, 7.695684096840632, 5.969028751908819, 10.244856050159854, 10.626236666488971, 14.654698329043217, 10.344241343560979, 13.513744392434377, 8.703041347065742, 13.234839427487604, 12.762688741359492, 5.318604925899054, 12.965191390218838, 11.744997724874395, 12.942541367320759, 13.963516152690646, 11.90897064220158, 6.475893145311915, 9.165699997778177], [6.50990914405533, 99999999.0, 9.491248648556049, 10.1708337002275, 14.54909073843896, 7.4548337549086146, 13.787525947111748, 11.849508409703056, 13.126050162468122, 5.362512643278551, 6.795431948360066, 12.07671246456939, 14.890450000646197, 10.354493704176981, 14.284666715666956, 14.05598564901794, 8.300502704349935, 12.363485053580987, 5.444890536903346, 8.249300939170343, 5.461937775240621, 14.203051371328542, 11.679664889196598, 9.549981876919963, 11.784417201552527, 12.82579663311793, 8.590479598962474, 9.440478986630142, 14.076463026227295, 13.348190768371797], [9.225149857523103, 9.491248648556049, 99999999.0, 6.01170472628953, 12.044115825500405, 10.192853097254282, 12.226503616575735, 8.2173643278176, 13.894229979604344, 10.252659177947857, 5.3987348360509895, 12.593435586926343, 14.837120127393286, 10.822450036253453, 7.051079863424682, 9.620836468399192, 13.958210225677272, 9.834699921195527, 6.681664199201669, 10.72162631449639, 8.181488101258502, 7.025854492130136, 12.768598869292383, 12.011046749905931, 8.51457924448505, 14.337159080739326, 12.206302421976956, 13.264004190846252, 13.9991332909284, 13.927535290138342], [7.364855714930628, 10.1708337002275, 6.01170472628953, 99999999.0, 12.85387029981352, 13.32719284424116, 13.194196174980576, 11.269313140052542, 6.077907995619311, 12.57670315650304, 11.804334639346173, 7.751807834915143, 5.551872741415419, 8.989853231798328, 5.222188016161939, 7.594093547639483, 12.855853803032545, 7.490840979761849, 11.246503846340945, 7.708668555201985, 13.121405345763765, 10.424086785714497, 10.015617706111025, 7.741039733587968, 12.988154727441216, 10.45392676122683, 11.977124759051515, 5.40972980433876, 6.434049666018576, 9.216151136143537], [8.945311054414093, 14.54909073843896, 12.044115825500405, 12.85387029981352, 99999999.0, 8.515358704254119, 10.686083307728836, 13.54711814486074, 12.756926789790839, 10.869170939261547, 6.938132871181782, 8.378296312946397, 7.372238417307698, 5.984935051905829, 14.231512719140282, 5.808410142194724, 9.599743442385293, 5.810185916156644, 10.609867200668448, 13.221550938823999, 8.846292311655354, 8.716909785073717, 13.146787802967326, 6.6878227603049805, 6.237403150482926, 13.786633827142207, 7.862616190749239, 13.21723896648852, 9.42259771032947, 11.769068668743738], [6.111875324655722, 7.4548337549086146, 10.192853097254282, 13.32719284424116, 8.515358704254119, 99999999.0, 9.541124333582308, 12.040635494216247, 6.346425040081725, 12.257396599018811, 14.787346596609625, 6.517161768302968, 13.203377523083377, 14.679660449627107, 12.128457832855428, 9.991864653286198, 8.685076448221757, 5.695546357995318, 12.228668602939532, 9.073798918335445, 8.115784074620489, 6.913817852592393, 5.6866947799268575, 12.4540400063047, 12.029080164746222, 6.670395075100765, 6.741920563973297, 13.284728945738461, 10.1743384323788, 6.879849890460941], [9.526136203485532, 13.787525947111748, 12.226503616575735, 13.194196174980576, 10.686083307728836, 9.541124333582308, 99999999.0, 12.041413065422946, 6.232026673673997, 13.347620928849967, 8.86144877031592, 14.210346588986159, 7.532278289327801, 7.524305532590832, 6.85773113501945, 10.480241262610235, 12.075148116040545, 7.650392040143268, 8.660711652926746, 6.0602018170848515, 11.450847176124046, 7.555833996093026, 14.521308844999037, 12.351958902528365, 13.233467393560215, 5.522141125781289, 14.179269922634452, 13.513396985141503, 5.421398064567363, 7.16947889929108], [14.216558096686766, 11.849508409703056, 8.2173643278176, 11.269313140052542, 13.54711814486074, 12.040635494216247, 12.041413065422946, 99999999.0, 11.10584191352678, 5.664388547619978, 14.34655627622898, 12.68173835787338, 5.248422644569776, 5.192699912423854, 6.987679082712188, 8.211621804803382, 12.286697275120076, 10.061740880519054, 9.917839445243471, 10.7064873191882, 6.485146493802874, 7.183123480764585, 12.165108501423477, 12.894255089849143, 8.59034506502617, 7.776113056340686, 9.979279532159032, 7.680708906450281, 13.338421838952378, 7.704849121528658], [6.799211163010515, 13.126050162468122, 13.894229979604344, 6.077907995619311, 12.756926789790839, 6.346425040081725, 6.232026673673997, 11.10584191352678, 99999999.0, 9.234025648176374, 6.487500055568991, 7.323293110790922, 9.318994846317448, 5.9097679072667155, 5.267743318107168, 12.159572287157054, 9.096407304086668, 8.346884881478807, 9.798316456421947, 7.537562966006588, 11.209839639979768, 11.703052333647975, 12.697044966769738, 6.29084634919492, 10.008044652275366, 11.627380324929634, 5.024893430499333, 7.592617987228465, 13.64798961073424, 9.197892227361292], [8.943046641219865, 5.362512643278551, 10.252659177947857, 12.57670315650304, 10.869170939261547, 12.257396599018811, 13.347620928849967, 5.664388547619978, 9.234025648176374, 99999999.0, 11.821573790240823, 5.116646429925441, 5.109368665929944, 6.405043000978435, 7.580553658535925, 10.128227040942004, 13.572053727537021, 9.164905989936642, 10.05849140946934, 12.70989356413363, 14.714460868008533, 7.39292944492758, 7.363242058859565, 13.152542759070844, 6.726500622146618, 9.83888671262094, 11.283483128385884, 13.470505266634664, 11.391955368850608, 6.058114926905049], [13.292208500953539, 6.795431948360066, 5.3987348360509895, 11.804334639346173, 6.938132871181782, 14.787346596609625, 8.86144877031592, 14.34655627622898, 6.487500055568991, 11.821573790240823, 99999999.0, 9.827369058521413, 10.124194214563182, 14.880644356888421, 6.725431653288055, 9.341822092049092, 11.595812580042047, 5.705646801067501, 13.909775870758223, 6.989178421328478, 12.037436666873983, 10.950363821384087, 14.993450512339825, 5.559670290451687, 10.869525477722618, 9.272520931087477, 10.790077885178428, 9.07528353295303, 6.161173634571378, 13.716070528003884], [13.948807461736301, 12.07671246456939, 12.593435586926343, 7.751807834915143, 8.378296312946397, 6.517161768302968, 14.210346588986159, 12.68173835787338, 7.323293110790922, 5.116646429925441, 9.827369058521413, 99999999.0, 8.74015036707317, 14.557986846682034, 10.248506042878997, 9.665931446046278, 10.976047345795033, 14.959201225733512, 5.380745383321447, 6.993629780588696, 7.836647696676814, 10.185477002258722, 12.79207426683775, 5.288117711745361, 13.792139037456622, 10.62750121244647, 12.652804749870931, 9.379115526668672, 13.151656690452851, 13.859259936686009], [7.695684096840632, 14.890450000646197, 14.837120127393286, 5.551872741415419, 7.372238417307698, 13.203377523083377, 7.532278289327801, 5.248422644569776, 9.318994846317448, 5.109368665929944, 10.124194214563182, 8.74015036707317, 99999999.0, 10.388398970940795, 11.721354576131189, 14.92317842323882, 14.899657613246927, 11.077800813407531, 9.523535947477498, 12.025659553634542, 11.726765728506827, 9.321042915375216, 5.499485986603694, 5.85942348997857, 7.994058133144565, 10.18827954883736, 5.607995028113345, 7.426016081669486, 6.521923528793621, 7.891706997860046], [5.969028751908819, 10.354493704176981, 10.822450036253453, 8.989853231798328, 5.984935051905829, 14.679660449627107, 7.524305532590832, 5.192699912423854, 5.9097679072667155, 6.405043000978435, 14.880644356888421, 14.557986846682034, 10.388398970940795, 99999999.0, 14.593716638727308, 7.993580899013102, 13.491676552118303, 12.778071292408947, 6.21466894177504, 11.491279248654966, 11.358888434407579, 13.099200998806692, 11.379997161277718, 7.953501890926855, 7.7818011349606255, 11.318444682977669, 6.80966199013068, 14.757775222795896, 14.334201846998418, 14.90857834100941], [10.244856050159854, 14.284666715666956, 7.051079863424682, 5.222188016161939, 14.231512719140282, 12.128457832855428, 6.85773113501945, 6.987679082712188, 5.267743318107168, 7.580553658535925, 6.725431653288055, 10.248506042878997, 11.721354576131189, 14.593716638727308, 99999999.0, 10.847555921494966, 14.50135340310737, 5.957992177133011, 8.864147126954744, 11.701809620088357, 6.552267124422416, 14.352723507636581, 9.721127603881365, 14.108794282177259, 11.153339836128122, 14.372971257537932, 11.727056740503162, 11.83270659358228, 8.8616670453567, 9.061253559828398], [10.626236666488971, 14.05598564901794, 9.620836468399192, 7.594093547639483, 5.808410142194724, 9.991864653286198, 10.480241262610235, 8.211621804803382, 12.159572287157054, 10.128227040942004, 9.341822092049092, 9.665931446046278, 14.92317842323882, 7.993580899013102, 10.847555921494966, 99999999.0, 9.904318667647468, 5.111017672530203, 9.354724540206455, 8.456685019938469, 6.504877652376342, 11.658076068092388, 12.24465739741779, 9.574618184824878, 12.632466059624939, 10.88864220310883, 13.41749455832386, 6.883078686125983, 5.143462301993865, 6.271841923173021], [14.654698329043217, 8.300502704349935, 13.958210225677272, 12.855853803032545, 9.599743442385293, 8.685076448221757, 12.075148116040545, 12.286697275120076, 9.096407304086668, 13.572053727537021, 11.595812580042047, 10.976047345795033, 14.899657613246927, 13.491676552118303, 14.50135340310737, 9.904318667647468, 99999999.0, 14.521837682552098, 8.57246178432305, 13.549905356289969, 11.186752024571197, 10.554323839737242, 12.617416472144685, 8.272778366187511, 5.024027750238424, 12.017223407536319, 9.022357507104335, 9.862993228831694, 14.385855404551268, 8.337793427874047], [10.344241343560979, 12.363485053580987, 9.834699921195527, 7.490840979761849, 5.810185916156644, 5.695546357995318, 7.650392040143268, 10.061740880519054, 8.346884881478807, 9.164905989936642, 5.705646801067501, 14.959201225733512, 11.077800813407531, 12.778071292408947, 5.957992177133011, 5.111017672530203, 14.521837682552098, 99999999.0, 12.995072788594314, 10.743575378742847, 5.990596588299998, 12.260654590616427, 12.48357803222589, 13.614563886422662, 6.546088045974006, 9.134465266408602, 12.335290717736035, 8.199895496732879, 10.46076251933983, 5.77806532737571], [13.513744392434377, 5.444890536903346, 6.681664199201669, 11.246503846340945, 10.609867200668448, 12.228668602939532, 8.660711652926746, 9.917839445243471, 9.798316456421947, 10.05849140946934, 13.909775870758223, 5.380745383321447, 9.523535947477498, 6.21466894177504, 8.864147126954744, 9.354724540206455, 8.57246178432305, 12.995072788594314, 99999999.0, 13.27455113401429, 11.657717143389945, 12.518231545871762, 14.95752287338404, 5.524110979461048, 12.005759590420528, 12.502747511166369, 8.706551412694333, 9.960211169149408, 7.165650439310101, 6.278636200209171], [8.703041347065742, 8.249300939170343, 10.72162631449639, 7.708668555201985, 13.221550938823999, 9.073798918335445, 6.0602018170848515, 10.7064873191882, 7.537562966006588, 12.70989356413363, 6.989178421328478, 6.993629780588696, 12.025659553634542, 11.491279248654966, 11.701809620088357, 8.456685019938469, 13.549905356289969, 10.743575378742847, 13.27455113401429, 99999999.0, 12.526465073682802, 12.360561442909237, 14.224175870423895, 11.599828080783395, 10.992172689175604, 10.009734594591828, 10.657788101916806, 5.715939667012357, 10.735421971249636, 14.461418521396396], [13.234839427487604, 5.461937775240621, 8.181488101258502, 13.121405345763765, 8.846292311655354, 8.115784074620489, 11.450847176124046, 6.485146493802874, 11.209839639979768, 14.714460868008533, 12.037436666873983, 7.836647696676814, 11.726765728506827, 11.358888434407579, 6.552267124422416, 6.504877652376342, 11.186752024571197, 5.990596588299998, 11.657717143389945, 12.526465073682802, 99999999.0, 8.218294756158404, 10.517330042679793, 5.646090399989621, 6.289479695869565, 14.165270140989497, 14.9428850738286, 14.476246760672593, 12.655962003635874, 13.298963625910003], [12.762688741359492, 14.203051371328542, 7.025854492130136, 10.424086785714497, 8.716909785073717, 6.913817852592393, 7.555833996093026, 7.183123480764585, 11.703052333647975, 7.39292944492758, 10.950363821384087, 10.185477002258722, 9.321042915375216, 13.099200998806692, 14.352723507636581, 11.658076068092388, 10.554323839737242, 12.260654590616427, 12.518231545871762, 12.360561442909237, 8.218294756158404, 99999999.0, 5.408557838990745, 8.312620960822727, 12.677051530171033, 14.116526740178205, 12.737440775724375, 12.414036952281116, 9.192620625127322, 5.241831723081093], [5.318604925899054, 11.679664889196598, 12.768598869292383, 10.015617706111025, 13.146787802967326, 5.6866947799268575, 14.521308844999037, 12.165108501423477, 12.697044966769738, 7.363242058859565, 14.993450512339825, 12.79207426683775, 5.499485986603694, 11.379997161277718, 9.721127603881365, 12.24465739741779, 12.617416472144685, 12.48357803222589, 14.95752287338404, 14.224175870423895, 10.517330042679793, 5.408557838990745, 99999999.0, 6.219638304684942, 14.007289262066582, 7.18235289122311, 7.467138590567899, 12.315761591919259, 10.136107157786844, 12.80674261509516], [12.965191390218838, 9.549981876919963, 12.011046749905931, 7.741039733587968, 6.6878227603049805, 12.4540400063047, 12.351958902528365, 12.894255089849143, 6.29084634919492, 13.152542759070844, 5.559670290451687, 5.288117711745361, 5.85942348997857, 7.953501890926855, 14.108794282177259, 9.574618184824878, 8.272778366187511, 13.614563886422662, 5.524110979461048, 11.599828080783395, 5.646090399989621, 8.312620960822727, 6.219638304684942, 99999999.0, 7.450239339183534, 13.332411914615538, 12.760868348573599, 11.476151312512139, 6.208633209318762, 9.786374655893338], [11.744997724874395, 11.784417201552527, 8.51457924448505, 12.988154727441216, 6.237403150482926, 12.029080164746222, 13.233467393560215, 8.59034506502617, 10.008044652275366, 6.726500622146618, 10.869525477722618, 13.792139037456622, 7.994058133144565, 7.7818011349606255, 11.153339836128122, 12.632466059624939, 5.024027750238424, 6.546088045974006, 12.005759590420528, 10.992172689175604, 6.289479695869565, 12.677051530171033, 14.007289262066582, 7.450239339183534, 99999999.0, 13.145874120747775, 13.79658830810542, 5.733983259681904, 8.986171534416808, 9.181848700207471], [12.942541367320759, 12.82579663311793, 14.337159080739326, 10.45392676122683, 13.786633827142207, 6.670395075100765, 5.522141125781289, 7.776113056340686, 11.627380324929634, 9.83888671262094, 9.272520931087477, 10.62750121244647, 10.18827954883736, 11.318444682977669, 14.372971257537932, 10.88864220310883, 12.017223407536319, 9.134465266408602, 12.502747511166369, 10.009734594591828, 14.165270140989497, 14.116526740178205, 7.18235289122311, 13.332411914615538, 13.145874120747775, 99999999.0, 7.194055590677429, 10.65605563664711, 11.415686284532772, 12.99851425264758], [13.963516152690646, 8.590479598962474, 12.206302421976956, 11.977124759051515, 7.862616190749239, 6.741920563973297, 14.179269922634452, 9.979279532159032, 5.024893430499333, 11.283483128385884, 10.790077885178428, 12.652804749870931, 5.607995028113345, 6.80966199013068, 11.727056740503162, 13.41749455832386, 9.022357507104335, 12.335290717736035, 8.706551412694333, 10.657788101916806, 14.9428850738286, 12.737440775724375, 7.467138590567899, 12.760868348573599, 13.79658830810542, 7.194055590677429, 99999999.0, 9.305951351245822, 8.92945328499489, 5.893079024285219], [11.90897064220158, 9.440478986630142, 13.264004190846252, 5.40972980433876, 13.21723896648852, 13.284728945738461, 13.513396985141503, 7.680708906450281, 7.592617987228465, 13.470505266634664, 9.07528353295303, 9.379115526668672, 7.426016081669486, 14.757775222795896, 11.83270659358228, 6.883078686125983, 9.862993228831694, 8.199895496732879, 9.960211169149408, 5.715939667012357, 14.476246760672593, 12.414036952281116, 12.315761591919259, 11.476151312512139, 5.733983259681904, 10.65605563664711, 9.305951351245822, 99999999.0, 9.03970352713115, 13.03645322406199], [6.475893145311915, 14.076463026227295, 13.9991332909284, 6.434049666018576, 9.42259771032947, 10.1743384323788, 5.421398064567363, 13.338421838952378, 13.64798961073424, 11.391955368850608, 6.161173634571378, 13.151656690452851, 6.521923528793621, 14.334201846998418, 8.8616670453567, 5.143462301993865, 14.385855404551268, 10.46076251933983, 7.165650439310101, 10.735421971249636, 12.655962003635874, 9.192620625127322, 10.136107157786844, 6.208633209318762, 8.986171534416808, 11.415686284532772, 8.92945328499489, 9.03970352713115, 99999999.0, 13.450003789140192], [9.165699997778177, 13.348190768371797, 13.927535290138342, 9.216151136143537, 11.769068668743738, 6.879849890460941, 7.16947889929108, 7.704849121528658, 9.197892227361292, 6.058114926905049, 13.716070528003884, 13.859259936686009, 7.891706997860046, 14.90857834100941, 9.061253559828398, 6.271841923173021, 8.337793427874047, 5.77806532737571, 6.278636200209171, 14.461418521396396, 13.298963625910003, 5.241831723081093, 12.80674261509516, 9.786374655893338, 9.181848700207471, 12.99851425264758, 5.893079024285219, 13.03645322406199, 13.450003789140192, 99999999.0]];
