M = 99999999.0;
numWorkers = 25;
numRoles = 6;
numNodes = 30;
wStart = [0, 51.70323589504512, 31.044324694656265, 52.314284231625706, 27.671155438457763, 41.295416769380004, 50.18858577992573, 46.75264533949098, 6.665589110311339, 28.33238238975518, 4.279713969694669, 34.36694418240761, 38.313039292961804, 2.292750160257174, 37.85527656599012, 57.99625846227135, 51.46397956610492, 40.6240088208845, 9.72533131428033, 43.140545886863684, 6.028876654597238, 47.71427408344795, 49.77140610672539, 36.55388914101623, 32.87098397860293, 25.445977156395557, 30.289782747224695, 25.477929739458606, 37.17244557116354, 0];
wEnd = [0, 80.92773675545733, 67.27768103289996, 80.87598981228575, 59.08405521368887, 69.35693467771513, 75.29453562515921, 79.74115010698503, 33.413289676419375, 65.65932470534945, 42.250060383187645, 64.8119749774643, 72.21964049243644, 41.315495101835516, 73.07787587283917, 86.2914162784936, 78.309388306909, 71.5511790805496, 43.214831075961264, 76.03826060284052, 44.547030887920286, 86.95378496338039, 81.16386074752313, 67.23405008345682, 62.541934343057115, 61.05436631773213, 57.57235669043927, 60.477142846113225, 71.60781715264687, 90];
p = [0, 11.341904639661696, 15.131121306512936, 7.4238593039770135, 8.287369802886596, 11.468376383343005, 13.77153300268953, 21.42111585147393, 16.785270517208648, 13.798260457615772, 16.25234645822068, 10.364696848889029, 13.63781549498166, 13.916939425214702, 20.58968307386832, 12.511537307409856, 12.295330856580328, 9.490915510379185, 15.796080203672188, 10.692559480955563, 15.594408912025042, 15.093419741326704, 12.980788304324252, 14.875678571821343, 15.909114365746, 21.179344062698878, 8.186906787462036, 20.491640175650122, 13.711091296216713, 0];
e = [[0, 1, 0, 1, 0, 0], [1, 0, 0, 0, 1, 0], [0, 1, 0, 1, 0, 0], [0, 1, 0, 0, 0, 1], [1, 1, 0, 0, 0, 0], [1, 0, 0, 1, 0, 0], [1, 1, 0, 0, 0, 0], [0, 1, 0, 0, 0, 1], [0, 1, 0, 0, 0, 1], [0, 1, 0, 0, 1, 0], [1, 0, 0, 0, 1, 0], [1, 1, 0, 0, 0, 0], [0, 1, 0, 1, 0, 0], [0, 1, 0, 0, 0, 1], [1, 1, 0, 0, 0, 0], [0, 1, 0, 1, 0, 0], [0, 1, 0, 0, 0, 0], [0, 1, 1, 0, 0, 0], [0, 1, 0, 1, 0, 0], [0, 1, 1, 0, 0, 0], [1, 1, 0, 0, 0, 0], [0, 1, 0, 0, 0, 0], [1, 1, 0, 0, 0, 0], [0, 0, 0, 0, 0, 1], [1, 0, 0, 0, 0, 0]];
d = [[0, 3, 0, 1, 1, 0, 1, 1, 0, 1, 0, 0, 1, 1, 0, 0, 1, 1, 0, 1, 1, 0, 2, 0, 2, 2, 1, 1], [0, 1, 0, 1, 0, 3, 0, 1, 2, 1, 0, 1, 0, 1, 2, 0, 1, 0, 1, 0, 0, 3, 1, 2, 0, 0, 0, 0], [1, 1, 3, 1, 2, 1, 1, 0, 2, 0, 0, 0, 2, 0, 0, 0, 1, 1, 2, 1, 1, 1, 1, 0, 2, 0, 0, 2], [3, 0, 2, 0, 1, 1, 3, 1, 0, 1, 0, 1, 2, 1, 1, 1, 2, 4, 2, 0, 1, 2, 2, 2, 1, 0, 0, 2], [0, 1, 1, 1, 0, 1, 0, 0, 0, 2, 2, 0, 0, 1, 1, 1, 0, 0, 3, 0, 0, 1, 2, 0, 1, 1, 2, 1], [2, 2, 1, 2, 1, 0, 0, 2, 1, 1, 1, 1, 0, 2, 0, 1, 2, 2, 0, 1, 0, 0, 0, 0, 1, 1, 2, 0]];
r = [181.1772436272081, 51.001579169797154, 64.46210288866399, 173.8991070754757, 76.9731789249946, 60.29959400183408, 75.89531418609127, 111.5342036718221, 60.74809222395664, 156.42437565732553, 171.93843731933606, 108.39573161531764, 119.40755352402694, 86.04234930512104, 145.74139456309052, 100.30565766995016, 127.05104743697625, 83.93167510708543, 174.18052317626018, 157.16883631144924, 106.1176486770925, 77.61584880131677, 158.15080209604628, 55.48933384520291, 55.59238515615969, 70.82996501900894, 99.56999589804144, 75.582979010624];
b = [[[0.0, 0.0, 0.0, 0.0, 0.0, 0.0, 0.0, 0.0, 0.0, 0.0, 0.0, 0.0, 0.0, 0.0, 0.0, 0.0, 0.0, 0.0, 0.0, 0.0, 0.0, 0.0, 0.0, 0.0, 0.0, 0.0, 0.0, 0.0], [0.0, 0.0, 0.0, 0.0, 0.0, 0.0, 0.0, 0.0, 0.0, 0.0, 0.0, 0.0, 0.0, 0.0, 0.0, 0.0, 0.0, 0.0, 0.0, 0.0, 0.0, 0.0, 0.0, 0.0, 0.0, 0.0, 0.0, 0.0], [0.0, 0.0, 0.0, 0.0, 0.0, 0.0, 0.0, 0.0, 0.0, 0.0, 0.0, 0.0, 0.0, 0.0, 0.0, 0.0, 0.0, 0.0, 0.0, 0.0, 0.0, 0.0, 0.0, 0.0, 0.0, 0.0, 0.0, 0.0], [0.0, 0.0, 0.0, 0.0, 0.0, 0.0, 0.0, 0.0, 0.0, 0.0, 0.0, 0.0, 0.0, 0.0, 0.0, 0.0, 0.0, 0.0, 0.0, 0.0, 0.0, 0.0, 0.0, 0.0, 0.0, 0.0, 0.0, 0.0], [0.0, 0.0, 0.0, 0.0, 0.0, 0.0, 0.0, 0.0, 0.0, 0.0, 0.0, 0.0, 0.0, 0.0, 0.0, 0.0, 0.0, 0.0, 0.0, 0.0, 0.0, 0.0, 0.0, 0.0, 0.0, 0.0, 0.0, 0.0], [0.0, 0.0, 0.0, 0.0, 0.0, 0.0, 0.0, 0.0, 0.0, 0.0, 0.0, 0.0, 0.0, 0.0, 0.0, 0.0, 0.0, 0.0, 0.0, 0.0, 0.0, 0.0, 0.0, 0.0, 0.0, 0.0, 0.0, 0.0]], [[0.0, 0.0, 0.0, 0.0, 0.0, 0.0, 0.0, 0.0, 0.0, 0.0, 0.0, 0.0, 0.0, 0.0, 0.0, 0.0, 0.0, 0.0, 0.0, 0.0, 0.0, 0.0, 0.0, 0.0, 0.0, 0.0, 0.0, 0.0], [0.0, 0.0, 0.0, 0.0, 0.0, 0.0, 0.0, 0.0, 0.0, 0.0, 0.0, 0.0, 0.0, 0.0, 0.0, 0.0, 0.0, 0.0, 0.0, 0.0, 0.0, 0.0, 0.0, 0.0, 0.0, 0.0, 0.0, 0.0], [0.0, 0.0, 0.0, 0.0, 0.0, 0.0, 0.0, 0.0, 0.0, 0.0, 0.0, 0.0, 0.0, 0.0, 0.0, 0.0, 0.0, 0.0, 0.0, 0.0, 0.0, 0.0, 0.0, 0.0, 0.0, 0.0, 0.0, 0.0], [0.0, 0.0, 0.0, 0.0, 0.0, 0.0, 0.0, 0.0, 0.0, 0.0, 0.0, 0.0, 0.0, 0.0, 0.0, 0.0, 0.0, 0.0, 0.0, 0.0, 0.0, 0.0, 0.0, 0.0, 0.0, 0.0, 0.0, 0.0], [0.0, 0.0, 0.0, 0.0, 0.0, 0.0, 0.0, 0.0, 0.0, 0.0, 0.0, 0.0, 0.0, 0.0, 0.0, 0.0, 0.0, 0.0, 0.0, 0.0, 0.0, 0.0, 0.0, 0.0, 0.0, 0.0, 0.0, 0.0], [0.0, 0.0, 0.0, 0.0, 0.0, 0.0, 0.0, 0.0, 0.0, 0.0, 0.0, 0.0, 0.0, 0.0, 0.0, 0.0, 0.0, 0.0, 0.0, 0.0, 0.0, 0.0, 0.0, 0.0, 0.0, 0.0, 0.0, 0.0]], [[0.0, 0.0, 0.0, 0.0, 0.0, 0.0, 0.0, 0.0, 0.0, 0.0, 0.0, 0.0, 0.0, 0.0, 0.0, 0.0, 0.0, 0.0, 0.0, 0.0, 0.0, 0.0, 0.0, 0.0, 0.0, 0.0, 0.0, 0.0], [0.0, 0.0, 0.0, 0.0, 0.0, 0.0, 0.0, 0.0, 0.0, 0.0, 0.0, 0.0, 0.0, 0.0, 0.0, 0.0, 0.0, 0.0, 0.0, 0.0, 0.0, 0.0, 0.0, 0.0, 0.0, 0.0, 0.0, 0.0], [0.0, 0.0, 0.0, 0.0, 0.0, 0.0, 0.0, 0.0, 0.0, 0.0, 0.0, 0.0, 0.0, 0.0, 0.0, 0.0, 0.0, 0.0, 0.0, 0.0, 0.0, 0.0, 0.0, 0.0, 0.0, 0.0, 0.0, 0.0], [0.0, 0.0, 0.0, 0.0, 0.0, 0.0, 0.0, 0.0, 0.0, 0.0, 0.0, 0.0, 0.0, 0.0, 0.0, 0.0, 0.0, 0.0, 0.0, 0.0, 0.0, 0.0, 0.0, 0.0, 0.0, 0.0, 0.0, 0.0], [0.0, 0.0, 0.0, 0.0, 0.0, 0.0, 0.0, 0.0, 0.0, 0.0, 0.0, 0.0, 0.0, 0.0, 0.0, 0.0, 0.0, 0.0, 0.0, 0.0, 0.0, 0.0, 0.0, 0.0, 0.0, 0.0, 0.0, 0.0], [0.0, 0.0, 0.0, 0.0, 0.0, 0.0, 0.0, 0.0, 0.0, 0.0, 0.0, 0.0, 0.0, 0.0, 0.0, 0.0, 0.0, 0.0, 0.0, 0.0, 0.0, 0.0, 0.0, 0.0, 0.0, 0.0, 0.0, 0.0]], [[0.0, 0.0, 0.0, 0.0, 0.0, 0.0, 0.0, 0.0, 0.0, 0.0, 0.0, 0.0, 0.0, 0.0, 0.0, 0.0, 0.0, 0.0, 0.0, 0.0, 0.0, 0.0, 0.0, 0.0, 0.0, 0.0, 0.0, 0.0], [0.0, 0.0, 0.0, 0.0, 0.0, 0.0, 0.0, 0.0, 0.0, 0.0, 0.0, 0.0, 0.0, 0.0, 0.0, 0.0, 0.0, 0.0, 0.0, 0.0, 0.0, 0.0, 0.0, 0.0, 0.0, 0.0, 0.0, 0.0], [0.0, 0.0, 0.0, 0.0, 0.0, 0.0, 0.0, 0.0, 0.0, 0.0, 0.0, 0.0, 0.0, 0.0, 0.0, 0.0, 0.0, 0.0, 0.0, 0.0, 0.0, 0.0, 0.0, 0.0, 0.0, 0.0, 0.0, 0.0], [0.0, 0.0, 0.0, 0.0, 0.0, 0.0, 0.0, 0.0, 0.0, 0.0, 0.0, 0.0, 0.0, 0.0, 0.0, 0.0, 0.0, 0.0, 0.0, 0.0, 0.0, 0.0, 0.0, 0.0, 0.0, 0.0, 0.0, 0.0], [0.0, 0.0, 0.0, 0.0, 0.0, 0.0, 0.0, 0.0, 0.0, 0.0, 0.0, 0.0, 0.0, 0.0, 0.0, 0.0, 0.0, 0.0, 0.0, 0.0, 0.0, 0.0, 0.0, 0.0, 0.0, 0.0, 0.0, 0.0], [0.0, 0.0, 0.0, 0.0, 0.0, 0.0, 0.0, 0.0, 0.0, 0.0, 0.0, 0.0, 0.0, 0.0, 0.0, 0.0, 0.0, 0.0, 0.0, 0.0, 0.0, 0.0, 0.0, 0.0, 0.0, 0.0, 0.0, 0.0]], [[0.0, 0.0, 0.0, 0.0, 0.0, 0.0, 0.0, 0.0, 0.0, 0.0, 0.0, 0.0, 0.0, 0.0, 0.0, 0.0, 0.0, 0.0, 0.0, 0.0, 0.0, 0.0, 0.0, 0.0, 0.0, 0.0, 0.0, 0.0], [0.0, 0.0, 0.0, 0.0, 0.0, 0.0, 0.0, 0.0, 0.0, 0.0, 0.0, 0.0, 0.0, 0.0, 0.0, 0.0, 0.0, 0.0, 0.0, 0.0, 0.0, 0.0, 0.0, 0.0, 0.0, 0.0, 0.0, 0.0], [0.0, 0.0, 0.0, 0.0, 0.0, 0.0, 0.0, 0.0, 0.0, 0.0, 0.0, 0.0, 0.0, 0.0, 0.0, 0.0, 0.0, 0.0, 0.0, 0.0, 0.0, 0.0, 0.0, 0.0, 0.0, 0.0, 0.0, 0.0], [0.0, 0.0, 0.0, 0.0, 0.0, 0.0, 0.0, 0.0, 0.0, 0.0, 0.0, 0.0, 0.0, 0.0, 0.0, 0.0, 0.0, 0.0, 0.0, 0.0, 0.0, 0.0, 0.0, 0.0, 0.0, 0.0, 0.0, 0.0], [0.0, 0.0, 0.0, 0.0, 0.0, 0.0, 0.0, 0.0, 0.0, 0.0, 0.0, 0.0, 0.0, 0.0, 0.0, 0.0, 0.0, 0.0, 0.0, 0.0, 0.0, 0.0, 0.0, 0.0, 0.0, 0.0, 0.0, 0.0], [0.0, 0.0, 0.0, 0.0, 0.0, 0.0, 0.0, 0.0, 0.0, 0.0, 0.0, 0.0, 0.0, 0.0, 0.0, 0.0, 0.0, 0.0, 0.0, 0.0, 0.0, 0.0, 0.0, 0.0, 0.0, 0.0, 0.0, 0.0]], [[0.0, 0.0, 0.0, 0.0, 0.0, 0.0, 0.0, 0.0, 0.0, 0.0, 0.0, 0.0, 0.0, 0.0, 0.0, 0.0, 0.0, 0.0, 0.0, 0.0, 0.0, 0.0, 0.0, 0.0, 0.0, 0.0, 0.0, 0.0], [0.0, 0.0, 0.0, 0.0, 0.0, 0.0, 0.0, 0.0, 0.0, 0.0, 0.0, 0.0, 0.0, 0.0, 0.0, 0.0, 0.0, 0.0, 0.0, 0.0, 0.0, 0.0, 0.0, 0.0, 0.0, 0.0, 0.0, 0.0], [0.0, 0.0, 0.0, 0.0, 0.0, 0.0, 0.0, 0.0, 0.0, 0.0, 0.0, 0.0, 0.0, 0.0, 0.0, 0.0, 0.0, 0.0, 0.0, 0.0, 0.0, 0.0, 0.0, 0.0, 0.0, 0.0, 0.0, 0.0], [0.0, 0.0, 0.0, 0.0, 0.0, 0.0, 0.0, 0.0, 0.0, 0.0, 0.0, 0.0, 0.0, 0.0, 0.0, 0.0, 0.0, 0.0, 0.0, 0.0, 0.0, 0.0, 0.0, 0.0, 0.0, 0.0, 0.0, 0.0], [0.0, 0.0, 0.0, 0.0, 0.0, 0.0, 0.0, 0.0, 0.0, 0.0, 0.0, 0.0, 0.0, 0.0, 0.0, 0.0, 0.0, 0.0, 0.0, 0.0, 0.0, 0.0, 0.0, 0.0, 0.0, 0.0, 0.0, 0.0], [0.0, 0.0, 0.0, 0.0, 0.0, 0.0, 0.0, 0.0, 0.0, 0.0, 0.0, 0.0, 0.0, 0.0, 0.0, 0.0, 0.0, 0.0, 0.0, 0.0, 0.0, 0.0, 0.0, 0.0, 0.0, 0.0, 0.0, 0.0]], [[0.0, 0.0, 0.0, 0.0, 0.0, 0.0, 0.0, 0.0, 0.0, 0.0, 0.0, 0.0, 0.0, 0.0, 0.0, 0.0, 0.0, 0.0, 0.0, 0.0, 0.0, 0.0, 0.0, 0.0, 0.0, 0.0, 0.0, 0.0], [0.0, 0.0, 0.0, 0.0, 0.0, 0.0, 0.0, 0.0, 0.0, 0.0, 0.0, 0.0, 0.0, 0.0, 0.0, 0.0, 0.0, 0.0, 0.0, 0.0, 0.0, 0.0, 0.0, 0.0, 0.0, 0.0, 0.0, 0.0], [0.0, 0.0, 0.0, 0.0, 0.0, 0.0, 0.0, 0.0, 0.0, 0.0, 0.0, 0.0, 0.0, 0.0, 0.0, 0.0, 0.0, 0.0, 0.0, 0.0, 0.0, 0.0, 0.0, 0.0, 0.0, 0.0, 0.0, 0.0], [0.0, 0.0, 0.0, 0.0, 0.0, 0.0, 0.0, 0.0, 0.0, 0.0, 0.0, 0.0, 0.0, 0.0, 0.0, 0.0, 0.0, 0.0, 0.0, 0.0, 0.0, 0.0, 0.0, 0.0, 0.0, 0.0, 0.0, 0.0], [0.0, 0.0, 0.0, 0.0, 0.0, 0.0, 0.0, 0.0, 0.0, 0.0, 0.0, 0.0, 0.0, 0.0, 0.0, 0.0, 0.0, 0.0, 0.0, 0.0, 0.0, 0.0, 0.0, 0.0, 0.0, 0.0, 0.0, 0.0], [0.0, 0.0, 0.0, 0.0, 0.0, 0.0, 0.0, 0.0, 0.0, 0.0, 0.0, 0.0, 0.0, 0.0, 0.0, 0.0, 0.0, 0.0, 0.0, 0.0, 0.0, 0.0, 0.0, 0.0, 0.0, 0.0, 0.0, 0.0]], [[0.0, 0.0, 0.0, 0.0, 0.0, 0.0, 0.0, 0.0, 0.0, 0.0, 0.0, 0.0, 0.0, 0.0, 0.0, 0.0, 0.0, 0.0, 0.0, 0.0, 0.0, 0.0, 0.0, 0.0, 0.0, 0.0, 0.0, 0.0], [0.0, 0.0, 0.0, 0.0, 0.0, 0.0, 0.0, 0.0, 0.0, 0.0, 0.0, 0.0, 0.0, 0.0, 0.0, 0.0, 0.0, 0.0, 0.0, 0.0, 0.0, 0.0, 0.0, 0.0, 0.0, 0.0, 0.0, 0.0], [0.0, 0.0, 0.0, 0.0, 0.0, 0.0, 0.0, 0.0, 0.0, 0.0, 0.0, 0.0, 0.0, 0.0, 0.0, 0.0, 0.0, 0.0, 0.0, 0.0, 0.0, 0.0, 0.0, 0.0, 0.0, 0.0, 0.0, 0.0], [0.0, 0.0, 0.0, 0.0, 0.0, 0.0, 0.0, 0.0, 0.0, 0.0, 0.0, 0.0, 0.0, 0.0, 0.0, 0.0, 0.0, 0.0, 0.0, 0.0, 0.0, 0.0, 0.0, 0.0, 0.0, 0.0, 0.0, 0.0], [0.0, 0.0, 0.0, 0.0, 0.0, 0.0, 0.0, 0.0, 0.0, 0.0, 0.0, 0.0, 0.0, 0.0, 0.0, 0.0, 0.0, 0.0, 0.0, 0.0, 0.0, 0.0, 0.0, 0.0, 0.0, 0.0, 0.0, 0.0], [0.0, 0.0, 0.0, 0.0, 0.0, 0.0, 0.0, 0.0, 0.0, 0.0, 0.0, 0.0, 0.0, 0.0, 0.0, 0.0, 0.0, 0.0, 0.0, 0.0, 0.0, 0.0, 0.0, 0.0, 0.0, 0.0, 0.0, 0.0]], [[0.0, 0.0, 0.0, 0.0, 0.0, 0.0, 0.0, 0.0, 0.0, 0.0, 0.0, 0.0, 0.0, 0.0, 0.0, 0.0, 0.0, 0.0, 0.0, 0.0, 0.0, 0.0, 0.0, 0.0, 0.0, 0.0, 0.0, 0.0], [0.0, 0.0, 0.0, 0.0, 0.0, 0.0, 0.0, 0.0, 0.0, 0.0, 0.0, 0.0, 0.0, 0.0, 0.0, 0.0, 0.0, 0.0, 0.0, 0.0, 0.0, 0.0, 0.0, 0.0, 0.0, 0.0, 0.0, 0.0], [0.0, 0.0, 0.0, 0.0, 0.0, 0.0, 0.0, 0.0, 0.0, 0.0, 0.0, 0.0, 0.0, 0.0, 0.0, 0.0, 0.0, 0.0, 0.0, 0.0, 0.0, 0.0, 0.0, 0.0, 0.0, 0.0, 0.0, 0.0], [0.0, 0.0, 0.0, 0.0, 0.0, 0.0, 0.0, 0.0, 0.0, 0.0, 0.0, 0.0, 0.0, 0.0, 0.0, 0.0, 0.0, 0.0, 0.0, 0.0, 0.0, 0.0, 0.0, 0.0, 0.0, 0.0, 0.0, 0.0], [0.0, 0.0, 0.0, 0.0, 0.0, 0.0, 0.0, 0.0, 0.0, 0.0, 0.0, 0.0, 0.0, 0.0, 0.0, 0.0, 0.0, 0.0, 0.0, 0.0, 0.0, 0.0, 0.0, 0.0, 0.0, 0.0, 0.0, 0.0], [0.0, 0.0, 0.0, 0.0, 0.0, 0.0, 0.0, 0.0, 0.0, 0.0, 0.0, 0.0, 0.0, 0.0, 0.0, 0.0, 0.0, 0.0, 0.0, 0.0, 0.0, 0.0, 0.0, 0.0, 0.0, 0.0, 0.0, 0.0]], [[0.0, 0.0, 0.0, 0.0, 0.0, 0.0, 0.0, 0.0, 0.0, 0.0, 0.0, 0.0, 0.0, 0.0, 0.0, 0.0, 0.0, 0.0, 0.0, 0.0, 0.0, 0.0, 0.0, 0.0, 0.0, 0.0, 0.0, 0.0], [0.0, 0.0, 0.0, 0.0, 0.0, 0.0, 0.0, 0.0, 0.0, 0.0, 0.0, 0.0, 0.0, 0.0, 0.0, 0.0, 0.0, 0.0, 0.0, 0.0, 0.0, 0.0, 0.0, 0.0, 0.0, 0.0, 0.0, 0.0], [0.0, 0.0, 0.0, 0.0, 0.0, 0.0, 0.0, 0.0, 0.0, 0.0, 0.0, 0.0, 0.0, 0.0, 0.0, 0.0, 0.0, 0.0, 0.0, 0.0, 0.0, 0.0, 0.0, 0.0, 0.0, 0.0, 0.0, 0.0], [0.0, 0.0, 0.0, 0.0, 0.0, 0.0, 0.0, 0.0, 0.0, 0.0, 0.0, 0.0, 0.0, 0.0, 0.0, 0.0, 0.0, 0.0, 0.0, 0.0, 0.0, 0.0, 0.0, 0.0, 0.0, 0.0, 0.0, 0.0], [0.0, 0.0, 0.0, 0.0, 0.0, 0.0, 0.0, 0.0, 0.0, 0.0, 0.0, 0.0, 0.0, 0.0, 0.0, 0.0, 0.0, 0.0, 0.0, 0.0, 0.0, 0.0, 0.0, 0.0, 0.0, 0.0, 0.0, 0.0], [0.0, 0.0, 0.0, 0.0, 0.0, 0.0, 0.0, 0.0, 0.0, 0.0, 0.0, 0.0, 0.0, 0.0, 0.0, 0.0, 0.0, 0.0, 0.0, 0.0, 0.0, 0.0, 0.0, 0.0, 0.0, 0.0, 0.0, 0.0]], [[0.0, 0.0, 0.0, 0.0, 0.0, 0.0, 0.0, 0.0, 0.0, 0.0, 0.0, 0.0, 0.0, 0.0, 0.0, 0.0, 0.0, 0.0, 0.0, 0.0, 0.0, 0.0, 0.0, 0.0, 0.0, 0.0, 0.0, 0.0], [0.0, 0.0, 0.0, 0.0, 0.0, 0.0, 0.0, 0.0, 0.0, 0.0, 0.0, 0.0, 0.0, 0.0, 0.0, 0.0, 0.0, 0.0, 0.0, 0.0, 0.0, 0.0, 0.0, 0.0, 0.0, 0.0, 0.0, 0.0], [0.0, 0.0, 0.0, 0.0, 0.0, 0.0, 0.0, 0.0, 0.0, 0.0, 0.0, 0.0, 0.0, 0.0, 0.0, 0.0, 0.0, 0.0, 0.0, 0.0, 0.0, 0.0, 0.0, 0.0, 0.0, 0.0, 0.0, 0.0], [0.0, 0.0, 0.0, 0.0, 0.0, 0.0, 0.0, 0.0, 0.0, 0.0, 0.0, 0.0, 0.0, 0.0, 0.0, 0.0, 0.0, 0.0, 0.0, 0.0, 0.0, 0.0, 0.0, 0.0, 0.0, 0.0, 0.0, 0.0], [0.0, 0.0, 0.0, 0.0, 0.0, 0.0, 0.0, 0.0, 0.0, 0.0, 0.0, 0.0, 0.0, 0.0, 0.0, 0.0, 0.0, 0.0, 0.0, 0.0, 0.0, 0.0, 0.0, 0.0, 0.0, 0.0, 0.0, 0.0], [0.0, 0.0, 0.0, 0.0, 0.0, 0.0, 0.0, 0.0, 0.0, 0.0, 0.0, 0.0, 0.0, 0.0, 0.0, 0.0, 0.0, 0.0, 0.0, 0.0, 0.0, 0.0, 0.0, 0.0, 0.0, 0.0, 0.0, 0.0]], [[0.0, 0.0, 0.0, 0.0, 0.0, 0.0, 0.0, 0.0, 0.0, 0.0, 0.0, 0.0, 0.0, 0.0, 0.0, 0.0, 0.0, 0.0, 0.0, 0.0, 0.0, 0.0, 0.0, 0.0, 0.0, 0.0, 0.0, 0.0], [0.0, 0.0, 0.0, 0.0, 0.0, 0.0, 0.0, 0.0, 0.0, 0.0, 0.0, 0.0, 0.0, 0.0, 0.0, 0.0, 0.0, 0.0, 0.0, 0.0, 0.0, 0.0, 0.0, 0.0, 0.0, 0.0, 0.0, 0.0], [0.0, 0.0, 0.0, 0.0, 0.0, 0.0, 0.0, 0.0, 0.0, 0.0, 0.0, 0.0, 0.0, 0.0, 0.0, 0.0, 0.0, 0.0, 0.0, 0.0, 0.0, 0.0, 0.0, 0.0, 0.0, 0.0, 0.0, 0.0], [0.0, 0.0, 0.0, 0.0, 0.0, 0.0, 0.0, 0.0, 0.0, 0.0, 0.0, 0.0, 0.0, 0.0, 0.0, 0.0, 0.0, 0.0, 0.0, 0.0, 0.0, 0.0, 0.0, 0.0, 0.0, 0.0, 0.0, 0.0], [0.0, 0.0, 0.0, 0.0, 0.0, 0.0, 0.0, 0.0, 0.0, 0.0, 0.0, 0.0, 0.0, 0.0, 0.0, 0.0, 0.0, 0.0, 0.0, 0.0, 0.0, 0.0, 0.0, 0.0, 0.0, 0.0, 0.0, 0.0], [0.0, 0.0, 0.0, 0.0, 0.0, 0.0, 0.0, 0.0, 0.0, 0.0, 0.0, 0.0, 0.0, 0.0, 0.0, 0.0, 0.0, 0.0, 0.0, 0.0, 0.0, 0.0, 0.0, 0.0, 0.0, 0.0, 0.0, 0.0]], [[0.0, 0.0, 0.0, 0.0, 0.0, 0.0, 0.0, 0.0, 0.0, 0.0, 0.0, 0.0, 0.0, 0.0, 0.0, 0.0, 0.0, 0.0, 0.0, 0.0, 0.0, 0.0, 0.0, 0.0, 0.0, 0.0, 0.0, 0.0], [0.0, 0.0, 0.0, 0.0, 0.0, 0.0, 0.0, 0.0, 0.0, 0.0, 0.0, 0.0, 0.0, 0.0, 0.0, 0.0, 0.0, 0.0, 0.0, 0.0, 0.0, 0.0, 0.0, 0.0, 0.0, 0.0, 0.0, 0.0], [0.0, 0.0, 0.0, 0.0, 0.0, 0.0, 0.0, 0.0, 0.0, 0.0, 0.0, 0.0, 0.0, 0.0, 0.0, 0.0, 0.0, 0.0, 0.0, 0.0, 0.0, 0.0, 0.0, 0.0, 0.0, 0.0, 0.0, 0.0], [0.0, 0.0, 0.0, 0.0, 0.0, 0.0, 0.0, 0.0, 0.0, 0.0, 0.0, 0.0, 0.0, 0.0, 0.0, 0.0, 0.0, 0.0, 0.0, 0.0, 0.0, 0.0, 0.0, 0.0, 0.0, 0.0, 0.0, 0.0], [0.0, 0.0, 0.0, 0.0, 0.0, 0.0, 0.0, 0.0, 0.0, 0.0, 0.0, 0.0, 0.0, 0.0, 0.0, 0.0, 0.0, 0.0, 0.0, 0.0, 0.0, 0.0, 0.0, 0.0, 0.0, 0.0, 0.0, 0.0], [0.0, 0.0, 0.0, 0.0, 0.0, 0.0, 0.0, 0.0, 0.0, 0.0, 0.0, 0.0, 0.0, 0.0, 0.0, 0.0, 0.0, 0.0, 0.0, 0.0, 0.0, 0.0, 0.0, 0.0, 0.0, 0.0, 0.0, 0.0]], [[0.0, 0.0, 0.0, 0.0, 0.0, 0.0, 0.0, 0.0, 0.0, 0.0, 0.0, 0.0, 0.0, 0.0, 0.0, 0.0, 0.0, 0.0, 0.0, 0.0, 0.0, 0.0, 0.0, 0.0, 0.0, 0.0, 0.0, 0.0], [0.0, 0.0, 0.0, 0.0, 0.0, 0.0, 0.0, 0.0, 0.0, 0.0, 0.0, 0.0, 0.0, 0.0, 0.0, 0.0, 0.0, 0.0, 0.0, 0.0, 0.0, 0.0, 0.0, 0.0, 0.0, 0.0, 0.0, 0.0], [0.0, 0.0, 0.0, 0.0, 0.0, 0.0, 0.0, 0.0, 0.0, 0.0, 0.0, 0.0, 0.0, 0.0, 0.0, 0.0, 0.0, 0.0, 0.0, 0.0, 0.0, 0.0, 0.0, 0.0, 0.0, 0.0, 0.0, 0.0], [0.0, 0.0, 0.0, 0.0, 0.0, 0.0, 0.0, 0.0, 0.0, 0.0, 0.0, 0.0, 0.0, 0.0, 0.0, 0.0, 0.0, 0.0, 0.0, 0.0, 0.0, 0.0, 0.0, 0.0, 0.0, 0.0, 0.0, 0.0], [0.0, 0.0, 0.0, 0.0, 0.0, 0.0, 0.0, 0.0, 0.0, 0.0, 0.0, 0.0, 0.0, 0.0, 0.0, 0.0, 0.0, 0.0, 0.0, 0.0, 0.0, 0.0, 0.0, 0.0, 0.0, 0.0, 0.0, 0.0], [0.0, 0.0, 0.0, 0.0, 0.0, 0.0, 0.0, 0.0, 0.0, 0.0, 0.0, 0.0, 0.0, 0.0, 0.0, 0.0, 0.0, 0.0, 0.0, 0.0, 0.0, 0.0, 0.0, 0.0, 0.0, 0.0, 0.0, 0.0]], [[0.0, 0.0, 0.0, 0.0, 0.0, 0.0, 0.0, 0.0, 0.0, 0.0, 0.0, 0.0, 0.0, 0.0, 0.0, 0.0, 0.0, 0.0, 0.0, 0.0, 0.0, 0.0, 0.0, 0.0, 0.0, 0.0, 0.0, 0.0], [0.0, 0.0, 0.0, 0.0, 0.0, 0.0, 0.0, 0.0, 0.0, 0.0, 0.0, 0.0, 0.0, 0.0, 0.0, 0.0, 0.0, 0.0, 0.0, 0.0, 0.0, 0.0, 0.0, 0.0, 0.0, 0.0, 0.0, 0.0], [0.0, 0.0, 0.0, 0.0, 0.0, 0.0, 0.0, 0.0, 0.0, 0.0, 0.0, 0.0, 0.0, 0.0, 0.0, 0.0, 0.0, 0.0, 0.0, 0.0, 0.0, 0.0, 0.0, 0.0, 0.0, 0.0, 0.0, 0.0], [0.0, 0.0, 0.0, 0.0, 0.0, 0.0, 0.0, 0.0, 0.0, 0.0, 0.0, 0.0, 0.0, 0.0, 0.0, 0.0, 0.0, 0.0, 0.0, 0.0, 0.0, 0.0, 0.0, 0.0, 0.0, 0.0, 0.0, 0.0], [0.0, 0.0, 0.0, 0.0, 0.0, 0.0, 0.0, 0.0, 0.0, 0.0, 0.0, 0.0, 0.0, 0.0, 0.0, 0.0, 0.0, 0.0, 0.0, 0.0, 0.0, 0.0, 0.0, 0.0, 0.0, 0.0, 0.0, 0.0], [0.0, 0.0, 0.0, 0.0, 0.0, 0.0, 0.0, 0.0, 0.0, 0.0, 0.0, 0.0, 0.0, 0.0, 0.0, 0.0, 0.0, 0.0, 0.0, 0.0, 0.0, 0.0, 0.0, 0.0, 0.0, 0.0, 0.0, 0.0]], [[0.0, 0.0, 0.0, 0.0, 0.0, 0.0, 0.0, 0.0, 0.0, 0.0, 0.0, 0.0, 0.0, 0.0, 0.0, 0.0, 0.0, 0.0, 0.0, 0.0, 0.0, 0.0, 0.0, 0.0, 0.0, 0.0, 0.0, 0.0], [0.0, 0.0, 0.0, 0.0, 0.0, 0.0, 0.0, 0.0, 0.0, 0.0, 0.0, 0.0, 0.0, 0.0, 0.0, 0.0, 0.0, 0.0, 0.0, 0.0, 0.0, 0.0, 0.0, 0.0, 0.0, 0.0, 0.0, 0.0], [0.0, 0.0, 0.0, 0.0, 0.0, 0.0, 0.0, 0.0, 0.0, 0.0, 0.0, 0.0, 0.0, 0.0, 0.0, 0.0, 0.0, 0.0, 0.0, 0.0, 0.0, 0.0, 0.0, 0.0, 0.0, 0.0, 0.0, 0.0], [0.0, 0.0, 0.0, 0.0, 0.0, 0.0, 0.0, 0.0, 0.0, 0.0, 0.0, 0.0, 0.0, 0.0, 0.0, 0.0, 0.0, 0.0, 0.0, 0.0, 0.0, 0.0, 0.0, 0.0, 0.0, 0.0, 0.0, 0.0], [0.0, 0.0, 0.0, 0.0, 0.0, 0.0, 0.0, 0.0, 0.0, 0.0, 0.0, 0.0, 0.0, 0.0, 0.0, 0.0, 0.0, 0.0, 0.0, 0.0, 0.0, 0.0, 0.0, 0.0, 0.0, 0.0, 0.0, 0.0], [0.0, 0.0, 0.0, 0.0, 0.0, 0.0, 0.0, 0.0, 0.0, 0.0, 0.0, 0.0, 0.0, 0.0, 0.0, 0.0, 0.0, 0.0, 0.0, 0.0, 0.0, 0.0, 0.0, 0.0, 0.0, 0.0, 0.0, 0.0]], [[0.0, 0.0, 0.0, 0.0, 0.0, 0.0, 0.0, 0.0, 0.0, 0.0, 0.0, 0.0, 0.0, 0.0, 0.0, 0.0, 0.0, 0.0, 0.0, 0.0, 0.0, 0.0, 0.0, 0.0, 0.0, 0.0, 0.0, 0.0], [0.0, 0.0, 0.0, 0.0, 0.0, 0.0, 0.0, 0.0, 0.0, 0.0, 0.0, 0.0, 0.0, 0.0, 0.0, 0.0, 0.0, 0.0, 0.0, 0.0, 0.0, 0.0, 0.0, 0.0, 0.0, 0.0, 0.0, 0.0], [0.0, 0.0, 0.0, 0.0, 0.0, 0.0, 0.0, 0.0, 0.0, 0.0, 0.0, 0.0, 0.0, 0.0, 0.0, 0.0, 0.0, 0.0, 0.0, 0.0, 0.0, 0.0, 0.0, 0.0, 0.0, 0.0, 0.0, 0.0], [0.0, 0.0, 0.0, 0.0, 0.0, 0.0, 0.0, 0.0, 0.0, 0.0, 0.0, 0.0, 0.0, 0.0, 0.0, 0.0, 0.0, 0.0, 0.0, 0.0, 0.0, 0.0, 0.0, 0.0, 0.0, 0.0, 0.0, 0.0], [0.0, 0.0, 0.0, 0.0, 0.0, 0.0, 0.0, 0.0, 0.0, 0.0, 0.0, 0.0, 0.0, 0.0, 0.0, 0.0, 0.0, 0.0, 0.0, 0.0, 0.0, 0.0, 0.0, 0.0, 0.0, 0.0, 0.0, 0.0], [0.0, 0.0, 0.0, 0.0, 0.0, 0.0, 0.0, 0.0, 0.0, 0.0, 0.0, 0.0, 0.0, 0.0, 0.0, 0.0, 0.0, 0.0, 0.0, 0.0, 0.0, 0.0, 0.0, 0.0, 0.0, 0.0, 0.0, 0.0]], [[0.0, 0.0, 0.0, 0.0, 0.0, 0.0, 0.0, 0.0, 0.0, 0.0, 0.0, 0.0, 0.0, 0.0, 0.0, 0.0, 0.0, 0.0, 0.0, 0.0, 0.0, 0.0, 0.0, 0.0, 0.0, 0.0, 0.0, 0.0], [0.0, 0.0, 0.0, 0.0, 0.0, 0.0, 0.0, 0.0, 0.0, 0.0, 0.0, 0.0, 0.0, 0.0, 0.0, 0.0, 0.0, 0.0, 0.0, 0.0, 0.0, 0.0, 0.0, 0.0, 0.0, 0.0, 0.0, 0.0], [0.0, 0.0, 0.0, 0.0, 0.0, 0.0, 0.0, 0.0, 0.0, 0.0, 0.0, 0.0, 0.0, 0.0, 0.0, 0.0, 0.0, 0.0, 0.0, 0.0, 0.0, 0.0, 0.0, 0.0, 0.0, 0.0, 0.0, 0.0], [0.0, 0.0, 0.0, 0.0, 0.0, 0.0, 0.0, 0.0, 0.0, 0.0, 0.0, 0.0, 0.0, 0.0, 0.0, 0.0, 0.0, 0.0, 0.0, 0.0, 0.0, 0.0, 0.0, 0.0, 0.0, 0.0, 0.0, 0.0], [0.0, 0.0, 0.0, 0.0, 0.0, 0.0, 0.0, 0.0, 0.0, 0.0, 0.0, 0.0, 0.0, 0.0, 0.0, 0.0, 0.0, 0.0, 0.0, 0.0, 0.0, 0.0, 0.0, 0.0, 0.0, 0.0, 0.0, 0.0], [0.0, 0.0, 0.0, 0.0, 0.0, 0.0, 0.0, 0.0, 0.0, 0.0, 0.0, 0.0, 0.0, 0.0, 0.0, 0.0, 0.0, 0.0, 0.0, 0.0, 0.0, 0.0, 0.0, 0.0, 0.0, 0.0, 0.0, 0.0]], [[0.0, 0.0, 0.0, 0.0, 0.0, 0.0, 0.0, 0.0, 0.0, 0.0, 0.0, 0.0, 0.0, 0.0, 0.0, 0.0, 0.0, 0.0, 0.0, 0.0, 0.0, 0.0, 0.0, 0.0, 0.0, 0.0, 0.0, 0.0], [0.0, 0.0, 0.0, 0.0, 0.0, 0.0, 0.0, 0.0, 0.0, 0.0, 0.0, 0.0, 0.0, 0.0, 0.0, 0.0, 0.0, 0.0, 0.0, 0.0, 0.0, 0.0, 0.0, 0.0, 0.0, 0.0, 0.0, 0.0], [0.0, 0.0, 0.0, 0.0, 0.0, 0.0, 0.0, 0.0, 0.0, 0.0, 0.0, 0.0, 0.0, 0.0, 0.0, 0.0, 0.0, 0.0, 0.0, 0.0, 0.0, 0.0, 0.0, 0.0, 0.0, 0.0, 0.0, 0.0], [0.0, 0.0, 0.0, 0.0, 0.0, 0.0, 0.0, 0.0, 0.0, 0.0, 0.0, 0.0, 0.0, 0.0, 0.0, 0.0, 0.0, 0.0, 0.0, 0.0, 0.0, 0.0, 0.0, 0.0, 0.0, 0.0, 0.0, 0.0], [0.0, 0.0, 0.0, 0.0, 0.0, 0.0, 0.0, 0.0, 0.0, 0.0, 0.0, 0.0, 0.0, 0.0, 0.0, 0.0, 0.0, 0.0, 0.0, 0.0, 0.0, 0.0, 0.0, 0.0, 0.0, 0.0, 0.0, 0.0], [0.0, 0.0, 0.0, 0.0, 0.0, 0.0, 0.0, 0.0, 0.0, 0.0, 0.0, 0.0, 0.0, 0.0, 0.0, 0.0, 0.0, 0.0, 0.0, 0.0, 0.0, 0.0, 0.0, 0.0, 0.0, 0.0, 0.0, 0.0]], [[0.0, 0.0, 0.0, 0.0, 0.0, 0.0, 0.0, 0.0, 0.0, 0.0, 0.0, 0.0, 0.0, 0.0, 0.0, 0.0, 0.0, 0.0, 0.0, 0.0, 0.0, 0.0, 0.0, 0.0, 0.0, 0.0, 0.0, 0.0], [0.0, 0.0, 0.0, 0.0, 0.0, 0.0, 0.0, 0.0, 0.0, 0.0, 0.0, 0.0, 0.0, 0.0, 0.0, 0.0, 0.0, 0.0, 0.0, 0.0, 0.0, 0.0, 0.0, 0.0, 0.0, 0.0, 0.0, 0.0], [0.0, 0.0, 0.0, 0.0, 0.0, 0.0, 0.0, 0.0, 0.0, 0.0, 0.0, 0.0, 0.0, 0.0, 0.0, 0.0, 0.0, 0.0, 0.0, 0.0, 0.0, 0.0, 0.0, 0.0, 0.0, 0.0, 0.0, 0.0], [0.0, 0.0, 0.0, 0.0, 0.0, 0.0, 0.0, 0.0, 0.0, 0.0, 0.0, 0.0, 0.0, 0.0, 0.0, 0.0, 0.0, 0.0, 0.0, 0.0, 0.0, 0.0, 0.0, 0.0, 0.0, 0.0, 0.0, 0.0], [0.0, 0.0, 0.0, 0.0, 0.0, 0.0, 0.0, 0.0, 0.0, 0.0, 0.0, 0.0, 0.0, 0.0, 0.0, 0.0, 0.0, 0.0, 0.0, 0.0, 0.0, 0.0, 0.0, 0.0, 0.0, 0.0, 0.0, 0.0], [0.0, 0.0, 0.0, 0.0, 0.0, 0.0, 0.0, 0.0, 0.0, 0.0, 0.0, 0.0, 0.0, 0.0, 0.0, 0.0, 0.0, 0.0, 0.0, 0.0, 0.0, 0.0, 0.0, 0.0, 0.0, 0.0, 0.0, 0.0]], [[0.0, 0.0, 0.0, 0.0, 0.0, 0.0, 0.0, 0.0, 0.0, 0.0, 0.0, 0.0, 0.0, 0.0, 0.0, 0.0, 0.0, 0.0, 0.0, 0.0, 0.0, 0.0, 0.0, 0.0, 0.0, 0.0, 0.0, 0.0], [0.0, 0.0, 0.0, 0.0, 0.0, 0.0, 0.0, 0.0, 0.0, 0.0, 0.0, 0.0, 0.0, 0.0, 0.0, 0.0, 0.0, 0.0, 0.0, 0.0, 0.0, 0.0, 0.0, 0.0, 0.0, 0.0, 0.0, 0.0], [0.0, 0.0, 0.0, 0.0, 0.0, 0.0, 0.0, 0.0, 0.0, 0.0, 0.0, 0.0, 0.0, 0.0, 0.0, 0.0, 0.0, 0.0, 0.0, 0.0, 0.0, 0.0, 0.0, 0.0, 0.0, 0.0, 0.0, 0.0], [0.0, 0.0, 0.0, 0.0, 0.0, 0.0, 0.0, 0.0, 0.0, 0.0, 0.0, 0.0, 0.0, 0.0, 0.0, 0.0, 0.0, 0.0, 0.0, 0.0, 0.0, 0.0, 0.0, 0.0, 0.0, 0.0, 0.0, 0.0], [0.0, 0.0, 0.0, 0.0, 0.0, 0.0, 0.0, 0.0, 0.0, 0.0, 0.0, 0.0, 0.0, 0.0, 0.0, 0.0, 0.0, 0.0, 0.0, 0.0, 0.0, 0.0, 0.0, 0.0, 0.0, 0.0, 0.0, 0.0], [0.0, 0.0, 0.0, 0.0, 0.0, 0.0, 0.0, 0.0, 0.0, 0.0, 0.0, 0.0, 0.0, 0.0, 0.0, 0.0, 0.0, 0.0, 0.0, 0.0, 0.0, 0.0, 0.0, 0.0, 0.0, 0.0, 0.0, 0.0]], [[0.0, 0.0, 0.0, 0.0, 0.0, 0.0, 0.0, 0.0, 0.0, 0.0, 0.0, 0.0, 0.0, 0.0, 0.0, 0.0, 0.0, 0.0, 0.0, 0.0, 0.0, 0.0, 0.0, 0.0, 0.0, 0.0, 0.0, 0.0], [0.0, 0.0, 0.0, 0.0, 0.0, 0.0, 0.0, 0.0, 0.0, 0.0, 0.0, 0.0, 0.0, 0.0, 0.0, 0.0, 0.0, 0.0, 0.0, 0.0, 0.0, 0.0, 0.0, 0.0, 0.0, 0.0, 0.0, 0.0], [0.0, 0.0, 0.0, 0.0, 0.0, 0.0, 0.0, 0.0, 0.0, 0.0, 0.0, 0.0, 0.0, 0.0, 0.0, 0.0, 0.0, 0.0, 0.0, 0.0, 0.0, 0.0, 0.0, 0.0, 0.0, 0.0, 0.0, 0.0], [0.0, 0.0, 0.0, 0.0, 0.0, 0.0, 0.0, 0.0, 0.0, 0.0, 0.0, 0.0, 0.0, 0.0, 0.0, 0.0, 0.0, 0.0, 0.0, 0.0, 0.0, 0.0, 0.0, 0.0, 0.0, 0.0, 0.0, 0.0], [0.0, 0.0, 0.0, 0.0, 0.0, 0.0, 0.0, 0.0, 0.0, 0.0, 0.0, 0.0, 0.0, 0.0, 0.0, 0.0, 0.0, 0.0, 0.0, 0.0, 0.0, 0.0, 0.0, 0.0, 0.0, 0.0, 0.0, 0.0], [0.0, 0.0, 0.0, 0.0, 0.0, 0.0, 0.0, 0.0, 0.0, 0.0, 0.0, 0.0, 0.0, 0.0, 0.0, 0.0, 0.0, 0.0, 0.0, 0.0, 0.0, 0.0, 0.0, 0.0, 0.0, 0.0, 0.0, 0.0]], [[0.0, 0.0, 0.0, 0.0, 0.0, 0.0, 0.0, 0.0, 0.0, 0.0, 0.0, 0.0, 0.0, 0.0, 0.0, 0.0, 0.0, 0.0, 0.0, 0.0, 0.0, 0.0, 0.0, 0.0, 0.0, 0.0, 0.0, 0.0], [0.0, 0.0, 0.0, 0.0, 0.0, 0.0, 0.0, 0.0, 0.0, 0.0, 0.0, 0.0, 0.0, 0.0, 0.0, 0.0, 0.0, 0.0, 0.0, 0.0, 0.0, 0.0, 0.0, 0.0, 0.0, 0.0, 0.0, 0.0], [0.0, 0.0, 0.0, 0.0, 0.0, 0.0, 0.0, 0.0, 0.0, 0.0, 0.0, 0.0, 0.0, 0.0, 0.0, 0.0, 0.0, 0.0, 0.0, 0.0, 0.0, 0.0, 0.0, 0.0, 0.0, 0.0, 0.0, 0.0], [0.0, 0.0, 0.0, 0.0, 0.0, 0.0, 0.0, 0.0, 0.0, 0.0, 0.0, 0.0, 0.0, 0.0, 0.0, 0.0, 0.0, 0.0, 0.0, 0.0, 0.0, 0.0, 0.0, 0.0, 0.0, 0.0, 0.0, 0.0], [0.0, 0.0, 0.0, 0.0, 0.0, 0.0, 0.0, 0.0, 0.0, 0.0, 0.0, 0.0, 0.0, 0.0, 0.0, 0.0, 0.0, 0.0, 0.0, 0.0, 0.0, 0.0, 0.0, 0.0, 0.0, 0.0, 0.0, 0.0], [0.0, 0.0, 0.0, 0.0, 0.0, 0.0, 0.0, 0.0, 0.0, 0.0, 0.0, 0.0, 0.0, 0.0, 0.0, 0.0, 0.0, 0.0, 0.0, 0.0, 0.0, 0.0, 0.0, 0.0, 0.0, 0.0, 0.0, 0.0]], [[0.0, 0.0, 0.0, 0.0, 0.0, 0.0, 0.0, 0.0, 0.0, 0.0, 0.0, 0.0, 0.0, 0.0, 0.0, 0.0, 0.0, 0.0, 0.0, 0.0, 0.0, 0.0, 0.0, 0.0, 0.0, 0.0, 0.0, 0.0], [0.0, 0.0, 0.0, 0.0, 0.0, 0.0, 0.0, 0.0, 0.0, 0.0, 0.0, 0.0, 0.0, 0.0, 0.0, 0.0, 0.0, 0.0, 0.0, 0.0, 0.0, 0.0, 0.0, 0.0, 0.0, 0.0, 0.0, 0.0], [0.0, 0.0, 0.0, 0.0, 0.0, 0.0, 0.0, 0.0, 0.0, 0.0, 0.0, 0.0, 0.0, 0.0, 0.0, 0.0, 0.0, 0.0, 0.0, 0.0, 0.0, 0.0, 0.0, 0.0, 0.0, 0.0, 0.0, 0.0], [0.0, 0.0, 0.0, 0.0, 0.0, 0.0, 0.0, 0.0, 0.0, 0.0, 0.0, 0.0, 0.0, 0.0, 0.0, 0.0, 0.0, 0.0, 0.0, 0.0, 0.0, 0.0, 0.0, 0.0, 0.0, 0.0, 0.0, 0.0], [0.0, 0.0, 0.0, 0.0, 0.0, 0.0, 0.0, 0.0, 0.0, 0.0, 0.0, 0.0, 0.0, 0.0, 0.0, 0.0, 0.0, 0.0, 0.0, 0.0, 0.0, 0.0, 0.0, 0.0, 0.0, 0.0, 0.0, 0.0], [0.0, 0.0, 0.0, 0.0, 0.0, 0.0, 0.0, 0.0, 0.0, 0.0, 0.0, 0.0, 0.0, 0.0, 0.0, 0.0, 0.0, 0.0, 0.0, 0.0, 0.0, 0.0, 0.0, 0.0, 0.0, 0.0, 0.0, 0.0]], [[0.0, 0.0, 0.0, 0.0, 0.0, 0.0, 0.0, 0.0, 0.0, 0.0, 0.0, 0.0, 0.0, 0.0, 0.0, 0.0, 0.0, 0.0, 0.0, 0.0, 0.0, 0.0, 0.0, 0.0, 0.0, 0.0, 0.0, 0.0], [0.0, 0.0, 0.0, 0.0, 0.0, 0.0, 0.0, 0.0, 0.0, 0.0, 0.0, 0.0, 0.0, 0.0, 0.0, 0.0, 0.0, 0.0, 0.0, 0.0, 0.0, 0.0, 0.0, 0.0, 0.0, 0.0, 0.0, 0.0], [0.0, 0.0, 0.0, 0.0, 0.0, 0.0, 0.0, 0.0, 0.0, 0.0, 0.0, 0.0, 0.0, 0.0, 0.0, 0.0, 0.0, 0.0, 0.0, 0.0, 0.0, 0.0, 0.0, 0.0, 0.0, 0.0, 0.0, 0.0], [0.0, 0.0, 0.0, 0.0, 0.0, 0.0, 0.0, 0.0, 0.0, 0.0, 0.0, 0.0, 0.0, 0.0, 0.0, 0.0, 0.0, 0.0, 0.0, 0.0, 0.0, 0.0, 0.0, 0.0, 0.0, 0.0, 0.0, 0.0], [0.0, 0.0, 0.0, 0.0, 0.0, 0.0, 0.0, 0.0, 0.0, 0.0, 0.0, 0.0, 0.0, 0.0, 0.0, 0.0, 0.0, 0.0, 0.0, 0.0, 0.0, 0.0, 0.0, 0.0, 0.0, 0.0, 0.0, 0.0], [0.0, 0.0, 0.0, 0.0, 0.0, 0.0, 0.0, 0.0, 0.0, 0.0, 0.0, 0.0, 0.0, 0.0, 0.0, 0.0, 0.0, 0.0, 0.0, 0.0, 0.0, 0.0, 0.0, 0.0, 0.0, 0.0, 0.0, 0.0]]];
t = [[99999999.0, 9.245961026680288, 7.230773708041305, 9.428619906703968, 6.822302690845693, 14.989641118517286, 8.590022738037087, 11.31279024863785, 13.541945113128836, 11.58610999606309, 5.148956921991571, 13.356990718259093, 6.692738127872728, 7.468435615443569, 6.646537297698638, 11.228931522613223, 8.794231502209438, 14.334890655211384, 10.017265599396001, 5.054928069227076, 11.45452698158414, 14.742664048667443, 7.442862987071608, 14.839036043312793, 10.890901852115682, 13.590989516054771, 7.403499074942191, 14.397810601388981, 7.808083678169554, 6.8194433237753485], [9.245961026680288, 99999999.0, 11.007945409164577, 7.879545924858663, 12.812853249445809, 12.683552443515797, 12.830685336229887, 7.716052074156376, 6.693093332385301, 12.537388495351106, 11.695860221438314, 10.029162466753329, 10.862595557001228, 6.557623031890155, 12.062786067597662, 10.350628922514531, 11.559530959175735, 12.068134104857478, 9.320663591987296, 6.57998319402883, 14.815732501794594, 7.375017587559772, 14.426389095441792, 9.294977877046112, 5.316479658421789, 7.097238754623517, 13.011864406088165, 7.316936470814714, 10.186191407855087, 5.467144589695594], [7.230773708041305, 11.007945409164577, 99999999.0, 12.359446340075628, 8.407703202941256, 5.970434096207635, 11.900896698620125, 7.900460886522338, 14.922839680997363, 5.854981574423654, 8.93408549929903, 10.990939222515367, 12.677968052296908, 7.952751405550609, 6.342001039751071, 13.267359482289324, 7.633295206915417, 6.928619548484876, 12.058113128763791, 9.433790621441876, 14.930115102624708, 7.511955825367009, 9.381448522555075, 9.694971194060198, 13.302969663303566, 12.119978630934794, 5.148085495708888, 12.889365653405402, 11.079877285273732, 10.612681701365576], [9.428619906703968, 7.879545924858663, 12.359446340075628, 99999999.0, 8.063899929863583, 12.568936994519296, 5.252678080903895, 5.200577145590737, 6.86026318772325, 6.135141707455301, 11.989587798294824, 11.784162783072981, 13.893519797728692, 9.761119567153496, 14.44910473820994, 9.322663557611994, 8.337201918975348, 13.969432816289968, 5.845496355510446, 9.822408254758166, 8.23281927755584, 14.463519796844565, 5.494060625654036, 6.818518737703798, 10.545424823675253, 7.26131328200327, 11.918040179987086, 7.235251731060571, 13.32024929465655, 7.159029300030918], [6.822302690845693, 12.812853249445809, 8.407703202941256, 8.063899929863583, 99999999.0, 9.851553134983337, 10.445364777786265, 9.68008640108863, 5.837270649289467, 12.722244470678401, 7.414120163604608, 14.137990895973676, 6.777231118892519, 7.546902496262861, 7.816676123915215, 8.031809773146456, 12.232690083781382, 14.0177454383919, 10.233301105290593, 7.833674579509725, 6.929964536796006, 14.269457282703165, 7.348878995039316, 10.68232431050065, 5.134995213246217, 13.225169377152685, 9.059119310139078, 12.80344749246315, 7.919439615546215, 12.226210368934527], [14.989641118517286, 12.683552443515797, 5.970434096207635, 12.568936994519296, 9.851553134983337, 99999999.0, 8.153035260505092, 6.275022511182761, 9.287108372154275, 12.658063224259989, 12.868676116537705, 5.652580411763068, 12.150654341728657, 14.366823220844982, 5.305222946375584, 9.820042673030468, 14.7489202917109, 9.385591296240348, 13.722821941309302, 8.462620876832137, 8.30375363010496, 10.350594734157674, 12.402888035097414, 9.262690320199525, 8.269156904520665, 14.980534466467198, 12.902671013105875, 12.041837328940499, 5.3962754999231635, 8.499551852047384], [8.590022738037087, 12.830685336229887, 11.900896698620125, 5.252678080903895, 10.445364777786265, 8.153035260505092, 99999999.0, 12.75610054542544, 8.271282454677635, 13.738875637852534, 13.685942480623703, 14.833090532404446, 8.402082977074492, 12.918364411246502, 7.303581821673513, 12.524065247523401, 14.329902502031182, 6.351145394452765, 8.822588921248787, 14.922315179847201, 7.75387452782177, 14.516693326818709, 14.349314904195401, 6.413925835379077, 7.640499183068244, 10.662704699438699, 9.835022863966412, 6.4866675435091725, 7.564424367605018, 10.979988773978931], [11.31279024863785, 7.716052074156376, 7.900460886522338, 5.200577145590737, 9.68008640108863, 6.275022511182761, 12.75610054542544, 99999999.0, 5.249570119601246, 6.6248370827117835, 13.246918630160097, 6.5487419311934225, 13.23532832374404, 11.174809326433227, 7.746243602449776, 14.29382582727553, 6.432190619437943, 9.532139425250712, 13.712462834115133, 9.022067822969841, 11.461218923141027, 6.696324752150239, 7.351041255926377, 5.226381694247011, 12.469394312832108, 6.152762887543231, 12.725591236628981, 13.22419562222741, 13.512019653272658, 6.128162130133651], [13.541945113128836, 6.693093332385301, 14.922839680997363, 6.86026318772325, 5.837270649289467, 9.287108372154275, 8.271282454677635, 5.249570119601246, 99999999.0, 5.699922111786954, 13.378329747826733, 13.157208951985602, 7.234739769081009, 12.799057882981305, 13.932105198733638, 6.255355851764406, 11.234761727592039, 10.668952162113069, 12.332489384515684, 10.051686827770478, 5.82599001598693, 9.366498170384252, 7.131171766476882, 5.1338326590172825, 10.405377191344833, 8.247224284128357, 12.969725883677395, 13.801205504086985, 12.590819351192497, 8.826152465671163], [11.58610999606309, 12.537388495351106, 5.854981574423654, 6.135141707455301, 12.722244470678401, 12.658063224259989, 13.738875637852534, 6.6248370827117835, 5.699922111786954, 99999999.0, 10.227782581204927, 8.230669439130981, 6.627819149511963, 7.74310527292415, 5.900596199123324, 10.972161103161149, 12.822458419608491, 8.929623469398269, 9.964972737390667, 7.585790795202301, 13.38606056242927, 6.71972180459907, 9.790442858388163, 14.179284157078532, 13.54608994965474, 11.891164904656069, 10.663239857537409, 7.5639067451042745, 13.702051590242982, 12.121802456962943], [5.148956921991571, 11.695860221438314, 8.93408549929903, 11.989587798294824, 7.414120163604608, 12.868676116537705, 13.685942480623703, 13.246918630160097, 13.378329747826733, 10.227782581204927, 99999999.0, 5.0928230564413095, 8.30714359493082, 10.087253946788152, 13.377935230571167, 9.029924212790284, 8.738734962566074, 5.094430095453923, 5.6827260213166895, 10.258802583313502, 9.000276141654359, 6.480141607960142, 5.546494426126247, 6.582237430047356, 14.19364137597526, 8.429826708039236, 8.243456683075756, 5.72404352049513, 12.772272804839481, 12.06743809115102], [13.356990718259093, 10.029162466753329, 10.990939222515367, 11.784162783072981, 14.137990895973676, 5.652580411763068, 14.833090532404446, 6.5487419311934225, 13.157208951985602, 8.230669439130981, 5.0928230564413095, 99999999.0, 14.069623227225996, 5.956691073078284, 7.849262834068344, 11.980264061578364, 8.837391716488746, 14.755954582052716, 13.777539752166216, 11.472898513442718, 14.04856702931882, 8.423156938244315, 5.882509005772109, 9.463705139486395, 9.955782751763588, 10.994826627536089, 8.465622474614515, 6.330129717285669, 10.168762281112745, 14.230135295777087], [6.692738127872728, 10.862595557001228, 12.677968052296908, 13.893519797728692, 6.777231118892519, 12.150654341728657, 8.402082977074492, 13.23532832374404, 7.234739769081009, 6.627819149511963, 8.30714359493082, 14.069623227225996, 99999999.0, 5.124171714944002, 11.202930098677838, 5.00175407627533, 12.198481237355084, 14.601932230249105, 5.87335412685726, 8.195453600861184, 6.3140370706842095, 13.34101175052985, 10.09390409609599, 12.853268760843385, 14.57153968648684, 8.480050350056334, 7.3387710534332395, 14.075230253286438, 12.564367059598265, 9.960599267774947], [7.468435615443569, 6.557623031890155, 7.952751405550609, 9.761119567153496, 7.546902496262861, 14.366823220844982, 12.918364411246502, 11.174809326433227, 12.799057882981305, 7.74310527292415, 10.087253946788152, 5.956691073078284, 5.124171714944002, 99999999.0, 10.84937924600509, 13.203366079127996, 8.666115890452051, 7.268273863149476, 12.496517257850464, 5.702191557864542, 7.350647544609244, 14.88334691012753, 8.943969364542852, 7.732033317091773, 13.109632988541595, 14.869021198466847, 6.952246501112597, 13.3806269085988, 5.499017236512385, 12.060492024994486], [6.646537297698638, 12.062786067597662, 6.342001039751071, 14.44910473820994, 7.816676123915215, 5.305222946375584, 7.303581821673513, 7.746243602449776, 13.932105198733638, 5.900596199123324, 13.377935230571167, 7.849262834068344, 11.202930098677838, 10.84937924600509, 99999999.0, 5.173037330722245, 9.212768939802931, 11.757394443403829, 7.166722592718759, 12.279724775415204, 12.987356979672942, 11.410746751176415, 8.210701690586347, 14.75201945748136, 7.4306775265414835, 10.884415689394498, 14.798333117933266, 13.20646348662487, 9.514551083350188, 13.818442845510319], [11.228931522613223, 10.350628922514531, 13.267359482289324, 9.322663557611994, 8.031809773146456, 9.820042673030468, 12.524065247523401, 14.29382582727553, 6.255355851764406, 10.972161103161149, 9.029924212790284, 11.980264061578364, 5.00175407627533, 13.203366079127996, 5.173037330722245, 99999999.0, 11.363832232293536, 12.390021524413543, 13.587872215659564, 13.661127358633632, 12.765136570202785, 9.363143056242988, 6.472709899125503, 9.656747106186975, 7.266709592357338, 6.1124897117166475, 8.64055723346877, 7.028071169007672, 9.180805135678803, 13.803431232504566], [8.794231502209438, 11.559530959175735, 7.633295206915417, 8.337201918975348, 12.232690083781382, 14.7489202917109, 14.329902502031182, 6.432190619437943, 11.234761727592039, 12.822458419608491, 8.738734962566074, 8.837391716488746, 12.198481237355084, 8.666115890452051, 9.212768939802931, 11.363832232293536, 99999999.0, 11.827400112821156, 12.73623862737514, 13.400881415953412, 5.078950227211197, 9.85050513790026, 5.457116076991245, 7.0793483713027126, 9.228207728208424, 13.17041116088966, 13.360442484609209, 7.7838758419429634, 11.302015645153158, 12.04028488650463], [14.334890655211384, 12.068134104857478, 6.928619548484876, 13.969432816289968, 14.0177454383919, 9.385591296240348, 6.351145394452765, 9.532139425250712, 10.668952162113069, 8.929623469398269, 5.094430095453923, 14.755954582052716, 14.601932230249105, 7.268273863149476, 11.757394443403829, 12.390021524413543, 11.827400112821156, 99999999.0, 10.97302708824953, 13.365023180785377, 9.347306604756735, 13.417066241390478, 6.178979587014888, 12.832007484220908, 14.269593281672408, 7.2470955018276575, 7.242827410661769, 8.25642444770784, 9.229585718067455, 8.518983749437309], [10.017265599396001, 9.320663591987296, 12.058113128763791, 5.845496355510446, 10.233301105290593, 13.722821941309302, 8.822588921248787, 13.712462834115133, 12.332489384515684, 9.964972737390667, 5.6827260213166895, 13.777539752166216, 5.87335412685726, 12.496517257850464, 7.166722592718759, 13.587872215659564, 12.73623862737514, 10.97302708824953, 99999999.0, 11.76015316324027, 11.987175077648095, 14.340609740348702, 10.115373241464935, 8.643274374370495, 8.307701058609972, 5.4063626249891445, 14.800984865835106, 11.279872217385186, 7.918194055352583, 14.402898775670824], [5.054928069227076, 6.57998319402883, 9.433790621441876, 9.822408254758166, 7.833674579509725, 8.462620876832137, 14.922315179847201, 9.022067822969841, 10.051686827770478, 7.585790795202301, 10.258802583313502, 11.472898513442718, 8.195453600861184, 5.702191557864542, 12.279724775415204, 13.661127358633632, 13.400881415953412, 13.365023180785377, 11.76015316324027, 99999999.0, 12.266784647886826, 13.394889373971274, 13.611560175632304, 8.381881924844139, 13.013881597516558, 11.374735997388912, 11.538067847921184, 11.24025042614663, 11.89921979029435, 5.804130823401175], [11.45452698158414, 14.815732501794594, 14.930115102624708, 8.23281927755584, 6.929964536796006, 8.30375363010496, 7.75387452782177, 11.461218923141027, 5.82599001598693, 13.38606056242927, 9.000276141654359, 14.04856702931882, 6.3140370706842095, 7.350647544609244, 12.987356979672942, 12.765136570202785, 5.078950227211197, 9.347306604756735, 11.987175077648095, 12.266784647886826, 99999999.0, 5.459359965331897, 6.087220583414727, 12.552325926577119, 8.298357828955666, 7.61018304501282, 5.469819628886217, 6.988609863314339, 6.542633782692785, 6.625712637472455], [14.742664048667443, 7.375017587559772, 7.511955825367009, 14.463519796844565, 14.269457282703165, 10.350594734157674, 14.516693326818709, 6.696324752150239, 9.366498170384252, 6.71972180459907, 6.480141607960142, 8.423156938244315, 13.34101175052985, 14.88334691012753, 11.410746751176415, 9.363143056242988, 9.85050513790026, 13.417066241390478, 14.340609740348702, 13.394889373971274, 5.459359965331897, 99999999.0, 11.9946082311833, 10.819043825489228, 7.662730459597785, 7.621714199062449, 14.273882306597866, 9.728538303566387, 12.60074254940125, 6.729266902113439], [7.442862987071608, 14.426389095441792, 9.381448522555075, 5.494060625654036, 7.348878995039316, 12.402888035097414, 14.349314904195401, 7.351041255926377, 7.131171766476882, 9.790442858388163, 5.546494426126247, 5.882509005772109, 10.09390409609599, 8.943969364542852, 8.210701690586347, 6.472709899125503, 5.457116076991245, 6.178979587014888, 10.115373241464935, 13.611560175632304, 6.087220583414727, 11.9946082311833, 99999999.0, 8.416277663785454, 11.70609314104436, 12.762402189210645, 13.449651097120078, 13.706740869150073, 10.184524570219699, 8.387613791381341], [14.839036043312793, 9.294977877046112, 9.694971194060198, 6.818518737703798, 10.68232431050065, 9.262690320199525, 6.413925835379077, 5.226381694247011, 5.1338326590172825, 14.179284157078532, 6.582237430047356, 9.463705139486395, 12.853268760843385, 7.732033317091773, 14.75201945748136, 9.656747106186975, 7.0793483713027126, 12.832007484220908, 8.643274374370495, 8.381881924844139, 12.552325926577119, 10.819043825489228, 8.416277663785454, 99999999.0, 7.216530693646378, 11.635058445284937, 7.670478769801544, 10.643567181613257, 12.756165895090618, 10.233340183081449], [10.890901852115682, 5.316479658421789, 13.302969663303566, 10.545424823675253, 5.134995213246217, 8.269156904520665, 7.640499183068244, 12.469394312832108, 10.405377191344833, 13.54608994965474, 14.19364137597526, 9.955782751763588, 14.57153968648684, 13.109632988541595, 7.4306775265414835, 7.266709592357338, 9.228207728208424, 14.269593281672408, 8.307701058609972, 13.013881597516558, 8.298357828955666, 7.662730459597785, 11.70609314104436, 7.216530693646378, 99999999.0, 14.001250304892872, 14.870384624426991, 10.194264812687878, 11.79294030241232, 5.955407822878249], [13.590989516054771, 7.097238754623517, 12.119978630934794, 7.26131328200327, 13.225169377152685, 14.980534466467198, 10.662704699438699, 6.152762887543231, 8.247224284128357, 11.891164904656069, 8.429826708039236, 10.994826627536089, 8.480050350056334, 14.869021198466847, 10.884415689394498, 6.1124897117166475, 13.17041116088966, 7.2470955018276575, 5.4063626249891445, 11.374735997388912, 7.61018304501282, 7.621714199062449, 12.762402189210645, 11.635058445284937, 14.001250304892872, 99999999.0, 5.359557766396513, 12.946485161113488, 7.687560507559655, 6.691299942715666], [7.403499074942191, 13.011864406088165, 5.148085495708888, 11.918040179987086, 9.059119310139078, 12.902671013105875, 9.835022863966412, 12.725591236628981, 12.969725883677395, 10.663239857537409, 8.243456683075756, 8.465622474614515, 7.3387710534332395, 6.952246501112597, 14.798333117933266, 8.64055723346877, 13.360442484609209, 7.242827410661769, 14.800984865835106, 11.538067847921184, 5.469819628886217, 14.273882306597866, 13.449651097120078, 7.670478769801544, 14.870384624426991, 5.359557766396513, 99999999.0, 9.793552292591114, 14.21941995263904, 6.519452466948642], [14.397810601388981, 7.316936470814714, 12.889365653405402, 7.235251731060571, 12.80344749246315, 12.041837328940499, 6.4866675435091725, 13.22419562222741, 13.801205504086985, 7.5639067451042745, 5.72404352049513, 6.330129717285669, 14.075230253286438, 13.3806269085988, 13.20646348662487, 7.028071169007672, 7.7838758419429634, 8.25642444770784, 11.279872217385186, 11.24025042614663, 6.988609863314339, 9.728538303566387, 13.706740869150073, 10.643567181613257, 10.194264812687878, 12.946485161113488, 9.793552292591114, 99999999.0, 9.10082388142363, 12.806223922960715], [7.808083678169554, 10.186191407855087, 11.079877285273732, 13.32024929465655, 7.919439615546215, 5.3962754999231635, 7.564424367605018, 13.512019653272658, 12.590819351192497, 13.702051590242982, 12.772272804839481, 10.168762281112745, 12.564367059598265, 5.499017236512385, 9.514551083350188, 9.180805135678803, 11.302015645153158, 9.229585718067455, 7.918194055352583, 11.89921979029435, 6.542633782692785, 12.60074254940125, 10.184524570219699, 12.756165895090618, 11.79294030241232, 7.687560507559655, 14.21941995263904, 9.10082388142363, 99999999.0, 7.785061231892366], [6.8194433237753485, 5.467144589695594, 10.612681701365576, 7.159029300030918, 12.226210368934527, 8.499551852047384, 10.979988773978931, 6.128162130133651, 8.826152465671163, 12.121802456962943, 12.06743809115102, 14.230135295777087, 9.960599267774947, 12.060492024994486, 13.818442845510319, 13.803431232504566, 12.04028488650463, 8.518983749437309, 14.402898775670824, 5.804130823401175, 6.625712637472455, 6.729266902113439, 8.387613791381341, 10.233340183081449, 5.955407822878249, 6.691299942715666, 6.519452466948642, 12.806223922960715, 7.785061231892366, 99999999.0]];
