M = 99999999.0;
numWorkers = 25;
numRoles = 6;
numNodes = 30;
wStart = [0, 63.76613545274146, 44.85479563236281, 52.58696840122631, 45.89728995184043, 37.39694572031705, 40.02503384806721, 42.3525187030661, 35.57124749027104, 23.07323630438741, 18.75602903986118, 50.2567877467028, 35.21968130353225, 40.004430077755224, 41.91571205508008, 44.85384141765578, 33.572727690598235, 18.412178018084663, 3.0062070960643226, 13.995788126722545, 42.408337248949294, 41.79475460004839, 39.08679425727718, 49.31852899824704, 21.039353200211306, 49.827831245833856, 44.358445890236865, 14.810694689476849, 12.681107723483494, 0];
wEnd = [0, 89.79868149523622, 79.15324721309955, 85.12529569826603, 84.05326570623286, 63.11371875138801, 73.12019939531415, 79.35618153047227, 74.05683946386878, 60.7196970821757, 48.326907270227174, 79.93550620591174, 68.13691416484346, 78.47147746946983, 67.43210084164348, 71.59766685298506, 72.837943884688, 54.66485573127089, 30.364121571356453, 52.457146347042055, 79.74708014353492, 70.62988528431856, 68.11225566156105, 79.93929624775336, 55.1016784417959, 78.91866376616736, 77.48788877549154, 54.4356091790169, 40.766572414969254, 90];
p = [0, 7.474405473777418, 14.41195179027967, 8.494754555566562, 12.156385304443756, 13.65946884556008, 9.655100219676976, 13.075689587140836, 12.904271296977237, 22.516835293935266, 12.574838121986538, 10.908932913260449, 11.68048824870445, 12.353339392162317, 11.559184974979479, 6.895372976231561, 15.14926049140016, 21.89844007282154, 14.133135121004383, 15.565496542740918, 11.60795216846478, 13.240505149794263, 11.306822920285088, 9.711014376734214, 18.702177134052732, 14.28238927020985, 15.244105157909436, 22.295025695961904, 9.164935969055547, 0];
e = [[1, 1, 0, 0, 0, 0], [0, 1, 0, 1, 0, 0], [1, 1, 0, 0, 0, 0], [1, 0, 1, 0, 0, 0], [0, 1, 0, 0, 0, 1], [1, 0, 0, 0, 1, 0], [1, 0, 0, 1, 0, 0], [1, 1, 0, 0, 0, 0], [0, 1, 0, 1, 0, 0], [0, 1, 0, 1, 0, 0], [1, 1, 0, 0, 0, 0], [0, 1, 0, 1, 0, 0], [1, 1, 0, 0, 0, 0], [0, 1, 0, 0, 0, 0], [1, 1, 0, 0, 0, 0], [0, 1, 0, 0, 0, 1], [1, 1, 0, 0, 0, 0], [0, 1, 0, 0, 0, 1], [0, 1, 0, 0, 0, 0], [0, 1, 0, 0, 1, 0], [0, 1, 0, 0, 0, 1], [0, 1, 0, 0, 0, 1], [0, 1, 0, 1, 0, 0], [0, 0, 1, 0, 0, 0], [0, 0, 0, 0, 1, 0]];
d = [[2, 0, 2, 0, 0, 0, 1, 1, 0, 1, 2, 0, 1, 1, 0, 1, 1, 1, 1, 0, 1, 0, 1, 1, 1, 0, 0, 2], [0, 1, 1, 0, 1, 0, 1, 2, 0, 0, 1, 0, 1, 0, 1, 0, 0, 2, 2, 1, 0, 1, 1, 0, 2, 2, 2, 0], [1, 0, 1, 0, 1, 1, 0, 0, 0, 0, 1, 0, 0, 1, 2, 0, 0, 1, 2, 1, 1, 0, 0, 0, 0, 0, 0, 2], [0, 2, 1, 1, 1, 0, 0, 0, 1, 2, 0, 1, 3, 4, 2, 0, 1, 1, 0, 1, 0, 4, 2, 1, 2, 0, 0, 1], [0, 2, 1, 2, 0, 0, 1, 2, 4, 1, 1, 1, 1, 1, 0, 5, 2, 3, 2, 1, 0, 2, 1, 1, 0, 3, 2, 1], [1, 1, 0, 1, 1, 2, 1, 2, 1, 0, 1, 1, 0, 1, 1, 1, 2, 0, 1, 3, 1, 1, 0, 1, 0, 0, 1, 2]];
r = [185.35387731222113, 81.12962601808302, 92.3710206418648, 156.29771819952379, 53.314252978569755, 101.60715541785595, 144.5748646351775, 120.74649597407503, 93.71058491119206, 125.76906376152883, 121.30403672389517, 142.73644116856576, 135.77878950670004, 92.86639279074845, 133.84083639053063, 191.32018188196466, 166.70875543095974, 195.28759282289465, 78.26653396619088, 120.968327935548, 185.62731315373927, 86.78564820230866, 90.65180525916793, 66.63992152517329, 145.50379748857904, 125.60464093480199, 180.18424420885182, 81.7831260942769];
b = [[[0.0, 0.0, 0.0, 0.0, 0.0, 0.0, 0.0, 0.0, 0.0, 0.0, 0.0, 0.0, 0.0, 0.0, 0.0, 0.0, 0.0, 0.0, 0.0, 0.0, 0.0, 0.0, 0.0, 0.0, 0.0, 0.0, 0.0, 0.0], [0.0, 0.0, 0.0, 0.0, 0.0, 0.0, 0.0, 0.0, 0.0, 0.0, 0.0, 0.0, 0.0, 0.0, 0.0, 0.0, 0.0, 0.0, 0.0, 0.0, 0.0, 0.0, 0.0, 0.0, 0.0, 0.0, 0.0, 0.0], [0.0, 0.0, 0.0, 0.0, 0.0, 0.0, 0.0, 0.0, 0.0, 0.0, 0.0, 0.0, 0.0, 0.0, 0.0, 0.0, 0.0, 0.0, 0.0, 0.0, 0.0, 0.0, 0.0, 0.0, 0.0, 0.0, 0.0, 0.0], [0.0, 0.0, 0.0, 0.0, 0.0, 0.0, 0.0, 0.0, 0.0, 0.0, 0.0, 0.0, 0.0, 0.0, 0.0, 0.0, 0.0, 0.0, 0.0, 0.0, 0.0, 0.0, 0.0, 0.0, 0.0, 0.0, 0.0, 0.0], [0.0, 0.0, 0.0, 0.0, 0.0, 0.0, 0.0, 0.0, 0.0, 0.0, 0.0, 0.0, 0.0, 0.0, 0.0, 0.0, 0.0, 0.0, 0.0, 0.0, 0.0, 0.0, 0.0, 0.0, 0.0, 0.0, 0.0, 0.0], [0.0, 0.0, 0.0, 0.0, 0.0, 0.0, 0.0, 0.0, 0.0, 0.0, 0.0, 0.0, 0.0, 0.0, 0.0, 0.0, 0.0, 0.0, 0.0, 0.0, 0.0, 0.0, 0.0, 0.0, 0.0, 0.0, 0.0, 0.0]], [[0.0, 0.0, 0.0, 0.0, 0.0, 0.0, 0.0, 0.0, 0.0, 0.0, 0.0, 0.0, 0.0, 0.0, 0.0, 0.0, 0.0, 0.0, 0.0, 0.0, 0.0, 0.0, 0.0, 0.0, 0.0, 0.0, 0.0, 0.0], [0.0, 0.0, 0.0, 0.0, 0.0, 0.0, 0.0, 0.0, 0.0, 0.0, 0.0, 0.0, 0.0, 0.0, 0.0, 0.0, 0.0, 0.0, 0.0, 0.0, 0.0, 0.0, 0.0, 0.0, 0.0, 0.0, 0.0, 0.0], [0.0, 0.0, 0.0, 0.0, 0.0, 0.0, 0.0, 0.0, 0.0, 0.0, 0.0, 0.0, 0.0, 0.0, 0.0, 0.0, 0.0, 0.0, 0.0, 0.0, 0.0, 0.0, 0.0, 0.0, 0.0, 0.0, 0.0, 0.0], [0.0, 0.0, 0.0, 0.0, 0.0, 0.0, 0.0, 0.0, 0.0, 0.0, 0.0, 0.0, 0.0, 0.0, 0.0, 0.0, 0.0, 0.0, 0.0, 0.0, 0.0, 0.0, 0.0, 0.0, 0.0, 0.0, 0.0, 0.0], [0.0, 0.0, 0.0, 0.0, 0.0, 0.0, 0.0, 0.0, 0.0, 0.0, 0.0, 0.0, 0.0, 0.0, 0.0, 0.0, 0.0, 0.0, 0.0, 0.0, 0.0, 0.0, 0.0, 0.0, 0.0, 0.0, 0.0, 0.0], [0.0, 0.0, 0.0, 0.0, 0.0, 0.0, 0.0, 0.0, 0.0, 0.0, 0.0, 0.0, 0.0, 0.0, 0.0, 0.0, 0.0, 0.0, 0.0, 0.0, 0.0, 0.0, 0.0, 0.0, 0.0, 0.0, 0.0, 0.0]], [[0.0, 0.0, 0.0, 0.0, 0.0, 0.0, 0.0, 0.0, 0.0, 0.0, 0.0, 0.0, 0.0, 0.0, 0.0, 0.0, 0.0, 0.0, 0.0, 0.0, 0.0, 0.0, 0.0, 0.0, 0.0, 0.0, 0.0, 0.0], [0.0, 0.0, 0.0, 0.0, 0.0, 0.0, 0.0, 0.0, 0.0, 0.0, 0.0, 0.0, 0.0, 0.0, 0.0, 0.0, 0.0, 0.0, 0.0, 0.0, 0.0, 0.0, 0.0, 0.0, 0.0, 0.0, 0.0, 0.0], [0.0, 0.0, 0.0, 0.0, 0.0, 0.0, 0.0, 0.0, 0.0, 0.0, 0.0, 0.0, 0.0, 0.0, 0.0, 0.0, 0.0, 0.0, 0.0, 0.0, 0.0, 0.0, 0.0, 0.0, 0.0, 0.0, 0.0, 0.0], [0.0, 0.0, 0.0, 0.0, 0.0, 0.0, 0.0, 0.0, 0.0, 0.0, 0.0, 0.0, 0.0, 0.0, 0.0, 0.0, 0.0, 0.0, 0.0, 0.0, 0.0, 0.0, 0.0, 0.0, 0.0, 0.0, 0.0, 0.0], [0.0, 0.0, 0.0, 0.0, 0.0, 0.0, 0.0, 0.0, 0.0, 0.0, 0.0, 0.0, 0.0, 0.0, 0.0, 0.0, 0.0, 0.0, 0.0, 0.0, 0.0, 0.0, 0.0, 0.0, 0.0, 0.0, 0.0, 0.0], [0.0, 0.0, 0.0, 0.0, 0.0, 0.0, 0.0, 0.0, 0.0, 0.0, 0.0, 0.0, 0.0, 0.0, 0.0, 0.0, 0.0, 0.0, 0.0, 0.0, 0.0, 0.0, 0.0, 0.0, 0.0, 0.0, 0.0, 0.0]], [[0.0, 0.0, 0.0, 0.0, 0.0, 0.0, 0.0, 0.0, 0.0, 0.0, 0.0, 0.0, 0.0, 0.0, 0.0, 0.0, 0.0, 0.0, 0.0, 0.0, 0.0, 0.0, 0.0, 0.0, 0.0, 0.0, 0.0, 0.0], [0.0, 0.0, 0.0, 0.0, 0.0, 0.0, 0.0, 0.0, 0.0, 0.0, 0.0, 0.0, 0.0, 0.0, 0.0, 0.0, 0.0, 0.0, 0.0, 0.0, 0.0, 0.0, 0.0, 0.0, 0.0, 0.0, 0.0, 0.0], [0.0, 0.0, 0.0, 0.0, 0.0, 0.0, 0.0, 0.0, 0.0, 0.0, 0.0, 0.0, 0.0, 0.0, 0.0, 0.0, 0.0, 0.0, 0.0, 0.0, 0.0, 0.0, 0.0, 0.0, 0.0, 0.0, 0.0, 0.0], [0.0, 0.0, 0.0, 0.0, 0.0, 0.0, 0.0, 0.0, 0.0, 0.0, 0.0, 0.0, 0.0, 0.0, 0.0, 0.0, 0.0, 0.0, 0.0, 0.0, 0.0, 0.0, 0.0, 0.0, 0.0, 0.0, 0.0, 0.0], [0.0, 0.0, 0.0, 0.0, 0.0, 0.0, 0.0, 0.0, 0.0, 0.0, 0.0, 0.0, 0.0, 0.0, 0.0, 0.0, 0.0, 0.0, 0.0, 0.0, 0.0, 0.0, 0.0, 0.0, 0.0, 0.0, 0.0, 0.0], [0.0, 0.0, 0.0, 0.0, 0.0, 0.0, 0.0, 0.0, 0.0, 0.0, 0.0, 0.0, 0.0, 0.0, 0.0, 0.0, 0.0, 0.0, 0.0, 0.0, 0.0, 0.0, 0.0, 0.0, 0.0, 0.0, 0.0, 0.0]], [[0.0, 0.0, 0.0, 0.0, 0.0, 0.0, 0.0, 0.0, 0.0, 0.0, 0.0, 0.0, 0.0, 0.0, 0.0, 0.0, 0.0, 0.0, 0.0, 0.0, 0.0, 0.0, 0.0, 0.0, 0.0, 0.0, 0.0, 0.0], [0.0, 0.0, 0.0, 0.0, 0.0, 0.0, 0.0, 0.0, 0.0, 0.0, 0.0, 0.0, 0.0, 0.0, 0.0, 0.0, 0.0, 0.0, 0.0, 0.0, 0.0, 0.0, 0.0, 0.0, 0.0, 0.0, 0.0, 0.0], [0.0, 0.0, 0.0, 0.0, 0.0, 0.0, 0.0, 0.0, 0.0, 0.0, 0.0, 0.0, 0.0, 0.0, 0.0, 0.0, 0.0, 0.0, 0.0, 0.0, 0.0, 0.0, 0.0, 0.0, 0.0, 0.0, 0.0, 0.0], [0.0, 0.0, 0.0, 0.0, 0.0, 0.0, 0.0, 0.0, 0.0, 0.0, 0.0, 0.0, 0.0, 0.0, 0.0, 0.0, 0.0, 0.0, 0.0, 0.0, 0.0, 0.0, 0.0, 0.0, 0.0, 0.0, 0.0, 0.0], [0.0, 0.0, 0.0, 0.0, 0.0, 0.0, 0.0, 0.0, 0.0, 0.0, 0.0, 0.0, 0.0, 0.0, 0.0, 0.0, 0.0, 0.0, 0.0, 0.0, 0.0, 0.0, 0.0, 0.0, 0.0, 0.0, 0.0, 0.0], [0.0, 0.0, 0.0, 0.0, 0.0, 0.0, 0.0, 0.0, 0.0, 0.0, 0.0, 0.0, 0.0, 0.0, 0.0, 0.0, 0.0, 0.0, 0.0, 0.0, 0.0, 0.0, 0.0, 0.0, 0.0, 0.0, 0.0, 0.0]], [[0.0, 0.0, 0.0, 0.0, 0.0, 0.0, 0.0, 0.0, 0.0, 0.0, 0.0, 0.0, 0.0, 0.0, 0.0, 0.0, 0.0, 0.0, 0.0, 0.0, 0.0, 0.0, 0.0, 0.0, 0.0, 0.0, 0.0, 0.0], [0.0, 0.0, 0.0, 0.0, 0.0, 0.0, 0.0, 0.0, 0.0, 0.0, 0.0, 0.0, 0.0, 0.0, 0.0, 0.0, 0.0, 0.0, 0.0, 0.0, 0.0, 0.0, 0.0, 0.0, 0.0, 0.0, 0.0, 0.0], [0.0, 0.0, 0.0, 0.0, 0.0, 0.0, 0.0, 0.0, 0.0, 0.0, 0.0, 0.0, 0.0, 0.0, 0.0, 0.0, 0.0, 0.0, 0.0, 0.0, 0.0, 0.0, 0.0, 0.0, 0.0, 0.0, 0.0, 0.0], [0.0, 0.0, 0.0, 0.0, 0.0, 0.0, 0.0, 0.0, 0.0, 0.0, 0.0, 0.0, 0.0, 0.0, 0.0, 0.0, 0.0, 0.0, 0.0, 0.0, 0.0, 0.0, 0.0, 0.0, 0.0, 0.0, 0.0, 0.0], [0.0, 0.0, 0.0, 0.0, 0.0, 0.0, 0.0, 0.0, 0.0, 0.0, 0.0, 0.0, 0.0, 0.0, 0.0, 0.0, 0.0, 0.0, 0.0, 0.0, 0.0, 0.0, 0.0, 0.0, 0.0, 0.0, 0.0, 0.0], [0.0, 0.0, 0.0, 0.0, 0.0, 0.0, 0.0, 0.0, 0.0, 0.0, 0.0, 0.0, 0.0, 0.0, 0.0, 0.0, 0.0, 0.0, 0.0, 0.0, 0.0, 0.0, 0.0, 0.0, 0.0, 0.0, 0.0, 0.0]], [[0.0, 0.0, 0.0, 0.0, 0.0, 0.0, 0.0, 0.0, 0.0, 0.0, 0.0, 0.0, 0.0, 0.0, 0.0, 0.0, 0.0, 0.0, 0.0, 0.0, 0.0, 0.0, 0.0, 0.0, 0.0, 0.0, 0.0, 0.0], [0.0, 0.0, 0.0, 0.0, 0.0, 0.0, 0.0, 0.0, 0.0, 0.0, 0.0, 0.0, 0.0, 0.0, 0.0, 0.0, 0.0, 0.0, 0.0, 0.0, 0.0, 0.0, 0.0, 0.0, 0.0, 0.0, 0.0, 0.0], [0.0, 0.0, 0.0, 0.0, 0.0, 0.0, 0.0, 0.0, 0.0, 0.0, 0.0, 0.0, 0.0, 0.0, 0.0, 0.0, 0.0, 0.0, 0.0, 0.0, 0.0, 0.0, 0.0, 0.0, 0.0, 0.0, 0.0, 0.0], [0.0, 0.0, 0.0, 0.0, 0.0, 0.0, 0.0, 0.0, 0.0, 0.0, 0.0, 0.0, 0.0, 0.0, 0.0, 0.0, 0.0, 0.0, 0.0, 0.0, 0.0, 0.0, 0.0, 0.0, 0.0, 0.0, 0.0, 0.0], [0.0, 0.0, 0.0, 0.0, 0.0, 0.0, 0.0, 0.0, 0.0, 0.0, 0.0, 0.0, 0.0, 0.0, 0.0, 0.0, 0.0, 0.0, 0.0, 0.0, 0.0, 0.0, 0.0, 0.0, 0.0, 0.0, 0.0, 0.0], [0.0, 0.0, 0.0, 0.0, 0.0, 0.0, 0.0, 0.0, 0.0, 0.0, 0.0, 0.0, 0.0, 0.0, 0.0, 0.0, 0.0, 0.0, 0.0, 0.0, 0.0, 0.0, 0.0, 0.0, 0.0, 0.0, 0.0, 0.0]], [[0.0, 0.0, 0.0, 0.0, 0.0, 0.0, 0.0, 0.0, 0.0, 0.0, 0.0, 0.0, 0.0, 0.0, 0.0, 0.0, 0.0, 0.0, 0.0, 0.0, 0.0, 0.0, 0.0, 0.0, 0.0, 0.0, 0.0, 0.0], [0.0, 0.0, 0.0, 0.0, 0.0, 0.0, 0.0, 0.0, 0.0, 0.0, 0.0, 0.0, 0.0, 0.0, 0.0, 0.0, 0.0, 0.0, 0.0, 0.0, 0.0, 0.0, 0.0, 0.0, 0.0, 0.0, 0.0, 0.0], [0.0, 0.0, 0.0, 0.0, 0.0, 0.0, 0.0, 0.0, 0.0, 0.0, 0.0, 0.0, 0.0, 0.0, 0.0, 0.0, 0.0, 0.0, 0.0, 0.0, 0.0, 0.0, 0.0, 0.0, 0.0, 0.0, 0.0, 0.0], [0.0, 0.0, 0.0, 0.0, 0.0, 0.0, 0.0, 0.0, 0.0, 0.0, 0.0, 0.0, 0.0, 0.0, 0.0, 0.0, 0.0, 0.0, 0.0, 0.0, 0.0, 0.0, 0.0, 0.0, 0.0, 0.0, 0.0, 0.0], [0.0, 0.0, 0.0, 0.0, 0.0, 0.0, 0.0, 0.0, 0.0, 0.0, 0.0, 0.0, 0.0, 0.0, 0.0, 0.0, 0.0, 0.0, 0.0, 0.0, 0.0, 0.0, 0.0, 0.0, 0.0, 0.0, 0.0, 0.0], [0.0, 0.0, 0.0, 0.0, 0.0, 0.0, 0.0, 0.0, 0.0, 0.0, 0.0, 0.0, 0.0, 0.0, 0.0, 0.0, 0.0, 0.0, 0.0, 0.0, 0.0, 0.0, 0.0, 0.0, 0.0, 0.0, 0.0, 0.0]], [[0.0, 0.0, 0.0, 0.0, 0.0, 0.0, 0.0, 0.0, 0.0, 0.0, 0.0, 0.0, 0.0, 0.0, 0.0, 0.0, 0.0, 0.0, 0.0, 0.0, 0.0, 0.0, 0.0, 0.0, 0.0, 0.0, 0.0, 0.0], [0.0, 0.0, 0.0, 0.0, 0.0, 0.0, 0.0, 0.0, 0.0, 0.0, 0.0, 0.0, 0.0, 0.0, 0.0, 0.0, 0.0, 0.0, 0.0, 0.0, 0.0, 0.0, 0.0, 0.0, 0.0, 0.0, 0.0, 0.0], [0.0, 0.0, 0.0, 0.0, 0.0, 0.0, 0.0, 0.0, 0.0, 0.0, 0.0, 0.0, 0.0, 0.0, 0.0, 0.0, 0.0, 0.0, 0.0, 0.0, 0.0, 0.0, 0.0, 0.0, 0.0, 0.0, 0.0, 0.0], [0.0, 0.0, 0.0, 0.0, 0.0, 0.0, 0.0, 0.0, 0.0, 0.0, 0.0, 0.0, 0.0, 0.0, 0.0, 0.0, 0.0, 0.0, 0.0, 0.0, 0.0, 0.0, 0.0, 0.0, 0.0, 0.0, 0.0, 0.0], [0.0, 0.0, 0.0, 0.0, 0.0, 0.0, 0.0, 0.0, 0.0, 0.0, 0.0, 0.0, 0.0, 0.0, 0.0, 0.0, 0.0, 0.0, 0.0, 0.0, 0.0, 0.0, 0.0, 0.0, 0.0, 0.0, 0.0, 0.0], [0.0, 0.0, 0.0, 0.0, 0.0, 0.0, 0.0, 0.0, 0.0, 0.0, 0.0, 0.0, 0.0, 0.0, 0.0, 0.0, 0.0, 0.0, 0.0, 0.0, 0.0, 0.0, 0.0, 0.0, 0.0, 0.0, 0.0, 0.0]], [[0.0, 0.0, 0.0, 0.0, 0.0, 0.0, 0.0, 0.0, 0.0, 0.0, 0.0, 0.0, 0.0, 0.0, 0.0, 0.0, 0.0, 0.0, 0.0, 0.0, 0.0, 0.0, 0.0, 0.0, 0.0, 0.0, 0.0, 0.0], [0.0, 0.0, 0.0, 0.0, 0.0, 0.0, 0.0, 0.0, 0.0, 0.0, 0.0, 0.0, 0.0, 0.0, 0.0, 0.0, 0.0, 0.0, 0.0, 0.0, 0.0, 0.0, 0.0, 0.0, 0.0, 0.0, 0.0, 0.0], [0.0, 0.0, 0.0, 0.0, 0.0, 0.0, 0.0, 0.0, 0.0, 0.0, 0.0, 0.0, 0.0, 0.0, 0.0, 0.0, 0.0, 0.0, 0.0, 0.0, 0.0, 0.0, 0.0, 0.0, 0.0, 0.0, 0.0, 0.0], [0.0, 0.0, 0.0, 0.0, 0.0, 0.0, 0.0, 0.0, 0.0, 0.0, 0.0, 0.0, 0.0, 0.0, 0.0, 0.0, 0.0, 0.0, 0.0, 0.0, 0.0, 0.0, 0.0, 0.0, 0.0, 0.0, 0.0, 0.0], [0.0, 0.0, 0.0, 0.0, 0.0, 0.0, 0.0, 0.0, 0.0, 0.0, 0.0, 0.0, 0.0, 0.0, 0.0, 0.0, 0.0, 0.0, 0.0, 0.0, 0.0, 0.0, 0.0, 0.0, 0.0, 0.0, 0.0, 0.0], [0.0, 0.0, 0.0, 0.0, 0.0, 0.0, 0.0, 0.0, 0.0, 0.0, 0.0, 0.0, 0.0, 0.0, 0.0, 0.0, 0.0, 0.0, 0.0, 0.0, 0.0, 0.0, 0.0, 0.0, 0.0, 0.0, 0.0, 0.0]], [[0.0, 0.0, 0.0, 0.0, 0.0, 0.0, 0.0, 0.0, 0.0, 0.0, 0.0, 0.0, 0.0, 0.0, 0.0, 0.0, 0.0, 0.0, 0.0, 0.0, 0.0, 0.0, 0.0, 0.0, 0.0, 0.0, 0.0, 0.0], [0.0, 0.0, 0.0, 0.0, 0.0, 0.0, 0.0, 0.0, 0.0, 0.0, 0.0, 0.0, 0.0, 0.0, 0.0, 0.0, 0.0, 0.0, 0.0, 0.0, 0.0, 0.0, 0.0, 0.0, 0.0, 0.0, 0.0, 0.0], [0.0, 0.0, 0.0, 0.0, 0.0, 0.0, 0.0, 0.0, 0.0, 0.0, 0.0, 0.0, 0.0, 0.0, 0.0, 0.0, 0.0, 0.0, 0.0, 0.0, 0.0, 0.0, 0.0, 0.0, 0.0, 0.0, 0.0, 0.0], [0.0, 0.0, 0.0, 0.0, 0.0, 0.0, 0.0, 0.0, 0.0, 0.0, 0.0, 0.0, 0.0, 0.0, 0.0, 0.0, 0.0, 0.0, 0.0, 0.0, 0.0, 0.0, 0.0, 0.0, 0.0, 0.0, 0.0, 0.0], [0.0, 0.0, 0.0, 0.0, 0.0, 0.0, 0.0, 0.0, 0.0, 0.0, 0.0, 0.0, 0.0, 0.0, 0.0, 0.0, 0.0, 0.0, 0.0, 0.0, 0.0, 0.0, 0.0, 0.0, 0.0, 0.0, 0.0, 0.0], [0.0, 0.0, 0.0, 0.0, 0.0, 0.0, 0.0, 0.0, 0.0, 0.0, 0.0, 0.0, 0.0, 0.0, 0.0, 0.0, 0.0, 0.0, 0.0, 0.0, 0.0, 0.0, 0.0, 0.0, 0.0, 0.0, 0.0, 0.0]], [[0.0, 0.0, 0.0, 0.0, 0.0, 0.0, 0.0, 0.0, 0.0, 0.0, 0.0, 0.0, 0.0, 0.0, 0.0, 0.0, 0.0, 0.0, 0.0, 0.0, 0.0, 0.0, 0.0, 0.0, 0.0, 0.0, 0.0, 0.0], [0.0, 0.0, 0.0, 0.0, 0.0, 0.0, 0.0, 0.0, 0.0, 0.0, 0.0, 0.0, 0.0, 0.0, 0.0, 0.0, 0.0, 0.0, 0.0, 0.0, 0.0, 0.0, 0.0, 0.0, 0.0, 0.0, 0.0, 0.0], [0.0, 0.0, 0.0, 0.0, 0.0, 0.0, 0.0, 0.0, 0.0, 0.0, 0.0, 0.0, 0.0, 0.0, 0.0, 0.0, 0.0, 0.0, 0.0, 0.0, 0.0, 0.0, 0.0, 0.0, 0.0, 0.0, 0.0, 0.0], [0.0, 0.0, 0.0, 0.0, 0.0, 0.0, 0.0, 0.0, 0.0, 0.0, 0.0, 0.0, 0.0, 0.0, 0.0, 0.0, 0.0, 0.0, 0.0, 0.0, 0.0, 0.0, 0.0, 0.0, 0.0, 0.0, 0.0, 0.0], [0.0, 0.0, 0.0, 0.0, 0.0, 0.0, 0.0, 0.0, 0.0, 0.0, 0.0, 0.0, 0.0, 0.0, 0.0, 0.0, 0.0, 0.0, 0.0, 0.0, 0.0, 0.0, 0.0, 0.0, 0.0, 0.0, 0.0, 0.0], [0.0, 0.0, 0.0, 0.0, 0.0, 0.0, 0.0, 0.0, 0.0, 0.0, 0.0, 0.0, 0.0, 0.0, 0.0, 0.0, 0.0, 0.0, 0.0, 0.0, 0.0, 0.0, 0.0, 0.0, 0.0, 0.0, 0.0, 0.0]], [[0.0, 0.0, 0.0, 0.0, 0.0, 0.0, 0.0, 0.0, 0.0, 0.0, 0.0, 0.0, 0.0, 0.0, 0.0, 0.0, 0.0, 0.0, 0.0, 0.0, 0.0, 0.0, 0.0, 0.0, 0.0, 0.0, 0.0, 0.0], [0.0, 0.0, 0.0, 0.0, 0.0, 0.0, 0.0, 0.0, 0.0, 0.0, 0.0, 0.0, 0.0, 0.0, 0.0, 0.0, 0.0, 0.0, 0.0, 0.0, 0.0, 0.0, 0.0, 0.0, 0.0, 0.0, 0.0, 0.0], [0.0, 0.0, 0.0, 0.0, 0.0, 0.0, 0.0, 0.0, 0.0, 0.0, 0.0, 0.0, 0.0, 0.0, 0.0, 0.0, 0.0, 0.0, 0.0, 0.0, 0.0, 0.0, 0.0, 0.0, 0.0, 0.0, 0.0, 0.0], [0.0, 0.0, 0.0, 0.0, 0.0, 0.0, 0.0, 0.0, 0.0, 0.0, 0.0, 0.0, 0.0, 0.0, 0.0, 0.0, 0.0, 0.0, 0.0, 0.0, 0.0, 0.0, 0.0, 0.0, 0.0, 0.0, 0.0, 0.0], [0.0, 0.0, 0.0, 0.0, 0.0, 0.0, 0.0, 0.0, 0.0, 0.0, 0.0, 0.0, 0.0, 0.0, 0.0, 0.0, 0.0, 0.0, 0.0, 0.0, 0.0, 0.0, 0.0, 0.0, 0.0, 0.0, 0.0, 0.0], [0.0, 0.0, 0.0, 0.0, 0.0, 0.0, 0.0, 0.0, 0.0, 0.0, 0.0, 0.0, 0.0, 0.0, 0.0, 0.0, 0.0, 0.0, 0.0, 0.0, 0.0, 0.0, 0.0, 0.0, 0.0, 0.0, 0.0, 0.0]], [[0.0, 0.0, 0.0, 0.0, 0.0, 0.0, 0.0, 0.0, 0.0, 0.0, 0.0, 0.0, 0.0, 0.0, 0.0, 0.0, 0.0, 0.0, 0.0, 0.0, 0.0, 0.0, 0.0, 0.0, 0.0, 0.0, 0.0, 0.0], [0.0, 0.0, 0.0, 0.0, 0.0, 0.0, 0.0, 0.0, 0.0, 0.0, 0.0, 0.0, 0.0, 0.0, 0.0, 0.0, 0.0, 0.0, 0.0, 0.0, 0.0, 0.0, 0.0, 0.0, 0.0, 0.0, 0.0, 0.0], [0.0, 0.0, 0.0, 0.0, 0.0, 0.0, 0.0, 0.0, 0.0, 0.0, 0.0, 0.0, 0.0, 0.0, 0.0, 0.0, 0.0, 0.0, 0.0, 0.0, 0.0, 0.0, 0.0, 0.0, 0.0, 0.0, 0.0, 0.0], [0.0, 0.0, 0.0, 0.0, 0.0, 0.0, 0.0, 0.0, 0.0, 0.0, 0.0, 0.0, 0.0, 0.0, 0.0, 0.0, 0.0, 0.0, 0.0, 0.0, 0.0, 0.0, 0.0, 0.0, 0.0, 0.0, 0.0, 0.0], [0.0, 0.0, 0.0, 0.0, 0.0, 0.0, 0.0, 0.0, 0.0, 0.0, 0.0, 0.0, 0.0, 0.0, 0.0, 0.0, 0.0, 0.0, 0.0, 0.0, 0.0, 0.0, 0.0, 0.0, 0.0, 0.0, 0.0, 0.0], [0.0, 0.0, 0.0, 0.0, 0.0, 0.0, 0.0, 0.0, 0.0, 0.0, 0.0, 0.0, 0.0, 0.0, 0.0, 0.0, 0.0, 0.0, 0.0, 0.0, 0.0, 0.0, 0.0, 0.0, 0.0, 0.0, 0.0, 0.0]], [[0.0, 0.0, 0.0, 0.0, 0.0, 0.0, 0.0, 0.0, 0.0, 0.0, 0.0, 0.0, 0.0, 0.0, 0.0, 0.0, 0.0, 0.0, 0.0, 0.0, 0.0, 0.0, 0.0, 0.0, 0.0, 0.0, 0.0, 0.0], [0.0, 0.0, 0.0, 0.0, 0.0, 0.0, 0.0, 0.0, 0.0, 0.0, 0.0, 0.0, 0.0, 0.0, 0.0, 0.0, 0.0, 0.0, 0.0, 0.0, 0.0, 0.0, 0.0, 0.0, 0.0, 0.0, 0.0, 0.0], [0.0, 0.0, 0.0, 0.0, 0.0, 0.0, 0.0, 0.0, 0.0, 0.0, 0.0, 0.0, 0.0, 0.0, 0.0, 0.0, 0.0, 0.0, 0.0, 0.0, 0.0, 0.0, 0.0, 0.0, 0.0, 0.0, 0.0, 0.0], [0.0, 0.0, 0.0, 0.0, 0.0, 0.0, 0.0, 0.0, 0.0, 0.0, 0.0, 0.0, 0.0, 0.0, 0.0, 0.0, 0.0, 0.0, 0.0, 0.0, 0.0, 0.0, 0.0, 0.0, 0.0, 0.0, 0.0, 0.0], [0.0, 0.0, 0.0, 0.0, 0.0, 0.0, 0.0, 0.0, 0.0, 0.0, 0.0, 0.0, 0.0, 0.0, 0.0, 0.0, 0.0, 0.0, 0.0, 0.0, 0.0, 0.0, 0.0, 0.0, 0.0, 0.0, 0.0, 0.0], [0.0, 0.0, 0.0, 0.0, 0.0, 0.0, 0.0, 0.0, 0.0, 0.0, 0.0, 0.0, 0.0, 0.0, 0.0, 0.0, 0.0, 0.0, 0.0, 0.0, 0.0, 0.0, 0.0, 0.0, 0.0, 0.0, 0.0, 0.0]], [[0.0, 0.0, 0.0, 0.0, 0.0, 0.0, 0.0, 0.0, 0.0, 0.0, 0.0, 0.0, 0.0, 0.0, 0.0, 0.0, 0.0, 0.0, 0.0, 0.0, 0.0, 0.0, 0.0, 0.0, 0.0, 0.0, 0.0, 0.0], [0.0, 0.0, 0.0, 0.0, 0.0, 0.0, 0.0, 0.0, 0.0, 0.0, 0.0, 0.0, 0.0, 0.0, 0.0, 0.0, 0.0, 0.0, 0.0, 0.0, 0.0, 0.0, 0.0, 0.0, 0.0, 0.0, 0.0, 0.0], [0.0, 0.0, 0.0, 0.0, 0.0, 0.0, 0.0, 0.0, 0.0, 0.0, 0.0, 0.0, 0.0, 0.0, 0.0, 0.0, 0.0, 0.0, 0.0, 0.0, 0.0, 0.0, 0.0, 0.0, 0.0, 0.0, 0.0, 0.0], [0.0, 0.0, 0.0, 0.0, 0.0, 0.0, 0.0, 0.0, 0.0, 0.0, 0.0, 0.0, 0.0, 0.0, 0.0, 0.0, 0.0, 0.0, 0.0, 0.0, 0.0, 0.0, 0.0, 0.0, 0.0, 0.0, 0.0, 0.0], [0.0, 0.0, 0.0, 0.0, 0.0, 0.0, 0.0, 0.0, 0.0, 0.0, 0.0, 0.0, 0.0, 0.0, 0.0, 0.0, 0.0, 0.0, 0.0, 0.0, 0.0, 0.0, 0.0, 0.0, 0.0, 0.0, 0.0, 0.0], [0.0, 0.0, 0.0, 0.0, 0.0, 0.0, 0.0, 0.0, 0.0, 0.0, 0.0, 0.0, 0.0, 0.0, 0.0, 0.0, 0.0, 0.0, 0.0, 0.0, 0.0, 0.0, 0.0, 0.0, 0.0, 0.0, 0.0, 0.0]], [[0.0, 0.0, 0.0, 0.0, 0.0, 0.0, 0.0, 0.0, 0.0, 0.0, 0.0, 0.0, 0.0, 0.0, 0.0, 0.0, 0.0, 0.0, 0.0, 0.0, 0.0, 0.0, 0.0, 0.0, 0.0, 0.0, 0.0, 0.0], [0.0, 0.0, 0.0, 0.0, 0.0, 0.0, 0.0, 0.0, 0.0, 0.0, 0.0, 0.0, 0.0, 0.0, 0.0, 0.0, 0.0, 0.0, 0.0, 0.0, 0.0, 0.0, 0.0, 0.0, 0.0, 0.0, 0.0, 0.0], [0.0, 0.0, 0.0, 0.0, 0.0, 0.0, 0.0, 0.0, 0.0, 0.0, 0.0, 0.0, 0.0, 0.0, 0.0, 0.0, 0.0, 0.0, 0.0, 0.0, 0.0, 0.0, 0.0, 0.0, 0.0, 0.0, 0.0, 0.0], [0.0, 0.0, 0.0, 0.0, 0.0, 0.0, 0.0, 0.0, 0.0, 0.0, 0.0, 0.0, 0.0, 0.0, 0.0, 0.0, 0.0, 0.0, 0.0, 0.0, 0.0, 0.0, 0.0, 0.0, 0.0, 0.0, 0.0, 0.0], [0.0, 0.0, 0.0, 0.0, 0.0, 0.0, 0.0, 0.0, 0.0, 0.0, 0.0, 0.0, 0.0, 0.0, 0.0, 0.0, 0.0, 0.0, 0.0, 0.0, 0.0, 0.0, 0.0, 0.0, 0.0, 0.0, 0.0, 0.0], [0.0, 0.0, 0.0, 0.0, 0.0, 0.0, 0.0, 0.0, 0.0, 0.0, 0.0, 0.0, 0.0, 0.0, 0.0, 0.0, 0.0, 0.0, 0.0, 0.0, 0.0, 0.0, 0.0, 0.0, 0.0, 0.0, 0.0, 0.0]], [[0.0, 0.0, 0.0, 0.0, 0.0, 0.0, 0.0, 0.0, 0.0, 0.0, 0.0, 0.0, 0.0, 0.0, 0.0, 0.0, 0.0, 0.0, 0.0, 0.0, 0.0, 0.0, 0.0, 0.0, 0.0, 0.0, 0.0, 0.0], [0.0, 0.0, 0.0, 0.0, 0.0, 0.0, 0.0, 0.0, 0.0, 0.0, 0.0, 0.0, 0.0, 0.0, 0.0, 0.0, 0.0, 0.0, 0.0, 0.0, 0.0, 0.0, 0.0, 0.0, 0.0, 0.0, 0.0, 0.0], [0.0, 0.0, 0.0, 0.0, 0.0, 0.0, 0.0, 0.0, 0.0, 0.0, 0.0, 0.0, 0.0, 0.0, 0.0, 0.0, 0.0, 0.0, 0.0, 0.0, 0.0, 0.0, 0.0, 0.0, 0.0, 0.0, 0.0, 0.0], [0.0, 0.0, 0.0, 0.0, 0.0, 0.0, 0.0, 0.0, 0.0, 0.0, 0.0, 0.0, 0.0, 0.0, 0.0, 0.0, 0.0, 0.0, 0.0, 0.0, 0.0, 0.0, 0.0, 0.0, 0.0, 0.0, 0.0, 0.0], [0.0, 0.0, 0.0, 0.0, 0.0, 0.0, 0.0, 0.0, 0.0, 0.0, 0.0, 0.0, 0.0, 0.0, 0.0, 0.0, 0.0, 0.0, 0.0, 0.0, 0.0, 0.0, 0.0, 0.0, 0.0, 0.0, 0.0, 0.0], [0.0, 0.0, 0.0, 0.0, 0.0, 0.0, 0.0, 0.0, 0.0, 0.0, 0.0, 0.0, 0.0, 0.0, 0.0, 0.0, 0.0, 0.0, 0.0, 0.0, 0.0, 0.0, 0.0, 0.0, 0.0, 0.0, 0.0, 0.0]], [[0.0, 0.0, 0.0, 0.0, 0.0, 0.0, 0.0, 0.0, 0.0, 0.0, 0.0, 0.0, 0.0, 0.0, 0.0, 0.0, 0.0, 0.0, 0.0, 0.0, 0.0, 0.0, 0.0, 0.0, 0.0, 0.0, 0.0, 0.0], [0.0, 0.0, 0.0, 0.0, 0.0, 0.0, 0.0, 0.0, 0.0, 0.0, 0.0, 0.0, 0.0, 0.0, 0.0, 0.0, 0.0, 0.0, 0.0, 0.0, 0.0, 0.0, 0.0, 0.0, 0.0, 0.0, 0.0, 0.0], [0.0, 0.0, 0.0, 0.0, 0.0, 0.0, 0.0, 0.0, 0.0, 0.0, 0.0, 0.0, 0.0, 0.0, 0.0, 0.0, 0.0, 0.0, 0.0, 0.0, 0.0, 0.0, 0.0, 0.0, 0.0, 0.0, 0.0, 0.0], [0.0, 0.0, 0.0, 0.0, 0.0, 0.0, 0.0, 0.0, 0.0, 0.0, 0.0, 0.0, 0.0, 0.0, 0.0, 0.0, 0.0, 0.0, 0.0, 0.0, 0.0, 0.0, 0.0, 0.0, 0.0, 0.0, 0.0, 0.0], [0.0, 0.0, 0.0, 0.0, 0.0, 0.0, 0.0, 0.0, 0.0, 0.0, 0.0, 0.0, 0.0, 0.0, 0.0, 0.0, 0.0, 0.0, 0.0, 0.0, 0.0, 0.0, 0.0, 0.0, 0.0, 0.0, 0.0, 0.0], [0.0, 0.0, 0.0, 0.0, 0.0, 0.0, 0.0, 0.0, 0.0, 0.0, 0.0, 0.0, 0.0, 0.0, 0.0, 0.0, 0.0, 0.0, 0.0, 0.0, 0.0, 0.0, 0.0, 0.0, 0.0, 0.0, 0.0, 0.0]], [[0.0, 0.0, 0.0, 0.0, 0.0, 0.0, 0.0, 0.0, 0.0, 0.0, 0.0, 0.0, 0.0, 0.0, 0.0, 0.0, 0.0, 0.0, 0.0, 0.0, 0.0, 0.0, 0.0, 0.0, 0.0, 0.0, 0.0, 0.0], [0.0, 0.0, 0.0, 0.0, 0.0, 0.0, 0.0, 0.0, 0.0, 0.0, 0.0, 0.0, 0.0, 0.0, 0.0, 0.0, 0.0, 0.0, 0.0, 0.0, 0.0, 0.0, 0.0, 0.0, 0.0, 0.0, 0.0, 0.0], [0.0, 0.0, 0.0, 0.0, 0.0, 0.0, 0.0, 0.0, 0.0, 0.0, 0.0, 0.0, 0.0, 0.0, 0.0, 0.0, 0.0, 0.0, 0.0, 0.0, 0.0, 0.0, 0.0, 0.0, 0.0, 0.0, 0.0, 0.0], [0.0, 0.0, 0.0, 0.0, 0.0, 0.0, 0.0, 0.0, 0.0, 0.0, 0.0, 0.0, 0.0, 0.0, 0.0, 0.0, 0.0, 0.0, 0.0, 0.0, 0.0, 0.0, 0.0, 0.0, 0.0, 0.0, 0.0, 0.0], [0.0, 0.0, 0.0, 0.0, 0.0, 0.0, 0.0, 0.0, 0.0, 0.0, 0.0, 0.0, 0.0, 0.0, 0.0, 0.0, 0.0, 0.0, 0.0, 0.0, 0.0, 0.0, 0.0, 0.0, 0.0, 0.0, 0.0, 0.0], [0.0, 0.0, 0.0, 0.0, 0.0, 0.0, 0.0, 0.0, 0.0, 0.0, 0.0, 0.0, 0.0, 0.0, 0.0, 0.0, 0.0, 0.0, 0.0, 0.0, 0.0, 0.0, 0.0, 0.0, 0.0, 0.0, 0.0, 0.0]], [[0.0, 0.0, 0.0, 0.0, 0.0, 0.0, 0.0, 0.0, 0.0, 0.0, 0.0, 0.0, 0.0, 0.0, 0.0, 0.0, 0.0, 0.0, 0.0, 0.0, 0.0, 0.0, 0.0, 0.0, 0.0, 0.0, 0.0, 0.0], [0.0, 0.0, 0.0, 0.0, 0.0, 0.0, 0.0, 0.0, 0.0, 0.0, 0.0, 0.0, 0.0, 0.0, 0.0, 0.0, 0.0, 0.0, 0.0, 0.0, 0.0, 0.0, 0.0, 0.0, 0.0, 0.0, 0.0, 0.0], [0.0, 0.0, 0.0, 0.0, 0.0, 0.0, 0.0, 0.0, 0.0, 0.0, 0.0, 0.0, 0.0, 0.0, 0.0, 0.0, 0.0, 0.0, 0.0, 0.0, 0.0, 0.0, 0.0, 0.0, 0.0, 0.0, 0.0, 0.0], [0.0, 0.0, 0.0, 0.0, 0.0, 0.0, 0.0, 0.0, 0.0, 0.0, 0.0, 0.0, 0.0, 0.0, 0.0, 0.0, 0.0, 0.0, 0.0, 0.0, 0.0, 0.0, 0.0, 0.0, 0.0, 0.0, 0.0, 0.0], [0.0, 0.0, 0.0, 0.0, 0.0, 0.0, 0.0, 0.0, 0.0, 0.0, 0.0, 0.0, 0.0, 0.0, 0.0, 0.0, 0.0, 0.0, 0.0, 0.0, 0.0, 0.0, 0.0, 0.0, 0.0, 0.0, 0.0, 0.0], [0.0, 0.0, 0.0, 0.0, 0.0, 0.0, 0.0, 0.0, 0.0, 0.0, 0.0, 0.0, 0.0, 0.0, 0.0, 0.0, 0.0, 0.0, 0.0, 0.0, 0.0, 0.0, 0.0, 0.0, 0.0, 0.0, 0.0, 0.0]], [[0.0, 0.0, 0.0, 0.0, 0.0, 0.0, 0.0, 0.0, 0.0, 0.0, 0.0, 0.0, 0.0, 0.0, 0.0, 0.0, 0.0, 0.0, 0.0, 0.0, 0.0, 0.0, 0.0, 0.0, 0.0, 0.0, 0.0, 0.0], [0.0, 0.0, 0.0, 0.0, 0.0, 0.0, 0.0, 0.0, 0.0, 0.0, 0.0, 0.0, 0.0, 0.0, 0.0, 0.0, 0.0, 0.0, 0.0, 0.0, 0.0, 0.0, 0.0, 0.0, 0.0, 0.0, 0.0, 0.0], [0.0, 0.0, 0.0, 0.0, 0.0, 0.0, 0.0, 0.0, 0.0, 0.0, 0.0, 0.0, 0.0, 0.0, 0.0, 0.0, 0.0, 0.0, 0.0, 0.0, 0.0, 0.0, 0.0, 0.0, 0.0, 0.0, 0.0, 0.0], [0.0, 0.0, 0.0, 0.0, 0.0, 0.0, 0.0, 0.0, 0.0, 0.0, 0.0, 0.0, 0.0, 0.0, 0.0, 0.0, 0.0, 0.0, 0.0, 0.0, 0.0, 0.0, 0.0, 0.0, 0.0, 0.0, 0.0, 0.0], [0.0, 0.0, 0.0, 0.0, 0.0, 0.0, 0.0, 0.0, 0.0, 0.0, 0.0, 0.0, 0.0, 0.0, 0.0, 0.0, 0.0, 0.0, 0.0, 0.0, 0.0, 0.0, 0.0, 0.0, 0.0, 0.0, 0.0, 0.0], [0.0, 0.0, 0.0, 0.0, 0.0, 0.0, 0.0, 0.0, 0.0, 0.0, 0.0, 0.0, 0.0, 0.0, 0.0, 0.0, 0.0, 0.0, 0.0, 0.0, 0.0, 0.0, 0.0, 0.0, 0.0, 0.0, 0.0, 0.0]], [[0.0, 0.0, 0.0, 0.0, 0.0, 0.0, 0.0, 0.0, 0.0, 0.0, 0.0, 0.0, 0.0, 0.0, 0.0, 0.0, 0.0, 0.0, 0.0, 0.0, 0.0, 0.0, 0.0, 0.0, 0.0, 0.0, 0.0, 0.0], [0.0, 0.0, 0.0, 0.0, 0.0, 0.0, 0.0, 0.0, 0.0, 0.0, 0.0, 0.0, 0.0, 0.0, 0.0, 0.0, 0.0, 0.0, 0.0, 0.0, 0.0, 0.0, 0.0, 0.0, 0.0, 0.0, 0.0, 0.0], [0.0, 0.0, 0.0, 0.0, 0.0, 0.0, 0.0, 0.0, 0.0, 0.0, 0.0, 0.0, 0.0, 0.0, 0.0, 0.0, 0.0, 0.0, 0.0, 0.0, 0.0, 0.0, 0.0, 0.0, 0.0, 0.0, 0.0, 0.0], [0.0, 0.0, 0.0, 0.0, 0.0, 0.0, 0.0, 0.0, 0.0, 0.0, 0.0, 0.0, 0.0, 0.0, 0.0, 0.0, 0.0, 0.0, 0.0, 0.0, 0.0, 0.0, 0.0, 0.0, 0.0, 0.0, 0.0, 0.0], [0.0, 0.0, 0.0, 0.0, 0.0, 0.0, 0.0, 0.0, 0.0, 0.0, 0.0, 0.0, 0.0, 0.0, 0.0, 0.0, 0.0, 0.0, 0.0, 0.0, 0.0, 0.0, 0.0, 0.0, 0.0, 0.0, 0.0, 0.0], [0.0, 0.0, 0.0, 0.0, 0.0, 0.0, 0.0, 0.0, 0.0, 0.0, 0.0, 0.0, 0.0, 0.0, 0.0, 0.0, 0.0, 0.0, 0.0, 0.0, 0.0, 0.0, 0.0, 0.0, 0.0, 0.0, 0.0, 0.0]], [[0.0, 0.0, 0.0, 0.0, 0.0, 0.0, 0.0, 0.0, 0.0, 0.0, 0.0, 0.0, 0.0, 0.0, 0.0, 0.0, 0.0, 0.0, 0.0, 0.0, 0.0, 0.0, 0.0, 0.0, 0.0, 0.0, 0.0, 0.0], [0.0, 0.0, 0.0, 0.0, 0.0, 0.0, 0.0, 0.0, 0.0, 0.0, 0.0, 0.0, 0.0, 0.0, 0.0, 0.0, 0.0, 0.0, 0.0, 0.0, 0.0, 0.0, 0.0, 0.0, 0.0, 0.0, 0.0, 0.0], [0.0, 0.0, 0.0, 0.0, 0.0, 0.0, 0.0, 0.0, 0.0, 0.0, 0.0, 0.0, 0.0, 0.0, 0.0, 0.0, 0.0, 0.0, 0.0, 0.0, 0.0, 0.0, 0.0, 0.0, 0.0, 0.0, 0.0, 0.0], [0.0, 0.0, 0.0, 0.0, 0.0, 0.0, 0.0, 0.0, 0.0, 0.0, 0.0, 0.0, 0.0, 0.0, 0.0, 0.0, 0.0, 0.0, 0.0, 0.0, 0.0, 0.0, 0.0, 0.0, 0.0, 0.0, 0.0, 0.0], [0.0, 0.0, 0.0, 0.0, 0.0, 0.0, 0.0, 0.0, 0.0, 0.0, 0.0, 0.0, 0.0, 0.0, 0.0, 0.0, 0.0, 0.0, 0.0, 0.0, 0.0, 0.0, 0.0, 0.0, 0.0, 0.0, 0.0, 0.0], [0.0, 0.0, 0.0, 0.0, 0.0, 0.0, 0.0, 0.0, 0.0, 0.0, 0.0, 0.0, 0.0, 0.0, 0.0, 0.0, 0.0, 0.0, 0.0, 0.0, 0.0, 0.0, 0.0, 0.0, 0.0, 0.0, 0.0, 0.0]], [[0.0, 0.0, 0.0, 0.0, 0.0, 0.0, 0.0, 0.0, 0.0, 0.0, 0.0, 0.0, 0.0, 0.0, 0.0, 0.0, 0.0, 0.0, 0.0, 0.0, 0.0, 0.0, 0.0, 0.0, 0.0, 0.0, 0.0, 0.0], [0.0, 0.0, 0.0, 0.0, 0.0, 0.0, 0.0, 0.0, 0.0, 0.0, 0.0, 0.0, 0.0, 0.0, 0.0, 0.0, 0.0, 0.0, 0.0, 0.0, 0.0, 0.0, 0.0, 0.0, 0.0, 0.0, 0.0, 0.0], [0.0, 0.0, 0.0, 0.0, 0.0, 0.0, 0.0, 0.0, 0.0, 0.0, 0.0, 0.0, 0.0, 0.0, 0.0, 0.0, 0.0, 0.0, 0.0, 0.0, 0.0, 0.0, 0.0, 0.0, 0.0, 0.0, 0.0, 0.0], [0.0, 0.0, 0.0, 0.0, 0.0, 0.0, 0.0, 0.0, 0.0, 0.0, 0.0, 0.0, 0.0, 0.0, 0.0, 0.0, 0.0, 0.0, 0.0, 0.0, 0.0, 0.0, 0.0, 0.0, 0.0, 0.0, 0.0, 0.0], [0.0, 0.0, 0.0, 0.0, 0.0, 0.0, 0.0, 0.0, 0.0, 0.0, 0.0, 0.0, 0.0, 0.0, 0.0, 0.0, 0.0, 0.0, 0.0, 0.0, 0.0, 0.0, 0.0, 0.0, 0.0, 0.0, 0.0, 0.0], [0.0, 0.0, 0.0, 0.0, 0.0, 0.0, 0.0, 0.0, 0.0, 0.0, 0.0, 0.0, 0.0, 0.0, 0.0, 0.0, 0.0, 0.0, 0.0, 0.0, 0.0, 0.0, 0.0, 0.0, 0.0, 0.0, 0.0, 0.0]]];
t = [[99999999.0, 13.328169777466503, 8.007002263544102, 13.984658613978382, 11.305831034448227, 14.68440009650961, 12.549378311433934, 14.34257235626874, 9.469974773542862, 12.622393534243127, 6.249919794157722, 10.308678612650496, 9.802397562926027, 6.0165872817029085, 7.33647892921049, 5.146772166138602, 10.732779117884423, 7.791696572611318, 6.171718641247182, 14.051425482234222, 8.469095038601282, 10.602693459291732, 12.804326843450912, 9.76420208218179, 7.452540182071664, 10.505391829099725, 14.559675650201477, 11.277786414726325, 5.86314975288958, 13.472953487797158], [13.328169777466503, 99999999.0, 7.048839630227784, 13.1684091482105, 12.617255234980519, 14.2011548659639, 13.818735525261006, 5.46631702380569, 6.069699049534907, 8.338468003805778, 5.367269897978019, 6.939642186065279, 9.04588975651679, 11.046815506371543, 10.053960533539788, 11.787216592080785, 10.262087719979135, 5.689025732777729, 13.342940704483064, 8.993181487148421, 14.031331485998553, 14.203742718361589, 14.401763800199657, 8.425041258579473, 7.432142154688691, 5.3269117827128545, 11.647755241553348, 13.0491769309544, 5.718852485208739, 13.658819741494904], [8.007002263544102, 7.048839630227784, 99999999.0, 13.750681865391881, 9.384388882760167, 9.160587400996164, 9.058904925460316, 7.7925219805713475, 6.123297353778989, 12.954444636705297, 9.310064238589693, 11.87046613152299, 10.347540665395613, 13.003226590400384, 9.312049066138934, 7.72249869920755, 9.358152901659635, 7.946282010852636, 13.957053090627111, 10.738577080312245, 13.054569383846982, 13.129896818513782, 6.2941886223342705, 14.439281342396514, 7.358091621793944, 5.124553644859693, 9.263128779871895, 6.609903112305156, 5.291881514697959, 8.90384545224533], [13.984658613978382, 13.1684091482105, 13.750681865391881, 99999999.0, 11.107836187942636, 9.392530779955836, 13.219743283336781, 5.337970359302837, 8.637721596851131, 14.289357808064238, 14.592442324163148, 5.985996299399687, 12.771225335704738, 14.2790293254477, 12.112773302081198, 11.51479925217028, 8.607405382080596, 8.962843963090606, 12.915098792548102, 12.018280232760022, 14.894716370435285, 9.225453026700027, 6.289355843372796, 12.107174408323385, 12.58663095045299, 8.47801447179234, 7.4081972142484345, 6.7817656735048075, 8.076621966043957, 11.526569050840676], [11.305831034448227, 12.617255234980519, 9.384388882760167, 11.107836187942636, 99999999.0, 13.637131110470772, 13.132756713363769, 5.488304362089162, 6.725162006988682, 8.257257169413219, 5.947209565126833, 7.9792717874093455, 13.435624179602954, 5.7976380186974446, 14.52372949030218, 13.074724996311222, 14.743778982800738, 9.613408815862005, 8.82238517695601, 10.591980980899363, 12.47486577234011, 7.226380282540176, 11.177851576835707, 14.645413849789996, 6.940515484760969, 5.249889189100473, 6.306390512282532, 10.652129560277594, 6.7451164743552425, 11.217115511044591], [14.68440009650961, 14.2011548659639, 9.160587400996164, 9.392530779955836, 13.637131110470772, 99999999.0, 9.417858071121202, 11.821390085629815, 8.32878407126556, 9.580402205022356, 12.583414047011965, 9.273946469754055, 9.022247584522535, 7.241474864065912, 14.90997400087322, 6.041474122382918, 11.461827336923145, 10.86734339405293, 13.173864468027467, 6.9007811080430335, 11.482224456070547, 10.683632523288763, 5.753378938898397, 14.698973771386752, 10.697491713622798, 7.035817170792526, 9.889999512341763, 10.650360555461635, 10.546431592301941, 9.862145551357596], [12.549378311433934, 13.818735525261006, 9.058904925460316, 13.219743283336781, 13.132756713363769, 9.417858071121202, 99999999.0, 12.65060044520169, 10.839666019559802, 13.189040871407382, 12.597599084328417, 8.044955164482749, 11.656185882889853, 9.725114300061524, 13.24372460877855, 11.208058884818554, 11.053069286068553, 13.250152527622873, 14.111351295157817, 7.238901466534752, 13.243611065573848, 7.2795265118754235, 5.819214076439674, 5.671689763489325, 6.029620067726835, 8.726808829023053, 13.456855213460745, 7.5858070286089605, 11.313554462627632, 6.320665013455347], [14.34257235626874, 5.46631702380569, 7.7925219805713475, 5.337970359302837, 5.488304362089162, 11.821390085629815, 12.65060044520169, 99999999.0, 14.247901189115172, 13.773218964679904, 13.682615320309171, 5.716691906226976, 14.442528804717247, 14.700094651591822, 14.34566395571294, 13.95540866099956, 6.7651112140838, 12.699585863399086, 12.748400149995554, 8.574567678004232, 10.488738746920864, 13.021406377959428, 9.321155685203182, 13.363596775481488, 13.685709933835149, 8.104282481188497, 8.56123635572462, 9.28115201243406, 13.697966009405462, 8.904316560164956], [9.469974773542862, 6.069699049534907, 6.123297353778989, 8.637721596851131, 6.725162006988682, 8.32878407126556, 10.839666019559802, 14.247901189115172, 99999999.0, 12.853573773286467, 6.665573989582999, 8.812752555585327, 8.177740859142856, 7.600919427244012, 14.926470278139877, 7.123236125723061, 14.319817410339189, 6.641215285755639, 5.175408791912288, 11.7684117653613, 9.867199908122892, 6.303147141245709, 12.836417169453789, 10.491473338125996, 8.850024128748469, 7.372936677845966, 13.039145249644243, 14.242637444768093, 14.53692179617792, 11.829272101181973], [12.622393534243127, 8.338468003805778, 12.954444636705297, 14.289357808064238, 8.257257169413219, 9.580402205022356, 13.189040871407382, 13.773218964679904, 12.853573773286467, 99999999.0, 8.695860853852455, 9.561515702818925, 7.2740339824034494, 8.140112501234203, 13.105588457964604, 14.577778050314079, 10.836801624553274, 7.081504010818243, 11.3153464403363, 8.465863778486806, 8.44970812552972, 12.129337476541824, 10.369717710377255, 14.532025516387513, 7.903441692723141, 5.554559720960488, 13.143116727905735, 7.982125017829126, 11.794997570367617, 9.864788762271125], [6.249919794157722, 5.367269897978019, 9.310064238589693, 14.592442324163148, 5.947209565126833, 12.583414047011965, 12.597599084328417, 13.682615320309171, 6.665573989582999, 8.695860853852455, 99999999.0, 6.514268504083115, 5.075360283543793, 12.045536504252002, 5.903472053664302, 11.380014141656389, 10.359517266250666, 6.971028845300799, 7.873937023807379, 10.531043324663745, 7.198276196985404, 7.6021159670382925, 13.470356736514203, 10.132455901258894, 6.60432094097951, 12.935004780912662, 14.311335469328991, 11.473670801099711, 12.890320366851899, 8.267740872849368], [10.308678612650496, 6.939642186065279, 11.87046613152299, 5.985996299399687, 7.9792717874093455, 9.273946469754055, 8.044955164482749, 5.716691906226976, 8.812752555585327, 9.561515702818925, 6.514268504083115, 99999999.0, 11.430331606370308, 10.047248652897252, 8.423189581229389, 10.25134289438731, 13.640985038573648, 8.625111058031669, 6.184881845157846, 10.269266540483116, 10.955560345373907, 8.958067276585275, 13.32184394502254, 14.899744505421932, 10.045012962647352, 12.39945533766721, 8.876576934662442, 11.470790851532769, 6.864144765397904, 7.422114597214673], [9.802397562926027, 9.04588975651679, 10.347540665395613, 12.771225335704738, 13.435624179602954, 9.022247584522535, 11.656185882889853, 14.442528804717247, 8.177740859142856, 7.2740339824034494, 5.075360283543793, 11.430331606370308, 99999999.0, 5.317830730797022, 14.52699915325298, 9.564229760268756, 5.40490436638928, 9.051802851357328, 11.104381328541397, 7.108421135407008, 9.799220321736595, 7.7148393018823285, 12.13070750786155, 12.84963098505376, 7.464076998680288, 12.349344822135642, 10.12472924043722, 11.353907604964817, 7.96031106161471, 7.828477857255637], [6.0165872817029085, 11.046815506371543, 13.003226590400384, 14.2790293254477, 5.7976380186974446, 7.241474864065912, 9.725114300061524, 14.700094651591822, 7.600919427244012, 8.140112501234203, 12.045536504252002, 10.047248652897252, 5.317830730797022, 99999999.0, 5.066792958901712, 6.345013850931284, 13.355935208794886, 14.584299792632363, 7.647997577841733, 9.437887912752366, 8.493894959380519, 11.60079858308271, 13.54091720343318, 8.612992172555687, 7.174336959943902, 7.9042567432799675, 5.033833698011723, 12.151454877024378, 6.223785112756932, 11.845322525026045], [7.33647892921049, 10.053960533539788, 9.312049066138934, 12.112773302081198, 14.52372949030218, 14.90997400087322, 13.24372460877855, 14.34566395571294, 14.926470278139877, 13.105588457964604, 5.903472053664302, 8.423189581229389, 14.52699915325298, 5.066792958901712, 99999999.0, 6.1476786853787955, 10.099042148244965, 14.59519105627998, 10.745496890699071, 10.83133626211005, 13.740120994831855, 7.149206934301931, 6.776667375728485, 7.566400307974175, 9.241374457686714, 10.1993557980479, 10.499709234993162, 7.899998291375687, 8.599141681655937, 6.61101503378524], [5.146772166138602, 11.787216592080785, 7.72249869920755, 11.51479925217028, 13.074724996311222, 6.041474122382918, 11.208058884818554, 13.95540866099956, 7.123236125723061, 14.577778050314079, 11.380014141656389, 10.25134289438731, 9.564229760268756, 6.345013850931284, 6.1476786853787955, 99999999.0, 13.79748215837927, 11.522614802614877, 11.998998363610802, 7.795559234751874, 5.888320268286501, 14.940442699973156, 7.0702923237566875, 13.93729269711542, 12.532845344060922, 12.456073444660715, 8.046766841081697, 9.726294584298444, 7.741099707185909, 11.837392936854032], [10.732779117884423, 10.262087719979135, 9.358152901659635, 8.607405382080596, 14.743778982800738, 11.461827336923145, 11.053069286068553, 6.7651112140838, 14.319817410339189, 10.836801624553274, 10.359517266250666, 13.640985038573648, 5.40490436638928, 13.355935208794886, 10.099042148244965, 13.79748215837927, 99999999.0, 8.123544519769563, 7.566517222180183, 11.501794290419971, 8.545718626220618, 14.312142844615796, 7.949883536244043, 5.155863555152407, 11.047217796988742, 12.530366517487654, 12.033986809247093, 8.570243586556249, 6.101418564198944, 10.62321946570404], [7.791696572611318, 5.689025732777729, 7.946282010852636, 8.962843963090606, 9.613408815862005, 10.86734339405293, 13.250152527622873, 12.699585863399086, 6.641215285755639, 7.081504010818243, 6.971028845300799, 8.625111058031669, 9.051802851357328, 14.584299792632363, 14.59519105627998, 11.522614802614877, 8.123544519769563, 99999999.0, 5.055449603959843, 5.43191879741422, 11.794751707319566, 5.6396445575896035, 11.729328410609384, 7.172683564608483, 5.603475657734691, 13.108420249586239, 11.397844451336184, 9.863976166083852, 6.854705864325069, 6.070906364180201], [6.171718641247182, 13.342940704483064, 13.957053090627111, 12.915098792548102, 8.82238517695601, 13.173864468027467, 14.111351295157817, 12.748400149995554, 5.175408791912288, 11.3153464403363, 7.873937023807379, 6.184881845157846, 11.104381328541397, 7.647997577841733, 10.745496890699071, 11.998998363610802, 7.566517222180183, 5.055449603959843, 99999999.0, 12.771204426140622, 6.280587183267002, 8.862567174405083, 12.193664411325315, 8.928463017210902, 10.06240427925778, 14.16720028731351, 5.62874285869309, 14.428094604182654, 7.603959033805431, 7.682232295505056], [14.051425482234222, 8.993181487148421, 10.738577080312245, 12.018280232760022, 10.591980980899363, 6.9007811080430335, 7.238901466534752, 8.574567678004232, 11.7684117653613, 8.465863778486806, 10.531043324663745, 10.269266540483116, 7.108421135407008, 9.437887912752366, 10.83133626211005, 7.795559234751874, 11.501794290419971, 5.43191879741422, 12.771204426140622, 99999999.0, 6.6797597580055665, 5.808218120895873, 14.40822492851576, 9.117532961842869, 13.393450463848044, 6.379661362886439, 9.194348165067193, 9.639752835949016, 10.389576378838669, 6.126309959598847], [8.469095038601282, 14.031331485998553, 13.054569383846982, 14.894716370435285, 12.47486577234011, 11.482224456070547, 13.243611065573848, 10.488738746920864, 9.867199908122892, 8.44970812552972, 7.198276196985404, 10.955560345373907, 9.799220321736595, 8.493894959380519, 13.740120994831855, 5.888320268286501, 8.545718626220618, 11.794751707319566, 6.280587183267002, 6.6797597580055665, 99999999.0, 5.445749793540977, 13.9864114487625, 10.043069443136153, 9.632332423323014, 10.64496489968915, 11.499805143859287, 13.317903780483197, 11.947400747085887, 6.594885748835581], [10.602693459291732, 14.203742718361589, 13.129896818513782, 9.225453026700027, 7.226380282540176, 10.683632523288763, 7.2795265118754235, 13.021406377959428, 6.303147141245709, 12.129337476541824, 7.6021159670382925, 8.958067276585275, 7.7148393018823285, 11.60079858308271, 7.149206934301931, 14.940442699973156, 14.312142844615796, 5.6396445575896035, 8.862567174405083, 5.808218120895873, 5.445749793540977, 99999999.0, 11.999388946763524, 13.461226123182943, 13.21684668408093, 11.690512044770738, 11.447926298599459, 13.182232208585493, 13.014934238808106, 12.226014432484533], [12.804326843450912, 14.401763800199657, 6.2941886223342705, 6.289355843372796, 11.177851576835707, 5.753378938898397, 5.819214076439674, 9.321155685203182, 12.836417169453789, 10.369717710377255, 13.470356736514203, 13.32184394502254, 12.13070750786155, 13.54091720343318, 6.776667375728485, 7.0702923237566875, 7.949883536244043, 11.729328410609384, 12.193664411325315, 14.40822492851576, 13.9864114487625, 11.999388946763524, 99999999.0, 8.745004486300015, 12.062163860235763, 13.297505362588886, 12.53551198995739, 6.923352753912715, 8.803109437527887, 11.86508522592532], [9.76420208218179, 8.425041258579473, 14.439281342396514, 12.107174408323385, 14.645413849789996, 14.698973771386752, 5.671689763489325, 13.363596775481488, 10.491473338125996, 14.532025516387513, 10.132455901258894, 14.899744505421932, 12.84963098505376, 8.612992172555687, 7.566400307974175, 13.93729269711542, 5.155863555152407, 7.172683564608483, 8.928463017210902, 9.117532961842869, 10.043069443136153, 13.461226123182943, 8.745004486300015, 99999999.0, 7.786289381582883, 6.105309179729583, 9.042922215680194, 7.838693841725042, 8.598918036552071, 12.312329170824107], [7.452540182071664, 7.432142154688691, 7.358091621793944, 12.58663095045299, 6.940515484760969, 10.697491713622798, 6.029620067726835, 13.685709933835149, 8.850024128748469, 7.903441692723141, 6.60432094097951, 10.045012962647352, 7.464076998680288, 7.174336959943902, 9.241374457686714, 12.532845344060922, 11.047217796988742, 5.603475657734691, 10.06240427925778, 13.393450463848044, 9.632332423323014, 13.21684668408093, 12.062163860235763, 7.786289381582883, 99999999.0, 5.036155125197334, 7.895545128642517, 6.791812908461514, 9.105060329718432, 5.115852780203399], [10.505391829099725, 5.3269117827128545, 5.124553644859693, 8.47801447179234, 5.249889189100473, 7.035817170792526, 8.726808829023053, 8.104282481188497, 7.372936677845966, 5.554559720960488, 12.935004780912662, 12.39945533766721, 12.349344822135642, 7.9042567432799675, 10.1993557980479, 12.456073444660715, 12.530366517487654, 13.108420249586239, 14.16720028731351, 6.379661362886439, 10.64496489968915, 11.690512044770738, 13.297505362588886, 6.105309179729583, 5.036155125197334, 99999999.0, 5.1318514458864986, 5.640481949058907, 10.291297142964929, 6.090758578847501], [14.559675650201477, 11.647755241553348, 9.263128779871895, 7.4081972142484345, 6.306390512282532, 9.889999512341763, 13.456855213460745, 8.56123635572462, 13.039145249644243, 13.143116727905735, 14.311335469328991, 8.876576934662442, 10.12472924043722, 5.033833698011723, 10.499709234993162, 8.046766841081697, 12.033986809247093, 11.397844451336184, 5.62874285869309, 9.194348165067193, 11.499805143859287, 11.447926298599459, 12.53551198995739, 9.042922215680194, 7.895545128642517, 5.1318514458864986, 99999999.0, 8.927058365612096, 11.234864559066878, 12.522085767582146], [11.277786414726325, 13.0491769309544, 6.609903112305156, 6.7817656735048075, 10.652129560277594, 10.650360555461635, 7.5858070286089605, 9.28115201243406, 14.242637444768093, 7.982125017829126, 11.473670801099711, 11.470790851532769, 11.353907604964817, 12.151454877024378, 7.899998291375687, 9.726294584298444, 8.570243586556249, 9.863976166083852, 14.428094604182654, 9.639752835949016, 13.317903780483197, 13.182232208585493, 6.923352753912715, 7.838693841725042, 6.791812908461514, 5.640481949058907, 8.927058365612096, 99999999.0, 13.244638628072844, 5.471707139108656], [5.86314975288958, 5.718852485208739, 5.291881514697959, 8.076621966043957, 6.7451164743552425, 10.546431592301941, 11.313554462627632, 13.697966009405462, 14.53692179617792, 11.794997570367617, 12.890320366851899, 6.864144765397904, 7.96031106161471, 6.223785112756932, 8.599141681655937, 7.741099707185909, 6.101418564198944, 6.854705864325069, 7.603959033805431, 10.389576378838669, 11.947400747085887, 13.014934238808106, 8.803109437527887, 8.598918036552071, 9.105060329718432, 10.291297142964929, 11.234864559066878, 13.244638628072844, 99999999.0, 11.838338791381306], [13.472953487797158, 13.658819741494904, 8.90384545224533, 11.526569050840676, 11.217115511044591, 9.862145551357596, 6.320665013455347, 8.904316560164956, 11.829272101181973, 9.864788762271125, 8.267740872849368, 7.422114597214673, 7.828477857255637, 11.845322525026045, 6.61101503378524, 11.837392936854032, 10.62321946570404, 6.070906364180201, 7.682232295505056, 6.126309959598847, 6.594885748835581, 12.226014432484533, 11.86508522592532, 12.312329170824107, 5.115852780203399, 6.090758578847501, 12.522085767582146, 5.471707139108656, 11.838338791381306, 99999999.0]];
