M = 99999999.0;
numWorkers = 25;
numRoles = 6;
numNodes = 30;
wStart = [0, 20.388349674999173, 2.1578043928736697, 1.2723858340125407, 0.7681732615127962, 19.068841386438205, 25.557777231617308, 23.835301365080717, 22.36384461448808, 40.89847921610904, 19.659341773331867, 29.97309183291572, 31.118324301288705, 34.867370784897936, 1.3640751802164417, 3.4483569422739553, 0.2686266415368319, 35.875332783873475, 41.860120834932175, 23.481772163748143, 31.69490431018056, 10.25978668867683, 50.25291140620456, 22.168861698524136, 0.24636694422776947, 11.437226517532729, 25.20478802789768, 24.44799068104348, 45.63540459791794, 0];
wEnd = [0, 52.529741198316444, 35.2851905562457, 27.07028254348429, 35.63367279367523, 58.11558888316485, 58.45859201287442, 60.720204322265225, 50.500638242202086, 69.25911879340492, 46.90980920559639, 59.17263432084894, 64.90045657740667, 72.67089737845467, 33.131610674701605, 33.735884319900926, 39.376273787843566, 68.64901668970728, 69.20738557848304, 56.412666857450645, 67.70174934700862, 47.91521158996042, 79.44779131161985, 54.638791175531196, 38.89270124606146, 45.52539147451754, 58.67321886164876, 49.79374531052537, 72.6278700771949, 90];
p = [0, 11.407247824417293, 8.58541083756159, 15.69873555477068, 17.001780808510787, 12.202737929133297, 14.624666127283726, 21.68398186109539, 13.06228376496393, 9.17564607871413, 17.169002312141192, 16.584074521484485, 18.727234513967765, 24.403131566598795, 10.447748984967381, 16.438428538376343, 14.548512269476022, 20.125063371327446, 17.363375427963163, 15.461741292537956, 11.377686286780671, 21.852000298855042, 17.69577165780128, 9.008970696734776, 16.26804717779774, 21.244718586976425, 10.208116079275037, 16.21686185276501, 16.20104538034736, 0];
e = [[1, 0, 0, 0, 0, 1], [0, 1, 0, 1, 0, 0], [0, 0, 0, 1, 0, 1], [1, 0, 0, 0, 0, 1], [1, 1, 0, 0, 0, 0], [1, 1, 0, 0, 0, 0], [1, 0, 0, 1, 0, 0], [1, 1, 0, 0, 0, 0], [0, 1, 0, 0, 1, 0], [1, 0, 0, 0, 0, 1], [0, 1, 0, 0, 0, 0], [0, 1, 0, 1, 0, 0], [0, 1, 0, 0, 1, 0], [0, 1, 0, 1, 0, 0], [0, 1, 0, 0, 0, 0], [1, 1, 0, 0, 0, 0], [0, 1, 0, 0, 0, 0], [0, 1, 0, 0, 1, 0], [1, 1, 0, 0, 0, 0], [1, 1, 0, 0, 0, 0], [0, 1, 0, 1, 0, 0], [0, 1, 1, 0, 0, 0], [0, 1, 1, 0, 0, 0], [0, 1, 0, 0, 0, 1], [0, 1, 0, 0, 0, 0]];
d = [[1, 0, 0, 0, 0, 1, 0, 1, 1, 0, 0, 0, 0, 1, 1, 1, 1, 1, 0, 1, 0, 1, 0, 2, 3, 0, 1, 3], [0, 1, 1, 2, 3, 1, 2, 1, 3, 1, 1, 0, 4, 0, 1, 2, 1, 2, 1, 1, 0, 2, 2, 0, 2, 0, 1, 2], [1, 2, 0, 0, 0, 2, 0, 0, 0, 1, 1, 0, 1, 0, 1, 0, 0, 1, 2, 1, 0, 1, 0, 0, 0, 3, 0, 1], [3, 2, 0, 2, 1, 1, 2, 1, 0, 2, 0, 0, 0, 1, 1, 3, 1, 2, 0, 1, 2, 0, 1, 2, 1, 2, 0, 0], [1, 0, 3, 2, 0, 1, 2, 0, 2, 0, 2, 3, 1, 3, 2, 0, 0, 0, 1, 0, 1, 2, 1, 2, 0, 0, 1, 0], [1, 0, 0, 1, 1, 1, 0, 0, 0, 2, 2, 1, 2, 1, 2, 1, 1, 0, 1, 0, 0, 1, 0, 1, 2, 0, 0, 0]];
r = [59.60098684864579, 95.51285190982091, 191.20508918520045, 153.9235163556964, 146.61479347259845, 143.71491766605243, 85.01798529844226, 119.58971084221223, 99.76028966512189, 182.75753407100422, 186.00956970431554, 52.392080515868436, 105.4165030476964, 155.59308721365144, 139.05209033924936, 102.42779988611096, 142.52621842206835, 112.40899292402287, 174.02721064750727, 120.28598295941333, 183.46573946181653, 161.66101967875414, 188.04044829085822, 151.8774474825385, 153.71406616622852, 92.67221225623557, 196.26869864804888, 192.72259967109784];
b = [[[0.0, 0.0, 0.0, 0.0, 0.0, 0.0, 0.0, 0.0, 0.0, 0.0, 0.0, 0.0, 0.0, 0.0, 0.0, 0.0, 0.0, 0.0, 0.0, 0.0, 0.0, 0.0, 0.0, 0.0, 0.0, 0.0, 0.0, 0.0], [0.0, 0.0, 0.0, 0.0, 0.0, 0.0, 0.0, 0.0, 0.0, 0.0, 0.0, 0.0, 0.0, 0.0, 0.0, 0.0, 0.0, 0.0, 0.0, 0.0, 0.0, 0.0, 0.0, 0.0, 0.0, 0.0, 0.0, 0.0], [0.0, 0.0, 0.0, 0.0, 0.0, 0.0, 0.0, 0.0, 0.0, 0.0, 0.0, 0.0, 0.0, 0.0, 0.0, 0.0, 0.0, 0.0, 0.0, 0.0, 0.0, 0.0, 0.0, 0.0, 0.0, 0.0, 0.0, 0.0], [0.0, 0.0, 0.0, 0.0, 0.0, 0.0, 0.0, 0.0, 0.0, 0.0, 0.0, 0.0, 0.0, 0.0, 0.0, 0.0, 0.0, 0.0, 0.0, 0.0, 0.0, 0.0, 0.0, 0.0, 0.0, 0.0, 0.0, 0.0], [0.0, 0.0, 0.0, 0.0, 0.0, 0.0, 0.0, 0.0, 0.0, 0.0, 0.0, 0.0, 0.0, 0.0, 0.0, 0.0, 0.0, 0.0, 0.0, 0.0, 0.0, 0.0, 0.0, 0.0, 0.0, 0.0, 0.0, 0.0], [0.0, 0.0, 0.0, 0.0, 0.0, 0.0, 0.0, 0.0, 0.0, 0.0, 0.0, 0.0, 0.0, 0.0, 0.0, 0.0, 0.0, 0.0, 0.0, 0.0, 0.0, 0.0, 0.0, 0.0, 0.0, 0.0, 0.0, 0.0]], [[0.0, 0.0, 0.0, 0.0, 0.0, 0.0, 0.0, 0.0, 0.0, 0.0, 0.0, 0.0, 0.0, 0.0, 0.0, 0.0, 0.0, 0.0, 0.0, 0.0, 0.0, 0.0, 0.0, 0.0, 0.0, 0.0, 0.0, 0.0], [0.0, 0.0, 0.0, 0.0, 0.0, 0.0, 0.0, 0.0, 0.0, 0.0, 0.0, 0.0, 0.0, 0.0, 0.0, 0.0, 0.0, 0.0, 0.0, 0.0, 0.0, 0.0, 0.0, 0.0, 0.0, 0.0, 0.0, 0.0], [0.0, 0.0, 0.0, 0.0, 0.0, 0.0, 0.0, 0.0, 0.0, 0.0, 0.0, 0.0, 0.0, 0.0, 0.0, 0.0, 0.0, 0.0, 0.0, 0.0, 0.0, 0.0, 0.0, 0.0, 0.0, 0.0, 0.0, 0.0], [0.0, 0.0, 0.0, 0.0, 0.0, 0.0, 0.0, 0.0, 0.0, 0.0, 0.0, 0.0, 0.0, 0.0, 0.0, 0.0, 0.0, 0.0, 0.0, 0.0, 0.0, 0.0, 0.0, 0.0, 0.0, 0.0, 0.0, 0.0], [0.0, 0.0, 0.0, 0.0, 0.0, 0.0, 0.0, 0.0, 0.0, 0.0, 0.0, 0.0, 0.0, 0.0, 0.0, 0.0, 0.0, 0.0, 0.0, 0.0, 0.0, 0.0, 0.0, 0.0, 0.0, 0.0, 0.0, 0.0], [0.0, 0.0, 0.0, 0.0, 0.0, 0.0, 0.0, 0.0, 0.0, 0.0, 0.0, 0.0, 0.0, 0.0, 0.0, 0.0, 0.0, 0.0, 0.0, 0.0, 0.0, 0.0, 0.0, 0.0, 0.0, 0.0, 0.0, 0.0]], [[0.0, 0.0, 0.0, 0.0, 0.0, 0.0, 0.0, 0.0, 0.0, 0.0, 0.0, 0.0, 0.0, 0.0, 0.0, 0.0, 0.0, 0.0, 0.0, 0.0, 0.0, 0.0, 0.0, 0.0, 0.0, 0.0, 0.0, 0.0], [0.0, 0.0, 0.0, 0.0, 0.0, 0.0, 0.0, 0.0, 0.0, 0.0, 0.0, 0.0, 0.0, 0.0, 0.0, 0.0, 0.0, 0.0, 0.0, 0.0, 0.0, 0.0, 0.0, 0.0, 0.0, 0.0, 0.0, 0.0], [0.0, 0.0, 0.0, 0.0, 0.0, 0.0, 0.0, 0.0, 0.0, 0.0, 0.0, 0.0, 0.0, 0.0, 0.0, 0.0, 0.0, 0.0, 0.0, 0.0, 0.0, 0.0, 0.0, 0.0, 0.0, 0.0, 0.0, 0.0], [0.0, 0.0, 0.0, 0.0, 0.0, 0.0, 0.0, 0.0, 0.0, 0.0, 0.0, 0.0, 0.0, 0.0, 0.0, 0.0, 0.0, 0.0, 0.0, 0.0, 0.0, 0.0, 0.0, 0.0, 0.0, 0.0, 0.0, 0.0], [0.0, 0.0, 0.0, 0.0, 0.0, 0.0, 0.0, 0.0, 0.0, 0.0, 0.0, 0.0, 0.0, 0.0, 0.0, 0.0, 0.0, 0.0, 0.0, 0.0, 0.0, 0.0, 0.0, 0.0, 0.0, 0.0, 0.0, 0.0], [0.0, 0.0, 0.0, 0.0, 0.0, 0.0, 0.0, 0.0, 0.0, 0.0, 0.0, 0.0, 0.0, 0.0, 0.0, 0.0, 0.0, 0.0, 0.0, 0.0, 0.0, 0.0, 0.0, 0.0, 0.0, 0.0, 0.0, 0.0]], [[0.0, 0.0, 0.0, 0.0, 0.0, 0.0, 0.0, 0.0, 0.0, 0.0, 0.0, 0.0, 0.0, 0.0, 0.0, 0.0, 0.0, 0.0, 0.0, 0.0, 0.0, 0.0, 0.0, 0.0, 0.0, 0.0, 0.0, 0.0], [0.0, 0.0, 0.0, 0.0, 0.0, 0.0, 0.0, 0.0, 0.0, 0.0, 0.0, 0.0, 0.0, 0.0, 0.0, 0.0, 0.0, 0.0, 0.0, 0.0, 0.0, 0.0, 0.0, 0.0, 0.0, 0.0, 0.0, 0.0], [0.0, 0.0, 0.0, 0.0, 0.0, 0.0, 0.0, 0.0, 0.0, 0.0, 0.0, 0.0, 0.0, 0.0, 0.0, 0.0, 0.0, 0.0, 0.0, 0.0, 0.0, 0.0, 0.0, 0.0, 0.0, 0.0, 0.0, 0.0], [0.0, 0.0, 0.0, 0.0, 0.0, 0.0, 0.0, 0.0, 0.0, 0.0, 0.0, 0.0, 0.0, 0.0, 0.0, 0.0, 0.0, 0.0, 0.0, 0.0, 0.0, 0.0, 0.0, 0.0, 0.0, 0.0, 0.0, 0.0], [0.0, 0.0, 0.0, 0.0, 0.0, 0.0, 0.0, 0.0, 0.0, 0.0, 0.0, 0.0, 0.0, 0.0, 0.0, 0.0, 0.0, 0.0, 0.0, 0.0, 0.0, 0.0, 0.0, 0.0, 0.0, 0.0, 0.0, 0.0], [0.0, 0.0, 0.0, 0.0, 0.0, 0.0, 0.0, 0.0, 0.0, 0.0, 0.0, 0.0, 0.0, 0.0, 0.0, 0.0, 0.0, 0.0, 0.0, 0.0, 0.0, 0.0, 0.0, 0.0, 0.0, 0.0, 0.0, 0.0]], [[0.0, 0.0, 0.0, 0.0, 0.0, 0.0, 0.0, 0.0, 0.0, 0.0, 0.0, 0.0, 0.0, 0.0, 0.0, 0.0, 0.0, 0.0, 0.0, 0.0, 0.0, 0.0, 0.0, 0.0, 0.0, 0.0, 0.0, 0.0], [0.0, 0.0, 0.0, 0.0, 0.0, 0.0, 0.0, 0.0, 0.0, 0.0, 0.0, 0.0, 0.0, 0.0, 0.0, 0.0, 0.0, 0.0, 0.0, 0.0, 0.0, 0.0, 0.0, 0.0, 0.0, 0.0, 0.0, 0.0], [0.0, 0.0, 0.0, 0.0, 0.0, 0.0, 0.0, 0.0, 0.0, 0.0, 0.0, 0.0, 0.0, 0.0, 0.0, 0.0, 0.0, 0.0, 0.0, 0.0, 0.0, 0.0, 0.0, 0.0, 0.0, 0.0, 0.0, 0.0], [0.0, 0.0, 0.0, 0.0, 0.0, 0.0, 0.0, 0.0, 0.0, 0.0, 0.0, 0.0, 0.0, 0.0, 0.0, 0.0, 0.0, 0.0, 0.0, 0.0, 0.0, 0.0, 0.0, 0.0, 0.0, 0.0, 0.0, 0.0], [0.0, 0.0, 0.0, 0.0, 0.0, 0.0, 0.0, 0.0, 0.0, 0.0, 0.0, 0.0, 0.0, 0.0, 0.0, 0.0, 0.0, 0.0, 0.0, 0.0, 0.0, 0.0, 0.0, 0.0, 0.0, 0.0, 0.0, 0.0], [0.0, 0.0, 0.0, 0.0, 0.0, 0.0, 0.0, 0.0, 0.0, 0.0, 0.0, 0.0, 0.0, 0.0, 0.0, 0.0, 0.0, 0.0, 0.0, 0.0, 0.0, 0.0, 0.0, 0.0, 0.0, 0.0, 0.0, 0.0]], [[0.0, 0.0, 0.0, 0.0, 0.0, 0.0, 0.0, 0.0, 0.0, 0.0, 0.0, 0.0, 0.0, 0.0, 0.0, 0.0, 0.0, 0.0, 0.0, 0.0, 0.0, 0.0, 0.0, 0.0, 0.0, 0.0, 0.0, 0.0], [0.0, 0.0, 0.0, 0.0, 0.0, 0.0, 0.0, 0.0, 0.0, 0.0, 0.0, 0.0, 0.0, 0.0, 0.0, 0.0, 0.0, 0.0, 0.0, 0.0, 0.0, 0.0, 0.0, 0.0, 0.0, 0.0, 0.0, 0.0], [0.0, 0.0, 0.0, 0.0, 0.0, 0.0, 0.0, 0.0, 0.0, 0.0, 0.0, 0.0, 0.0, 0.0, 0.0, 0.0, 0.0, 0.0, 0.0, 0.0, 0.0, 0.0, 0.0, 0.0, 0.0, 0.0, 0.0, 0.0], [0.0, 0.0, 0.0, 0.0, 0.0, 0.0, 0.0, 0.0, 0.0, 0.0, 0.0, 0.0, 0.0, 0.0, 0.0, 0.0, 0.0, 0.0, 0.0, 0.0, 0.0, 0.0, 0.0, 0.0, 0.0, 0.0, 0.0, 0.0], [0.0, 0.0, 0.0, 0.0, 0.0, 0.0, 0.0, 0.0, 0.0, 0.0, 0.0, 0.0, 0.0, 0.0, 0.0, 0.0, 0.0, 0.0, 0.0, 0.0, 0.0, 0.0, 0.0, 0.0, 0.0, 0.0, 0.0, 0.0], [0.0, 0.0, 0.0, 0.0, 0.0, 0.0, 0.0, 0.0, 0.0, 0.0, 0.0, 0.0, 0.0, 0.0, 0.0, 0.0, 0.0, 0.0, 0.0, 0.0, 0.0, 0.0, 0.0, 0.0, 0.0, 0.0, 0.0, 0.0]], [[0.0, 0.0, 0.0, 0.0, 0.0, 0.0, 0.0, 0.0, 0.0, 0.0, 0.0, 0.0, 0.0, 0.0, 0.0, 0.0, 0.0, 0.0, 0.0, 0.0, 0.0, 0.0, 0.0, 0.0, 0.0, 0.0, 0.0, 0.0], [0.0, 0.0, 0.0, 0.0, 0.0, 0.0, 0.0, 0.0, 0.0, 0.0, 0.0, 0.0, 0.0, 0.0, 0.0, 0.0, 0.0, 0.0, 0.0, 0.0, 0.0, 0.0, 0.0, 0.0, 0.0, 0.0, 0.0, 0.0], [0.0, 0.0, 0.0, 0.0, 0.0, 0.0, 0.0, 0.0, 0.0, 0.0, 0.0, 0.0, 0.0, 0.0, 0.0, 0.0, 0.0, 0.0, 0.0, 0.0, 0.0, 0.0, 0.0, 0.0, 0.0, 0.0, 0.0, 0.0], [0.0, 0.0, 0.0, 0.0, 0.0, 0.0, 0.0, 0.0, 0.0, 0.0, 0.0, 0.0, 0.0, 0.0, 0.0, 0.0, 0.0, 0.0, 0.0, 0.0, 0.0, 0.0, 0.0, 0.0, 0.0, 0.0, 0.0, 0.0], [0.0, 0.0, 0.0, 0.0, 0.0, 0.0, 0.0, 0.0, 0.0, 0.0, 0.0, 0.0, 0.0, 0.0, 0.0, 0.0, 0.0, 0.0, 0.0, 0.0, 0.0, 0.0, 0.0, 0.0, 0.0, 0.0, 0.0, 0.0], [0.0, 0.0, 0.0, 0.0, 0.0, 0.0, 0.0, 0.0, 0.0, 0.0, 0.0, 0.0, 0.0, 0.0, 0.0, 0.0, 0.0, 0.0, 0.0, 0.0, 0.0, 0.0, 0.0, 0.0, 0.0, 0.0, 0.0, 0.0]], [[0.0, 0.0, 0.0, 0.0, 0.0, 0.0, 0.0, 0.0, 0.0, 0.0, 0.0, 0.0, 0.0, 0.0, 0.0, 0.0, 0.0, 0.0, 0.0, 0.0, 0.0, 0.0, 0.0, 0.0, 0.0, 0.0, 0.0, 0.0], [0.0, 0.0, 0.0, 0.0, 0.0, 0.0, 0.0, 0.0, 0.0, 0.0, 0.0, 0.0, 0.0, 0.0, 0.0, 0.0, 0.0, 0.0, 0.0, 0.0, 0.0, 0.0, 0.0, 0.0, 0.0, 0.0, 0.0, 0.0], [0.0, 0.0, 0.0, 0.0, 0.0, 0.0, 0.0, 0.0, 0.0, 0.0, 0.0, 0.0, 0.0, 0.0, 0.0, 0.0, 0.0, 0.0, 0.0, 0.0, 0.0, 0.0, 0.0, 0.0, 0.0, 0.0, 0.0, 0.0], [0.0, 0.0, 0.0, 0.0, 0.0, 0.0, 0.0, 0.0, 0.0, 0.0, 0.0, 0.0, 0.0, 0.0, 0.0, 0.0, 0.0, 0.0, 0.0, 0.0, 0.0, 0.0, 0.0, 0.0, 0.0, 0.0, 0.0, 0.0], [0.0, 0.0, 0.0, 0.0, 0.0, 0.0, 0.0, 0.0, 0.0, 0.0, 0.0, 0.0, 0.0, 0.0, 0.0, 0.0, 0.0, 0.0, 0.0, 0.0, 0.0, 0.0, 0.0, 0.0, 0.0, 0.0, 0.0, 0.0], [0.0, 0.0, 0.0, 0.0, 0.0, 0.0, 0.0, 0.0, 0.0, 0.0, 0.0, 0.0, 0.0, 0.0, 0.0, 0.0, 0.0, 0.0, 0.0, 0.0, 0.0, 0.0, 0.0, 0.0, 0.0, 0.0, 0.0, 0.0]], [[0.0, 0.0, 0.0, 0.0, 0.0, 0.0, 0.0, 0.0, 0.0, 0.0, 0.0, 0.0, 0.0, 0.0, 0.0, 0.0, 0.0, 0.0, 0.0, 0.0, 0.0, 0.0, 0.0, 0.0, 0.0, 0.0, 0.0, 0.0], [0.0, 0.0, 0.0, 0.0, 0.0, 0.0, 0.0, 0.0, 0.0, 0.0, 0.0, 0.0, 0.0, 0.0, 0.0, 0.0, 0.0, 0.0, 0.0, 0.0, 0.0, 0.0, 0.0, 0.0, 0.0, 0.0, 0.0, 0.0], [0.0, 0.0, 0.0, 0.0, 0.0, 0.0, 0.0, 0.0, 0.0, 0.0, 0.0, 0.0, 0.0, 0.0, 0.0, 0.0, 0.0, 0.0, 0.0, 0.0, 0.0, 0.0, 0.0, 0.0, 0.0, 0.0, 0.0, 0.0], [0.0, 0.0, 0.0, 0.0, 0.0, 0.0, 0.0, 0.0, 0.0, 0.0, 0.0, 0.0, 0.0, 0.0, 0.0, 0.0, 0.0, 0.0, 0.0, 0.0, 0.0, 0.0, 0.0, 0.0, 0.0, 0.0, 0.0, 0.0], [0.0, 0.0, 0.0, 0.0, 0.0, 0.0, 0.0, 0.0, 0.0, 0.0, 0.0, 0.0, 0.0, 0.0, 0.0, 0.0, 0.0, 0.0, 0.0, 0.0, 0.0, 0.0, 0.0, 0.0, 0.0, 0.0, 0.0, 0.0], [0.0, 0.0, 0.0, 0.0, 0.0, 0.0, 0.0, 0.0, 0.0, 0.0, 0.0, 0.0, 0.0, 0.0, 0.0, 0.0, 0.0, 0.0, 0.0, 0.0, 0.0, 0.0, 0.0, 0.0, 0.0, 0.0, 0.0, 0.0]], [[0.0, 0.0, 0.0, 0.0, 0.0, 0.0, 0.0, 0.0, 0.0, 0.0, 0.0, 0.0, 0.0, 0.0, 0.0, 0.0, 0.0, 0.0, 0.0, 0.0, 0.0, 0.0, 0.0, 0.0, 0.0, 0.0, 0.0, 0.0], [0.0, 0.0, 0.0, 0.0, 0.0, 0.0, 0.0, 0.0, 0.0, 0.0, 0.0, 0.0, 0.0, 0.0, 0.0, 0.0, 0.0, 0.0, 0.0, 0.0, 0.0, 0.0, 0.0, 0.0, 0.0, 0.0, 0.0, 0.0], [0.0, 0.0, 0.0, 0.0, 0.0, 0.0, 0.0, 0.0, 0.0, 0.0, 0.0, 0.0, 0.0, 0.0, 0.0, 0.0, 0.0, 0.0, 0.0, 0.0, 0.0, 0.0, 0.0, 0.0, 0.0, 0.0, 0.0, 0.0], [0.0, 0.0, 0.0, 0.0, 0.0, 0.0, 0.0, 0.0, 0.0, 0.0, 0.0, 0.0, 0.0, 0.0, 0.0, 0.0, 0.0, 0.0, 0.0, 0.0, 0.0, 0.0, 0.0, 0.0, 0.0, 0.0, 0.0, 0.0], [0.0, 0.0, 0.0, 0.0, 0.0, 0.0, 0.0, 0.0, 0.0, 0.0, 0.0, 0.0, 0.0, 0.0, 0.0, 0.0, 0.0, 0.0, 0.0, 0.0, 0.0, 0.0, 0.0, 0.0, 0.0, 0.0, 0.0, 0.0], [0.0, 0.0, 0.0, 0.0, 0.0, 0.0, 0.0, 0.0, 0.0, 0.0, 0.0, 0.0, 0.0, 0.0, 0.0, 0.0, 0.0, 0.0, 0.0, 0.0, 0.0, 0.0, 0.0, 0.0, 0.0, 0.0, 0.0, 0.0]], [[0.0, 0.0, 0.0, 0.0, 0.0, 0.0, 0.0, 0.0, 0.0, 0.0, 0.0, 0.0, 0.0, 0.0, 0.0, 0.0, 0.0, 0.0, 0.0, 0.0, 0.0, 0.0, 0.0, 0.0, 0.0, 0.0, 0.0, 0.0], [0.0, 0.0, 0.0, 0.0, 0.0, 0.0, 0.0, 0.0, 0.0, 0.0, 0.0, 0.0, 0.0, 0.0, 0.0, 0.0, 0.0, 0.0, 0.0, 0.0, 0.0, 0.0, 0.0, 0.0, 0.0, 0.0, 0.0, 0.0], [0.0, 0.0, 0.0, 0.0, 0.0, 0.0, 0.0, 0.0, 0.0, 0.0, 0.0, 0.0, 0.0, 0.0, 0.0, 0.0, 0.0, 0.0, 0.0, 0.0, 0.0, 0.0, 0.0, 0.0, 0.0, 0.0, 0.0, 0.0], [0.0, 0.0, 0.0, 0.0, 0.0, 0.0, 0.0, 0.0, 0.0, 0.0, 0.0, 0.0, 0.0, 0.0, 0.0, 0.0, 0.0, 0.0, 0.0, 0.0, 0.0, 0.0, 0.0, 0.0, 0.0, 0.0, 0.0, 0.0], [0.0, 0.0, 0.0, 0.0, 0.0, 0.0, 0.0, 0.0, 0.0, 0.0, 0.0, 0.0, 0.0, 0.0, 0.0, 0.0, 0.0, 0.0, 0.0, 0.0, 0.0, 0.0, 0.0, 0.0, 0.0, 0.0, 0.0, 0.0], [0.0, 0.0, 0.0, 0.0, 0.0, 0.0, 0.0, 0.0, 0.0, 0.0, 0.0, 0.0, 0.0, 0.0, 0.0, 0.0, 0.0, 0.0, 0.0, 0.0, 0.0, 0.0, 0.0, 0.0, 0.0, 0.0, 0.0, 0.0]], [[0.0, 0.0, 0.0, 0.0, 0.0, 0.0, 0.0, 0.0, 0.0, 0.0, 0.0, 0.0, 0.0, 0.0, 0.0, 0.0, 0.0, 0.0, 0.0, 0.0, 0.0, 0.0, 0.0, 0.0, 0.0, 0.0, 0.0, 0.0], [0.0, 0.0, 0.0, 0.0, 0.0, 0.0, 0.0, 0.0, 0.0, 0.0, 0.0, 0.0, 0.0, 0.0, 0.0, 0.0, 0.0, 0.0, 0.0, 0.0, 0.0, 0.0, 0.0, 0.0, 0.0, 0.0, 0.0, 0.0], [0.0, 0.0, 0.0, 0.0, 0.0, 0.0, 0.0, 0.0, 0.0, 0.0, 0.0, 0.0, 0.0, 0.0, 0.0, 0.0, 0.0, 0.0, 0.0, 0.0, 0.0, 0.0, 0.0, 0.0, 0.0, 0.0, 0.0, 0.0], [0.0, 0.0, 0.0, 0.0, 0.0, 0.0, 0.0, 0.0, 0.0, 0.0, 0.0, 0.0, 0.0, 0.0, 0.0, 0.0, 0.0, 0.0, 0.0, 0.0, 0.0, 0.0, 0.0, 0.0, 0.0, 0.0, 0.0, 0.0], [0.0, 0.0, 0.0, 0.0, 0.0, 0.0, 0.0, 0.0, 0.0, 0.0, 0.0, 0.0, 0.0, 0.0, 0.0, 0.0, 0.0, 0.0, 0.0, 0.0, 0.0, 0.0, 0.0, 0.0, 0.0, 0.0, 0.0, 0.0], [0.0, 0.0, 0.0, 0.0, 0.0, 0.0, 0.0, 0.0, 0.0, 0.0, 0.0, 0.0, 0.0, 0.0, 0.0, 0.0, 0.0, 0.0, 0.0, 0.0, 0.0, 0.0, 0.0, 0.0, 0.0, 0.0, 0.0, 0.0]], [[0.0, 0.0, 0.0, 0.0, 0.0, 0.0, 0.0, 0.0, 0.0, 0.0, 0.0, 0.0, 0.0, 0.0, 0.0, 0.0, 0.0, 0.0, 0.0, 0.0, 0.0, 0.0, 0.0, 0.0, 0.0, 0.0, 0.0, 0.0], [0.0, 0.0, 0.0, 0.0, 0.0, 0.0, 0.0, 0.0, 0.0, 0.0, 0.0, 0.0, 0.0, 0.0, 0.0, 0.0, 0.0, 0.0, 0.0, 0.0, 0.0, 0.0, 0.0, 0.0, 0.0, 0.0, 0.0, 0.0], [0.0, 0.0, 0.0, 0.0, 0.0, 0.0, 0.0, 0.0, 0.0, 0.0, 0.0, 0.0, 0.0, 0.0, 0.0, 0.0, 0.0, 0.0, 0.0, 0.0, 0.0, 0.0, 0.0, 0.0, 0.0, 0.0, 0.0, 0.0], [0.0, 0.0, 0.0, 0.0, 0.0, 0.0, 0.0, 0.0, 0.0, 0.0, 0.0, 0.0, 0.0, 0.0, 0.0, 0.0, 0.0, 0.0, 0.0, 0.0, 0.0, 0.0, 0.0, 0.0, 0.0, 0.0, 0.0, 0.0], [0.0, 0.0, 0.0, 0.0, 0.0, 0.0, 0.0, 0.0, 0.0, 0.0, 0.0, 0.0, 0.0, 0.0, 0.0, 0.0, 0.0, 0.0, 0.0, 0.0, 0.0, 0.0, 0.0, 0.0, 0.0, 0.0, 0.0, 0.0], [0.0, 0.0, 0.0, 0.0, 0.0, 0.0, 0.0, 0.0, 0.0, 0.0, 0.0, 0.0, 0.0, 0.0, 0.0, 0.0, 0.0, 0.0, 0.0, 0.0, 0.0, 0.0, 0.0, 0.0, 0.0, 0.0, 0.0, 0.0]], [[0.0, 0.0, 0.0, 0.0, 0.0, 0.0, 0.0, 0.0, 0.0, 0.0, 0.0, 0.0, 0.0, 0.0, 0.0, 0.0, 0.0, 0.0, 0.0, 0.0, 0.0, 0.0, 0.0, 0.0, 0.0, 0.0, 0.0, 0.0], [0.0, 0.0, 0.0, 0.0, 0.0, 0.0, 0.0, 0.0, 0.0, 0.0, 0.0, 0.0, 0.0, 0.0, 0.0, 0.0, 0.0, 0.0, 0.0, 0.0, 0.0, 0.0, 0.0, 0.0, 0.0, 0.0, 0.0, 0.0], [0.0, 0.0, 0.0, 0.0, 0.0, 0.0, 0.0, 0.0, 0.0, 0.0, 0.0, 0.0, 0.0, 0.0, 0.0, 0.0, 0.0, 0.0, 0.0, 0.0, 0.0, 0.0, 0.0, 0.0, 0.0, 0.0, 0.0, 0.0], [0.0, 0.0, 0.0, 0.0, 0.0, 0.0, 0.0, 0.0, 0.0, 0.0, 0.0, 0.0, 0.0, 0.0, 0.0, 0.0, 0.0, 0.0, 0.0, 0.0, 0.0, 0.0, 0.0, 0.0, 0.0, 0.0, 0.0, 0.0], [0.0, 0.0, 0.0, 0.0, 0.0, 0.0, 0.0, 0.0, 0.0, 0.0, 0.0, 0.0, 0.0, 0.0, 0.0, 0.0, 0.0, 0.0, 0.0, 0.0, 0.0, 0.0, 0.0, 0.0, 0.0, 0.0, 0.0, 0.0], [0.0, 0.0, 0.0, 0.0, 0.0, 0.0, 0.0, 0.0, 0.0, 0.0, 0.0, 0.0, 0.0, 0.0, 0.0, 0.0, 0.0, 0.0, 0.0, 0.0, 0.0, 0.0, 0.0, 0.0, 0.0, 0.0, 0.0, 0.0]], [[0.0, 0.0, 0.0, 0.0, 0.0, 0.0, 0.0, 0.0, 0.0, 0.0, 0.0, 0.0, 0.0, 0.0, 0.0, 0.0, 0.0, 0.0, 0.0, 0.0, 0.0, 0.0, 0.0, 0.0, 0.0, 0.0, 0.0, 0.0], [0.0, 0.0, 0.0, 0.0, 0.0, 0.0, 0.0, 0.0, 0.0, 0.0, 0.0, 0.0, 0.0, 0.0, 0.0, 0.0, 0.0, 0.0, 0.0, 0.0, 0.0, 0.0, 0.0, 0.0, 0.0, 0.0, 0.0, 0.0], [0.0, 0.0, 0.0, 0.0, 0.0, 0.0, 0.0, 0.0, 0.0, 0.0, 0.0, 0.0, 0.0, 0.0, 0.0, 0.0, 0.0, 0.0, 0.0, 0.0, 0.0, 0.0, 0.0, 0.0, 0.0, 0.0, 0.0, 0.0], [0.0, 0.0, 0.0, 0.0, 0.0, 0.0, 0.0, 0.0, 0.0, 0.0, 0.0, 0.0, 0.0, 0.0, 0.0, 0.0, 0.0, 0.0, 0.0, 0.0, 0.0, 0.0, 0.0, 0.0, 0.0, 0.0, 0.0, 0.0], [0.0, 0.0, 0.0, 0.0, 0.0, 0.0, 0.0, 0.0, 0.0, 0.0, 0.0, 0.0, 0.0, 0.0, 0.0, 0.0, 0.0, 0.0, 0.0, 0.0, 0.0, 0.0, 0.0, 0.0, 0.0, 0.0, 0.0, 0.0], [0.0, 0.0, 0.0, 0.0, 0.0, 0.0, 0.0, 0.0, 0.0, 0.0, 0.0, 0.0, 0.0, 0.0, 0.0, 0.0, 0.0, 0.0, 0.0, 0.0, 0.0, 0.0, 0.0, 0.0, 0.0, 0.0, 0.0, 0.0]], [[0.0, 0.0, 0.0, 0.0, 0.0, 0.0, 0.0, 0.0, 0.0, 0.0, 0.0, 0.0, 0.0, 0.0, 0.0, 0.0, 0.0, 0.0, 0.0, 0.0, 0.0, 0.0, 0.0, 0.0, 0.0, 0.0, 0.0, 0.0], [0.0, 0.0, 0.0, 0.0, 0.0, 0.0, 0.0, 0.0, 0.0, 0.0, 0.0, 0.0, 0.0, 0.0, 0.0, 0.0, 0.0, 0.0, 0.0, 0.0, 0.0, 0.0, 0.0, 0.0, 0.0, 0.0, 0.0, 0.0], [0.0, 0.0, 0.0, 0.0, 0.0, 0.0, 0.0, 0.0, 0.0, 0.0, 0.0, 0.0, 0.0, 0.0, 0.0, 0.0, 0.0, 0.0, 0.0, 0.0, 0.0, 0.0, 0.0, 0.0, 0.0, 0.0, 0.0, 0.0], [0.0, 0.0, 0.0, 0.0, 0.0, 0.0, 0.0, 0.0, 0.0, 0.0, 0.0, 0.0, 0.0, 0.0, 0.0, 0.0, 0.0, 0.0, 0.0, 0.0, 0.0, 0.0, 0.0, 0.0, 0.0, 0.0, 0.0, 0.0], [0.0, 0.0, 0.0, 0.0, 0.0, 0.0, 0.0, 0.0, 0.0, 0.0, 0.0, 0.0, 0.0, 0.0, 0.0, 0.0, 0.0, 0.0, 0.0, 0.0, 0.0, 0.0, 0.0, 0.0, 0.0, 0.0, 0.0, 0.0], [0.0, 0.0, 0.0, 0.0, 0.0, 0.0, 0.0, 0.0, 0.0, 0.0, 0.0, 0.0, 0.0, 0.0, 0.0, 0.0, 0.0, 0.0, 0.0, 0.0, 0.0, 0.0, 0.0, 0.0, 0.0, 0.0, 0.0, 0.0]], [[0.0, 0.0, 0.0, 0.0, 0.0, 0.0, 0.0, 0.0, 0.0, 0.0, 0.0, 0.0, 0.0, 0.0, 0.0, 0.0, 0.0, 0.0, 0.0, 0.0, 0.0, 0.0, 0.0, 0.0, 0.0, 0.0, 0.0, 0.0], [0.0, 0.0, 0.0, 0.0, 0.0, 0.0, 0.0, 0.0, 0.0, 0.0, 0.0, 0.0, 0.0, 0.0, 0.0, 0.0, 0.0, 0.0, 0.0, 0.0, 0.0, 0.0, 0.0, 0.0, 0.0, 0.0, 0.0, 0.0], [0.0, 0.0, 0.0, 0.0, 0.0, 0.0, 0.0, 0.0, 0.0, 0.0, 0.0, 0.0, 0.0, 0.0, 0.0, 0.0, 0.0, 0.0, 0.0, 0.0, 0.0, 0.0, 0.0, 0.0, 0.0, 0.0, 0.0, 0.0], [0.0, 0.0, 0.0, 0.0, 0.0, 0.0, 0.0, 0.0, 0.0, 0.0, 0.0, 0.0, 0.0, 0.0, 0.0, 0.0, 0.0, 0.0, 0.0, 0.0, 0.0, 0.0, 0.0, 0.0, 0.0, 0.0, 0.0, 0.0], [0.0, 0.0, 0.0, 0.0, 0.0, 0.0, 0.0, 0.0, 0.0, 0.0, 0.0, 0.0, 0.0, 0.0, 0.0, 0.0, 0.0, 0.0, 0.0, 0.0, 0.0, 0.0, 0.0, 0.0, 0.0, 0.0, 0.0, 0.0], [0.0, 0.0, 0.0, 0.0, 0.0, 0.0, 0.0, 0.0, 0.0, 0.0, 0.0, 0.0, 0.0, 0.0, 0.0, 0.0, 0.0, 0.0, 0.0, 0.0, 0.0, 0.0, 0.0, 0.0, 0.0, 0.0, 0.0, 0.0]], [[0.0, 0.0, 0.0, 0.0, 0.0, 0.0, 0.0, 0.0, 0.0, 0.0, 0.0, 0.0, 0.0, 0.0, 0.0, 0.0, 0.0, 0.0, 0.0, 0.0, 0.0, 0.0, 0.0, 0.0, 0.0, 0.0, 0.0, 0.0], [0.0, 0.0, 0.0, 0.0, 0.0, 0.0, 0.0, 0.0, 0.0, 0.0, 0.0, 0.0, 0.0, 0.0, 0.0, 0.0, 0.0, 0.0, 0.0, 0.0, 0.0, 0.0, 0.0, 0.0, 0.0, 0.0, 0.0, 0.0], [0.0, 0.0, 0.0, 0.0, 0.0, 0.0, 0.0, 0.0, 0.0, 0.0, 0.0, 0.0, 0.0, 0.0, 0.0, 0.0, 0.0, 0.0, 0.0, 0.0, 0.0, 0.0, 0.0, 0.0, 0.0, 0.0, 0.0, 0.0], [0.0, 0.0, 0.0, 0.0, 0.0, 0.0, 0.0, 0.0, 0.0, 0.0, 0.0, 0.0, 0.0, 0.0, 0.0, 0.0, 0.0, 0.0, 0.0, 0.0, 0.0, 0.0, 0.0, 0.0, 0.0, 0.0, 0.0, 0.0], [0.0, 0.0, 0.0, 0.0, 0.0, 0.0, 0.0, 0.0, 0.0, 0.0, 0.0, 0.0, 0.0, 0.0, 0.0, 0.0, 0.0, 0.0, 0.0, 0.0, 0.0, 0.0, 0.0, 0.0, 0.0, 0.0, 0.0, 0.0], [0.0, 0.0, 0.0, 0.0, 0.0, 0.0, 0.0, 0.0, 0.0, 0.0, 0.0, 0.0, 0.0, 0.0, 0.0, 0.0, 0.0, 0.0, 0.0, 0.0, 0.0, 0.0, 0.0, 0.0, 0.0, 0.0, 0.0, 0.0]], [[0.0, 0.0, 0.0, 0.0, 0.0, 0.0, 0.0, 0.0, 0.0, 0.0, 0.0, 0.0, 0.0, 0.0, 0.0, 0.0, 0.0, 0.0, 0.0, 0.0, 0.0, 0.0, 0.0, 0.0, 0.0, 0.0, 0.0, 0.0], [0.0, 0.0, 0.0, 0.0, 0.0, 0.0, 0.0, 0.0, 0.0, 0.0, 0.0, 0.0, 0.0, 0.0, 0.0, 0.0, 0.0, 0.0, 0.0, 0.0, 0.0, 0.0, 0.0, 0.0, 0.0, 0.0, 0.0, 0.0], [0.0, 0.0, 0.0, 0.0, 0.0, 0.0, 0.0, 0.0, 0.0, 0.0, 0.0, 0.0, 0.0, 0.0, 0.0, 0.0, 0.0, 0.0, 0.0, 0.0, 0.0, 0.0, 0.0, 0.0, 0.0, 0.0, 0.0, 0.0], [0.0, 0.0, 0.0, 0.0, 0.0, 0.0, 0.0, 0.0, 0.0, 0.0, 0.0, 0.0, 0.0, 0.0, 0.0, 0.0, 0.0, 0.0, 0.0, 0.0, 0.0, 0.0, 0.0, 0.0, 0.0, 0.0, 0.0, 0.0], [0.0, 0.0, 0.0, 0.0, 0.0, 0.0, 0.0, 0.0, 0.0, 0.0, 0.0, 0.0, 0.0, 0.0, 0.0, 0.0, 0.0, 0.0, 0.0, 0.0, 0.0, 0.0, 0.0, 0.0, 0.0, 0.0, 0.0, 0.0], [0.0, 0.0, 0.0, 0.0, 0.0, 0.0, 0.0, 0.0, 0.0, 0.0, 0.0, 0.0, 0.0, 0.0, 0.0, 0.0, 0.0, 0.0, 0.0, 0.0, 0.0, 0.0, 0.0, 0.0, 0.0, 0.0, 0.0, 0.0]], [[0.0, 0.0, 0.0, 0.0, 0.0, 0.0, 0.0, 0.0, 0.0, 0.0, 0.0, 0.0, 0.0, 0.0, 0.0, 0.0, 0.0, 0.0, 0.0, 0.0, 0.0, 0.0, 0.0, 0.0, 0.0, 0.0, 0.0, 0.0], [0.0, 0.0, 0.0, 0.0, 0.0, 0.0, 0.0, 0.0, 0.0, 0.0, 0.0, 0.0, 0.0, 0.0, 0.0, 0.0, 0.0, 0.0, 0.0, 0.0, 0.0, 0.0, 0.0, 0.0, 0.0, 0.0, 0.0, 0.0], [0.0, 0.0, 0.0, 0.0, 0.0, 0.0, 0.0, 0.0, 0.0, 0.0, 0.0, 0.0, 0.0, 0.0, 0.0, 0.0, 0.0, 0.0, 0.0, 0.0, 0.0, 0.0, 0.0, 0.0, 0.0, 0.0, 0.0, 0.0], [0.0, 0.0, 0.0, 0.0, 0.0, 0.0, 0.0, 0.0, 0.0, 0.0, 0.0, 0.0, 0.0, 0.0, 0.0, 0.0, 0.0, 0.0, 0.0, 0.0, 0.0, 0.0, 0.0, 0.0, 0.0, 0.0, 0.0, 0.0], [0.0, 0.0, 0.0, 0.0, 0.0, 0.0, 0.0, 0.0, 0.0, 0.0, 0.0, 0.0, 0.0, 0.0, 0.0, 0.0, 0.0, 0.0, 0.0, 0.0, 0.0, 0.0, 0.0, 0.0, 0.0, 0.0, 0.0, 0.0], [0.0, 0.0, 0.0, 0.0, 0.0, 0.0, 0.0, 0.0, 0.0, 0.0, 0.0, 0.0, 0.0, 0.0, 0.0, 0.0, 0.0, 0.0, 0.0, 0.0, 0.0, 0.0, 0.0, 0.0, 0.0, 0.0, 0.0, 0.0]], [[0.0, 0.0, 0.0, 0.0, 0.0, 0.0, 0.0, 0.0, 0.0, 0.0, 0.0, 0.0, 0.0, 0.0, 0.0, 0.0, 0.0, 0.0, 0.0, 0.0, 0.0, 0.0, 0.0, 0.0, 0.0, 0.0, 0.0, 0.0], [0.0, 0.0, 0.0, 0.0, 0.0, 0.0, 0.0, 0.0, 0.0, 0.0, 0.0, 0.0, 0.0, 0.0, 0.0, 0.0, 0.0, 0.0, 0.0, 0.0, 0.0, 0.0, 0.0, 0.0, 0.0, 0.0, 0.0, 0.0], [0.0, 0.0, 0.0, 0.0, 0.0, 0.0, 0.0, 0.0, 0.0, 0.0, 0.0, 0.0, 0.0, 0.0, 0.0, 0.0, 0.0, 0.0, 0.0, 0.0, 0.0, 0.0, 0.0, 0.0, 0.0, 0.0, 0.0, 0.0], [0.0, 0.0, 0.0, 0.0, 0.0, 0.0, 0.0, 0.0, 0.0, 0.0, 0.0, 0.0, 0.0, 0.0, 0.0, 0.0, 0.0, 0.0, 0.0, 0.0, 0.0, 0.0, 0.0, 0.0, 0.0, 0.0, 0.0, 0.0], [0.0, 0.0, 0.0, 0.0, 0.0, 0.0, 0.0, 0.0, 0.0, 0.0, 0.0, 0.0, 0.0, 0.0, 0.0, 0.0, 0.0, 0.0, 0.0, 0.0, 0.0, 0.0, 0.0, 0.0, 0.0, 0.0, 0.0, 0.0], [0.0, 0.0, 0.0, 0.0, 0.0, 0.0, 0.0, 0.0, 0.0, 0.0, 0.0, 0.0, 0.0, 0.0, 0.0, 0.0, 0.0, 0.0, 0.0, 0.0, 0.0, 0.0, 0.0, 0.0, 0.0, 0.0, 0.0, 0.0]], [[0.0, 0.0, 0.0, 0.0, 0.0, 0.0, 0.0, 0.0, 0.0, 0.0, 0.0, 0.0, 0.0, 0.0, 0.0, 0.0, 0.0, 0.0, 0.0, 0.0, 0.0, 0.0, 0.0, 0.0, 0.0, 0.0, 0.0, 0.0], [0.0, 0.0, 0.0, 0.0, 0.0, 0.0, 0.0, 0.0, 0.0, 0.0, 0.0, 0.0, 0.0, 0.0, 0.0, 0.0, 0.0, 0.0, 0.0, 0.0, 0.0, 0.0, 0.0, 0.0, 0.0, 0.0, 0.0, 0.0], [0.0, 0.0, 0.0, 0.0, 0.0, 0.0, 0.0, 0.0, 0.0, 0.0, 0.0, 0.0, 0.0, 0.0, 0.0, 0.0, 0.0, 0.0, 0.0, 0.0, 0.0, 0.0, 0.0, 0.0, 0.0, 0.0, 0.0, 0.0], [0.0, 0.0, 0.0, 0.0, 0.0, 0.0, 0.0, 0.0, 0.0, 0.0, 0.0, 0.0, 0.0, 0.0, 0.0, 0.0, 0.0, 0.0, 0.0, 0.0, 0.0, 0.0, 0.0, 0.0, 0.0, 0.0, 0.0, 0.0], [0.0, 0.0, 0.0, 0.0, 0.0, 0.0, 0.0, 0.0, 0.0, 0.0, 0.0, 0.0, 0.0, 0.0, 0.0, 0.0, 0.0, 0.0, 0.0, 0.0, 0.0, 0.0, 0.0, 0.0, 0.0, 0.0, 0.0, 0.0], [0.0, 0.0, 0.0, 0.0, 0.0, 0.0, 0.0, 0.0, 0.0, 0.0, 0.0, 0.0, 0.0, 0.0, 0.0, 0.0, 0.0, 0.0, 0.0, 0.0, 0.0, 0.0, 0.0, 0.0, 0.0, 0.0, 0.0, 0.0]], [[0.0, 0.0, 0.0, 0.0, 0.0, 0.0, 0.0, 0.0, 0.0, 0.0, 0.0, 0.0, 0.0, 0.0, 0.0, 0.0, 0.0, 0.0, 0.0, 0.0, 0.0, 0.0, 0.0, 0.0, 0.0, 0.0, 0.0, 0.0], [0.0, 0.0, 0.0, 0.0, 0.0, 0.0, 0.0, 0.0, 0.0, 0.0, 0.0, 0.0, 0.0, 0.0, 0.0, 0.0, 0.0, 0.0, 0.0, 0.0, 0.0, 0.0, 0.0, 0.0, 0.0, 0.0, 0.0, 0.0], [0.0, 0.0, 0.0, 0.0, 0.0, 0.0, 0.0, 0.0, 0.0, 0.0, 0.0, 0.0, 0.0, 0.0, 0.0, 0.0, 0.0, 0.0, 0.0, 0.0, 0.0, 0.0, 0.0, 0.0, 0.0, 0.0, 0.0, 0.0], [0.0, 0.0, 0.0, 0.0, 0.0, 0.0, 0.0, 0.0, 0.0, 0.0, 0.0, 0.0, 0.0, 0.0, 0.0, 0.0, 0.0, 0.0, 0.0, 0.0, 0.0, 0.0, 0.0, 0.0, 0.0, 0.0, 0.0, 0.0], [0.0, 0.0, 0.0, 0.0, 0.0, 0.0, 0.0, 0.0, 0.0, 0.0, 0.0, 0.0, 0.0, 0.0, 0.0, 0.0, 0.0, 0.0, 0.0, 0.0, 0.0, 0.0, 0.0, 0.0, 0.0, 0.0, 0.0, 0.0], [0.0, 0.0, 0.0, 0.0, 0.0, 0.0, 0.0, 0.0, 0.0, 0.0, 0.0, 0.0, 0.0, 0.0, 0.0, 0.0, 0.0, 0.0, 0.0, 0.0, 0.0, 0.0, 0.0, 0.0, 0.0, 0.0, 0.0, 0.0]], [[0.0, 0.0, 0.0, 0.0, 0.0, 0.0, 0.0, 0.0, 0.0, 0.0, 0.0, 0.0, 0.0, 0.0, 0.0, 0.0, 0.0, 0.0, 0.0, 0.0, 0.0, 0.0, 0.0, 0.0, 0.0, 0.0, 0.0, 0.0], [0.0, 0.0, 0.0, 0.0, 0.0, 0.0, 0.0, 0.0, 0.0, 0.0, 0.0, 0.0, 0.0, 0.0, 0.0, 0.0, 0.0, 0.0, 0.0, 0.0, 0.0, 0.0, 0.0, 0.0, 0.0, 0.0, 0.0, 0.0], [0.0, 0.0, 0.0, 0.0, 0.0, 0.0, 0.0, 0.0, 0.0, 0.0, 0.0, 0.0, 0.0, 0.0, 0.0, 0.0, 0.0, 0.0, 0.0, 0.0, 0.0, 0.0, 0.0, 0.0, 0.0, 0.0, 0.0, 0.0], [0.0, 0.0, 0.0, 0.0, 0.0, 0.0, 0.0, 0.0, 0.0, 0.0, 0.0, 0.0, 0.0, 0.0, 0.0, 0.0, 0.0, 0.0, 0.0, 0.0, 0.0, 0.0, 0.0, 0.0, 0.0, 0.0, 0.0, 0.0], [0.0, 0.0, 0.0, 0.0, 0.0, 0.0, 0.0, 0.0, 0.0, 0.0, 0.0, 0.0, 0.0, 0.0, 0.0, 0.0, 0.0, 0.0, 0.0, 0.0, 0.0, 0.0, 0.0, 0.0, 0.0, 0.0, 0.0, 0.0], [0.0, 0.0, 0.0, 0.0, 0.0, 0.0, 0.0, 0.0, 0.0, 0.0, 0.0, 0.0, 0.0, 0.0, 0.0, 0.0, 0.0, 0.0, 0.0, 0.0, 0.0, 0.0, 0.0, 0.0, 0.0, 0.0, 0.0, 0.0]], [[0.0, 0.0, 0.0, 0.0, 0.0, 0.0, 0.0, 0.0, 0.0, 0.0, 0.0, 0.0, 0.0, 0.0, 0.0, 0.0, 0.0, 0.0, 0.0, 0.0, 0.0, 0.0, 0.0, 0.0, 0.0, 0.0, 0.0, 0.0], [0.0, 0.0, 0.0, 0.0, 0.0, 0.0, 0.0, 0.0, 0.0, 0.0, 0.0, 0.0, 0.0, 0.0, 0.0, 0.0, 0.0, 0.0, 0.0, 0.0, 0.0, 0.0, 0.0, 0.0, 0.0, 0.0, 0.0, 0.0], [0.0, 0.0, 0.0, 0.0, 0.0, 0.0, 0.0, 0.0, 0.0, 0.0, 0.0, 0.0, 0.0, 0.0, 0.0, 0.0, 0.0, 0.0, 0.0, 0.0, 0.0, 0.0, 0.0, 0.0, 0.0, 0.0, 0.0, 0.0], [0.0, 0.0, 0.0, 0.0, 0.0, 0.0, 0.0, 0.0, 0.0, 0.0, 0.0, 0.0, 0.0, 0.0, 0.0, 0.0, 0.0, 0.0, 0.0, 0.0, 0.0, 0.0, 0.0, 0.0, 0.0, 0.0, 0.0, 0.0], [0.0, 0.0, 0.0, 0.0, 0.0, 0.0, 0.0, 0.0, 0.0, 0.0, 0.0, 0.0, 0.0, 0.0, 0.0, 0.0, 0.0, 0.0, 0.0, 0.0, 0.0, 0.0, 0.0, 0.0, 0.0, 0.0, 0.0, 0.0], [0.0, 0.0, 0.0, 0.0, 0.0, 0.0, 0.0, 0.0, 0.0, 0.0, 0.0, 0.0, 0.0, 0.0, 0.0, 0.0, 0.0, 0.0, 0.0, 0.0, 0.0, 0.0, 0.0, 0.0, 0.0, 0.0, 0.0, 0.0]]];
t = [[99999999.0, 6.009744169338774, 6.116088223335874, 10.771792106094702, 11.16103176114295, 6.071031716582153, 13.7129100421131, 14.45328151559334, 14.42229054315657, 5.653946392974888, 14.459738201542995, 8.275252564838638, 5.175701166985358, 12.601546238468519, 10.414696318879878, 9.351553180620453, 13.167058961070007, 12.87760104829309, 11.934033476500844, 13.398750794764664, 7.63128292695212, 7.365123767666003, 8.88273116161914, 7.521925973266653, 14.468453859632751, 13.389793328886071, 14.776454064348135, 10.745738092433117, 5.055804387858301, 6.319949876965168], [6.009744169338774, 99999999.0, 10.513356743702438, 12.700528274940472, 11.710168652007468, 12.396842651113857, 5.652357286501001, 13.90786027664368, 8.93760330614675, 9.37595607169783, 10.59878628512524, 7.871914632424985, 8.971731159693853, 13.300876416318312, 11.653424466028444, 12.6994521266601, 5.08652593040145, 14.781168898062424, 8.753615898040195, 13.998777793426175, 7.276830303508499, 6.537110790318975, 7.29812470806176, 13.683164342663204, 9.532396000810479, 9.38739553303238, 10.930589448441186, 8.67086547478753, 12.53140532359496, 6.014066593262193], [6.116088223335874, 10.513356743702438, 99999999.0, 6.2939111072066956, 5.882146658300145, 6.938422508464795, 9.29560484202815, 14.424062384938289, 9.57694250561494, 6.73207544409841, 6.133941397232108, 9.58579124183607, 5.338606258526842, 9.548686778395538, 13.212197449280715, 6.743589159970068, 11.480265836550494, 14.364202932526316, 9.323613626728164, 7.290086516143896, 12.452012442479, 12.374762326245532, 6.117317744688418, 7.720606973494498, 7.921444215801561, 6.622597655826357, 12.967319193066533, 7.729650886117633, 12.092924841898617, 8.546423510589367], [10.771792106094702, 12.700528274940472, 6.2939111072066956, 99999999.0, 6.047873364707805, 13.583848808711442, 14.726090501366325, 12.998758637965185, 12.327544457923121, 9.706224690294215, 11.36883390369637, 11.624064056276886, 11.896716510609423, 5.153709562094971, 6.242576524603816, 9.345717060490909, 9.88898821329549, 5.679289904507806, 6.462048218762365, 12.283571768385919, 13.257774773990734, 7.907138349682565, 11.67377701578025, 13.104783848191117, 13.014970298651543, 7.8793756845273455, 13.524498358767925, 7.109875343824902, 8.69355572926642, 6.824475520506182], [11.16103176114295, 11.710168652007468, 5.882146658300145, 6.047873364707805, 99999999.0, 11.574540990548492, 12.644397869907142, 8.69021831862915, 11.457434993937522, 9.937763537774712, 6.409839183292502, 11.632980141606968, 9.66561153630779, 11.415251204429032, 7.76504985059796, 12.527979975762852, 10.423973054678106, 14.889350415561285, 10.336324966037115, 6.005731908654692, 6.977573187215055, 10.81903705116561, 8.830604179430917, 6.897486499827079, 11.120553210526204, 9.358056347109812, 7.243124149970655, 7.105289732368516, 5.284996834380017, 10.381758924942163], [6.071031716582153, 12.396842651113857, 6.938422508464795, 13.583848808711442, 11.574540990548492, 99999999.0, 10.543855701392461, 14.760276054226969, 7.130779565750243, 11.80250159604243, 7.169267150535119, 6.617269216755007, 12.613473263274102, 14.271897377970514, 6.380845336053788, 6.637357037618667, 12.579714137927455, 5.033744335977071, 14.390773058578363, 7.1270492835291925, 12.011283277020913, 11.575625435913945, 10.463852101850588, 8.194856146212812, 7.222497732014608, 7.3235559771432595, 10.527503525059801, 7.237068423012516, 10.728127502097351, 5.431185694953774], [13.7129100421131, 5.652357286501001, 9.29560484202815, 14.726090501366325, 12.644397869907142, 10.543855701392461, 99999999.0, 7.506396170820255, 14.99855645680163, 5.922410867688519, 9.47831565510117, 10.294315241375887, 5.876155468396897, 5.176981481265951, 10.495863772024574, 8.775091361323069, 13.156207761453313, 12.75789865164906, 14.53308163543208, 11.217139841864146, 8.296578369897869, 11.881696532815319, 6.7101205720163435, 10.420408136747614, 11.871714152574341, 5.246012465783577, 10.555403194380851, 8.35999900902477, 14.784023771319902, 10.790074436953601], [14.45328151559334, 13.90786027664368, 14.424062384938289, 12.998758637965185, 8.69021831862915, 14.760276054226969, 7.506396170820255, 99999999.0, 9.222849849112185, 7.067616671936374, 6.660558358384171, 14.059556982589658, 9.236177091808283, 6.948462362607311, 12.8271460687351, 13.044147321530723, 5.016142218509657, 7.665467203839214, 13.164825278655496, 5.642321390657804, 9.551680711201616, 7.511495235273556, 12.509918845768023, 11.871859275663752, 9.053227417933337, 6.07878522500302, 10.748865246532496, 5.9361306727170735, 11.581496664185048, 7.629330227174179], [14.42229054315657, 8.93760330614675, 9.57694250561494, 12.327544457923121, 11.457434993937522, 7.130779565750243, 14.99855645680163, 9.222849849112185, 99999999.0, 11.705720483978519, 10.101774104519103, 7.342622951894021, 14.249092146488785, 14.982558309005354, 12.540928683372627, 14.85774542657475, 12.777146948202752, 6.923520024837413, 12.060190935616221, 12.834529552825472, 13.631616852563447, 14.605135599076096, 8.864463679890513, 7.169843638074639, 6.997523759521459, 5.217553115548848, 14.575671276475592, 10.539676688175735, 9.173767865469296, 5.277277957982132], [5.653946392974888, 9.37595607169783, 6.73207544409841, 9.706224690294215, 9.937763537774712, 11.80250159604243, 5.922410867688519, 7.067616671936374, 11.705720483978519, 99999999.0, 13.52338683937533, 11.1259808587183, 8.218049240991201, 10.218440226707255, 5.473576743321984, 5.1666961181057145, 9.87728313121401, 14.469761874939165, 8.574594923122724, 14.56259897846538, 9.167013383104326, 10.049635593201678, 6.468143624052582, 8.858140255614796, 5.421975842120803, 7.965673029223587, 10.25328744402983, 9.215635553166818, 10.645594754682346, 11.16406532740124], [14.459738201542995, 10.59878628512524, 6.133941397232108, 11.36883390369637, 6.409839183292502, 7.169267150535119, 9.47831565510117, 6.660558358384171, 10.101774104519103, 13.52338683937533, 99999999.0, 11.271059773844952, 11.640037758011342, 9.619150920852833, 12.516682593686212, 14.505904133921966, 5.870047343255851, 12.136792241493774, 12.727505386770542, 11.502964193677268, 6.008331889010133, 10.73470022694985, 8.502759399378299, 5.670250170921767, 7.492628975190402, 13.313743209678456, 12.576000616809697, 14.02024410805945, 7.605497127001819, 10.534867635308267], [8.275252564838638, 7.871914632424985, 9.58579124183607, 11.624064056276886, 11.632980141606968, 6.617269216755007, 10.294315241375887, 14.059556982589658, 7.342622951894021, 11.1259808587183, 11.271059773844952, 99999999.0, 7.612849307803077, 8.303421100704874, 8.352771281746847, 5.965587854186215, 6.704881068582081, 10.400707545348459, 12.204843794621336, 14.587738401435535, 7.389545987110005, 14.452376558162301, 9.457558569508706, 12.80579427774704, 5.024390680555912, 8.62219522771485, 9.953331199991807, 12.033890177834472, 8.271848792005372, 12.4321160835445], [5.175701166985358, 8.971731159693853, 5.338606258526842, 11.896716510609423, 9.66561153630779, 12.613473263274102, 5.876155468396897, 9.236177091808283, 14.249092146488785, 8.218049240991201, 11.640037758011342, 7.612849307803077, 99999999.0, 13.822995559432185, 5.335458908971267, 9.160762706894296, 7.14440177428293, 5.077045127715082, 9.434493840681752, 8.65642735346866, 14.625620221912158, 5.741021630970749, 9.409639773708092, 13.882489062626185, 11.105709490889469, 5.131240725600952, 13.560187102195073, 11.820933591549704, 13.954081815046347, 9.987918826109077], [12.601546238468519, 13.300876416318312, 9.548686778395538, 5.153709562094971, 11.415251204429032, 14.271897377970514, 5.176981481265951, 6.948462362607311, 14.982558309005354, 10.218440226707255, 9.619150920852833, 8.303421100704874, 13.822995559432185, 99999999.0, 9.552951554777575, 12.872645299796803, 6.208649168029331, 14.646452282080528, 6.462477734561237, 10.658019045066498, 5.149430037524305, 8.732299036361567, 12.91312949748688, 5.211537927088379, 13.745246105079463, 11.53047439618855, 8.515313425755327, 7.027341380826392, 14.160251884653263, 10.458145975574396], [10.414696318879878, 11.653424466028444, 13.212197449280715, 6.242576524603816, 7.76504985059796, 6.380845336053788, 10.495863772024574, 12.8271460687351, 12.540928683372627, 5.473576743321984, 12.516682593686212, 8.352771281746847, 5.335458908971267, 9.552951554777575, 99999999.0, 6.0742597932491, 14.60642062912649, 11.316796138060683, 14.160642681699505, 12.424746981898977, 9.982402981093887, 11.483362455380876, 9.628075398597296, 12.750994142227661, 11.74923012755147, 11.385324408821647, 9.505328580342326, 7.866737942123119, 10.807237389610666, 12.875260080522413], [9.351553180620453, 12.6994521266601, 6.743589159970068, 9.345717060490909, 12.527979975762852, 6.637357037618667, 8.775091361323069, 13.044147321530723, 14.85774542657475, 5.1666961181057145, 14.505904133921966, 5.965587854186215, 9.160762706894296, 12.872645299796803, 6.0742597932491, 99999999.0, 14.6662113119698, 12.137581929451487, 8.67802905440438, 8.487520782899958, 10.60378664815233, 12.52335440306235, 13.016436617374763, 11.812263895054102, 9.002530923787868, 6.596883838518318, 11.232105063797327, 9.805672480030607, 14.120236657950008, 9.421326026061767], [13.167058961070007, 5.08652593040145, 11.480265836550494, 9.88898821329549, 10.423973054678106, 12.579714137927455, 13.156207761453313, 5.016142218509657, 12.777146948202752, 9.87728313121401, 5.870047343255851, 6.704881068582081, 7.14440177428293, 6.208649168029331, 14.60642062912649, 14.6662113119698, 99999999.0, 7.512446309631072, 11.436054632520174, 5.263703040602687, 14.528570750579771, 10.550276473989182, 11.464438425756367, 7.083258721836288, 14.482048136253765, 13.35867176635764, 5.573800009198938, 5.184534785023443, 6.33891608548086, 8.838861039829334], [12.87760104829309, 14.781168898062424, 14.364202932526316, 5.679289904507806, 14.889350415561285, 5.033744335977071, 12.75789865164906, 7.665467203839214, 6.923520024837413, 14.469761874939165, 12.136792241493774, 10.400707545348459, 5.077045127715082, 14.646452282080528, 11.316796138060683, 12.137581929451487, 7.512446309631072, 99999999.0, 13.8644413722849, 7.751523800319303, 12.089209639332235, 13.829127436615016, 10.73403321939395, 7.100338747104931, 11.263778149342865, 5.324811398000651, 13.564589944849232, 14.942736683524004, 10.788646205158551, 9.746122959484424], [11.934033476500844, 8.753615898040195, 9.323613626728164, 6.462048218762365, 10.336324966037115, 14.390773058578363, 14.53308163543208, 13.164825278655496, 12.060190935616221, 8.574594923122724, 12.727505386770542, 12.204843794621336, 9.434493840681752, 6.462477734561237, 14.160642681699505, 8.67802905440438, 11.436054632520174, 13.8644413722849, 99999999.0, 5.774841861627715, 6.385925710663751, 7.606910045565561, 10.839528260713543, 5.83822567029793, 10.326665233991656, 13.903681064880661, 10.2663158357338, 14.230171677333454, 11.746408970773473, 9.371165585234639], [13.398750794764664, 13.998777793426175, 7.290086516143896, 12.283571768385919, 6.005731908654692, 7.1270492835291925, 11.217139841864146, 5.642321390657804, 12.834529552825472, 14.56259897846538, 11.502964193677268, 14.587738401435535, 8.65642735346866, 10.658019045066498, 12.424746981898977, 8.487520782899958, 5.263703040602687, 7.751523800319303, 5.774841861627715, 99999999.0, 7.553956652993474, 5.559741336875575, 14.216004283419746, 14.806051961481549, 6.842651174923425, 10.265861575168614, 13.205458877539092, 14.9037670291859, 9.253852552306999, 12.462658501713987], [7.63128292695212, 7.276830303508499, 12.452012442479, 13.257774773990734, 6.977573187215055, 12.011283277020913, 8.296578369897869, 9.551680711201616, 13.631616852563447, 9.167013383104326, 6.008331889010133, 7.389545987110005, 14.625620221912158, 5.149430037524305, 9.982402981093887, 10.60378664815233, 14.528570750579771, 12.089209639332235, 6.385925710663751, 7.553956652993474, 99999999.0, 11.487759013094312, 6.968131487990682, 14.321874085396393, 9.45517251689174, 12.55047971902421, 10.52120818565653, 14.550654912914213, 10.871726428608417, 12.12332616290589], [7.365123767666003, 6.537110790318975, 12.374762326245532, 7.907138349682565, 10.81903705116561, 11.575625435913945, 11.881696532815319, 7.511495235273556, 14.605135599076096, 10.049635593201678, 10.73470022694985, 14.452376558162301, 5.741021630970749, 8.732299036361567, 11.483362455380876, 12.52335440306235, 10.550276473989182, 13.829127436615016, 7.606910045565561, 5.559741336875575, 11.487759013094312, 99999999.0, 9.591614911956437, 9.467229473216225, 12.700535768354452, 6.044525503792598, 11.201114083859647, 12.447841375567775, 6.449069998490977, 11.213376291431674], [8.88273116161914, 7.29812470806176, 6.117317744688418, 11.67377701578025, 8.830604179430917, 10.463852101850588, 6.7101205720163435, 12.509918845768023, 8.864463679890513, 6.468143624052582, 8.502759399378299, 9.457558569508706, 9.409639773708092, 12.91312949748688, 9.628075398597296, 13.016436617374763, 11.464438425756367, 10.73403321939395, 10.839528260713543, 14.216004283419746, 6.968131487990682, 9.591614911956437, 99999999.0, 6.6403067843398365, 7.399786215069129, 13.3256621742803, 6.884476416976152, 13.754667901832336, 7.395806964764469, 9.596877339491753], [7.521925973266653, 13.683164342663204, 7.720606973494498, 13.104783848191117, 6.897486499827079, 8.194856146212812, 10.420408136747614, 11.871859275663752, 7.169843638074639, 8.858140255614796, 5.670250170921767, 12.80579427774704, 13.882489062626185, 5.211537927088379, 12.750994142227661, 11.812263895054102, 7.083258721836288, 7.100338747104931, 5.83822567029793, 14.806051961481549, 14.321874085396393, 9.467229473216225, 6.6403067843398365, 99999999.0, 14.303089660903687, 9.093985666179716, 12.13824810745816, 8.164850639563506, 12.411201401700284, 11.20241286949774], [14.468453859632751, 9.532396000810479, 7.921444215801561, 13.014970298651543, 11.120553210526204, 7.222497732014608, 11.871714152574341, 9.053227417933337, 6.997523759521459, 5.421975842120803, 7.492628975190402, 5.024390680555912, 11.105709490889469, 13.745246105079463, 11.74923012755147, 9.002530923787868, 14.482048136253765, 11.263778149342865, 10.326665233991656, 6.842651174923425, 9.45517251689174, 12.700535768354452, 7.399786215069129, 14.303089660903687, 99999999.0, 9.9353583307297, 5.073953080326623, 8.581304182925427, 9.996898784912629, 13.347335713628391], [13.389793328886071, 9.38739553303238, 6.622597655826357, 7.8793756845273455, 9.358056347109812, 7.3235559771432595, 5.246012465783577, 6.07878522500302, 5.217553115548848, 7.965673029223587, 13.313743209678456, 8.62219522771485, 5.131240725600952, 11.53047439618855, 11.385324408821647, 6.596883838518318, 13.35867176635764, 5.324811398000651, 13.903681064880661, 10.265861575168614, 12.55047971902421, 6.044525503792598, 13.3256621742803, 9.093985666179716, 9.9353583307297, 99999999.0, 6.698485216396537, 7.7284129353149025, 6.141320622515791, 13.302704868344113], [14.776454064348135, 10.930589448441186, 12.967319193066533, 13.524498358767925, 7.243124149970655, 10.527503525059801, 10.555403194380851, 10.748865246532496, 14.575671276475592, 10.25328744402983, 12.576000616809697, 9.953331199991807, 13.560187102195073, 8.515313425755327, 9.505328580342326, 11.232105063797327, 5.573800009198938, 13.564589944849232, 10.2663158357338, 13.205458877539092, 10.52120818565653, 11.201114083859647, 6.884476416976152, 12.13824810745816, 5.073953080326623, 6.698485216396537, 99999999.0, 5.632235191971583, 7.26582619816225, 9.525742687155521], [10.745738092433117, 8.67086547478753, 7.729650886117633, 7.109875343824902, 7.105289732368516, 7.237068423012516, 8.35999900902477, 5.9361306727170735, 10.539676688175735, 9.215635553166818, 14.02024410805945, 12.033890177834472, 11.820933591549704, 7.027341380826392, 7.866737942123119, 9.805672480030607, 5.184534785023443, 14.942736683524004, 14.230171677333454, 14.9037670291859, 14.550654912914213, 12.447841375567775, 13.754667901832336, 8.164850639563506, 8.581304182925427, 7.7284129353149025, 5.632235191971583, 99999999.0, 13.934526065983313, 13.379559211117243], [5.055804387858301, 12.53140532359496, 12.092924841898617, 8.69355572926642, 5.284996834380017, 10.728127502097351, 14.784023771319902, 11.581496664185048, 9.173767865469296, 10.645594754682346, 7.605497127001819, 8.271848792005372, 13.954081815046347, 14.160251884653263, 10.807237389610666, 14.120236657950008, 6.33891608548086, 10.788646205158551, 11.746408970773473, 9.253852552306999, 10.871726428608417, 6.449069998490977, 7.395806964764469, 12.411201401700284, 9.996898784912629, 6.141320622515791, 7.26582619816225, 13.934526065983313, 99999999.0, 13.62842105074088], [6.319949876965168, 6.014066593262193, 8.546423510589367, 6.824475520506182, 10.381758924942163, 5.431185694953774, 10.790074436953601, 7.629330227174179, 5.277277957982132, 11.16406532740124, 10.534867635308267, 12.4321160835445, 9.987918826109077, 10.458145975574396, 12.875260080522413, 9.421326026061767, 8.838861039829334, 9.746122959484424, 9.371165585234639, 12.462658501713987, 12.12332616290589, 11.213376291431674, 9.596877339491753, 11.20241286949774, 13.347335713628391, 13.302704868344113, 9.525742687155521, 13.379559211117243, 13.62842105074088, 99999999.0]];
