M = 99999999.0;
numWorkers = 25;
numRoles = 6;
numNodes = 30;
wStart = [0, 5.690694278855408, 4.172724750115284, 15.695498657512431, 46.41216323665924, 20.39280622105762, 8.037601522074509, 35.481592745757794, 26.126705127994825, 49.60709650397044, 51.06091747201919, 19.4631247045702, 30.813593637298332, 33.15501225916787, 37.199101091958795, 4.497234538228148, 13.726038777754336, 52.34152767378137, 23.678695254916807, 30.582161985976573, 46.97374863260363, 42.806199287799345, 19.136271345536176, 41.10037609992241, 44.23064829336046, 26.676715515332038, 12.374414287281633, 17.53927897446525, 27.85698302808605, 0];
wEnd = [0, 45.687777896451244, 42.45207282818192, 54.214772844963186, 76.65847216121402, 47.5418644186649, 38.70833441662372, 65.46756862301683, 63.49678592711763, 88.81226122598153, 79.29711172979952, 51.53289004182624, 63.13031347481735, 68.84587939228945, 70.34238869960473, 37.671788076909145, 53.40152339995218, 81.0982345880523, 62.03002513465505, 67.93982621098293, 78.98733755435227, 68.89990334325734, 49.80266037156872, 77.5700315085117, 73.05192858245428, 59.763868766284205, 49.05866339161766, 53.36296417049405, 53.539802658082834, 90];
p = [0, 22.61082492446316, 16.6430485234959, 16.791365002524003, 16.76563299910424, 10.309658499611174, 13.42219962919314, 17.667134587952027, 19.41541368341472, 24.50662950780434, 13.837760040452077, 17.52522960170481, 12.806389948669324, 19.94735791352358, 9.653951108607362, 16.453270941073338, 18.69417801563604, 10.236915038912867, 24.026286593820352, 22.212764361140042, 15.311007413122432, 8.543477696310397, 15.25474336581681, 18.30278073118836, 16.657263370501475, 9.436544332900457, 11.65416805674902, 21.40455493672463, 8.811533853789406, 0];
e = [[1, 1, 0, 0, 0, 0], [0, 0, 1, 1, 0, 0], [1, 1, 0, 0, 0, 0], [0, 1, 0, 0, 1, 0], [0, 1, 0, 0, 0, 1], [1, 1, 0, 0, 0, 0], [1, 1, 0, 0, 0, 0], [0, 1, 0, 1, 0, 0], [1, 0, 0, 0, 0, 1], [1, 0, 0, 1, 0, 0], [0, 1, 0, 1, 0, 0], [0, 1, 1, 0, 0, 0], [0, 1, 0, 0, 0, 1], [1, 1, 0, 0, 0, 0], [1, 1, 0, 0, 0, 0], [1, 1, 0, 0, 0, 0], [0, 1, 0, 1, 0, 0], [0, 1, 0, 0, 0, 0], [0, 1, 0, 0, 0, 1], [1, 1, 0, 0, 0, 0], [0, 1, 0, 0, 1, 0], [0, 1, 0, 0, 1, 0], [0, 0, 0, 0, 0, 1], [0, 1, 0, 0, 0, 0], [0, 0, 0, 1, 0, 0]];
d = [[1, 0, 1, 1, 0, 0, 2, 0, 0, 2, 0, 3, 3, 2, 0, 1, 0, 1, 0, 0, 1, 1, 0, 0, 1, 3, 1, 1], [1, 1, 0, 2, 0, 0, 1, 1, 2, 1, 2, 0, 0, 0, 1, 2, 1, 0, 2, 1, 0, 1, 1, 5, 0, 2, 0, 0], [1, 1, 0, 0, 3, 1, 1, 0, 2, 1, 0, 2, 0, 1, 2, 0, 1, 2, 0, 1, 0, 1, 2, 0, 0, 1, 2, 2], [1, 2, 3, 1, 3, 1, 1, 1, 0, 0, 1, 0, 0, 0, 0, 1, 0, 3, 0, 2, 2, 0, 2, 1, 0, 1, 0, 0], [0, 3, 2, 1, 2, 1, 1, 1, 0, 3, 3, 2, 1, 0, 0, 0, 1, 0, 5, 2, 2, 2, 1, 1, 1, 0, 2, 1], [1, 1, 0, 1, 0, 0, 1, 0, 0, 1, 0, 1, 0, 1, 2, 1, 2, 0, 1, 1, 2, 0, 1, 1, 1, 1, 0, 2]];
r = [143.37249058433162, 116.65804281755082, 142.75257570594363, 129.8303888017408, 77.27332575881829, 180.00676209772658, 51.860987354205406, 82.05490425401969, 119.15807337309762, 118.73507397008657, 145.40903343863368, 133.91945835039175, 70.83675387207794, 156.32903089616093, 128.9662202578711, 171.30360010783753, 169.41213612950094, 186.43365420487683, 148.27517496604565, 67.25230942213565, 195.58312340304263, 193.1649515533888, 159.2283839998338, 189.50815121918512, 192.38924275469995, 186.97265754111683, 51.18358381456601, 132.80089506359303];
b = [[[0.0, 0.0, 0.0, 0.0, 0.0, 0.0, 0.0, 0.0, 0.0, 0.0, 0.0, 0.0, 0.0, 0.0, 0.0, 0.0, 0.0, 0.0, 0.0, 0.0, 0.0, 0.0, 0.0, 0.0, 0.0, 0.0, 0.0, 0.0], [0.0, 0.0, 0.0, 0.0, 0.0, 0.0, 0.0, 0.0, 0.0, 0.0, 0.0, 0.0, 0.0, 0.0, 0.0, 0.0, 0.0, 0.0, 0.0, 0.0, 0.0, 0.0, 0.0, 0.0, 0.0, 0.0, 0.0, 0.0], [0.0, 0.0, 0.0, 0.0, 0.0, 0.0, 0.0, 0.0, 0.0, 0.0, 0.0, 0.0, 0.0, 0.0, 0.0, 0.0, 0.0, 0.0, 0.0, 0.0, 0.0, 0.0, 0.0, 0.0, 0.0, 0.0, 0.0, 0.0], [0.0, 0.0, 0.0, 0.0, 0.0, 0.0, 0.0, 0.0, 0.0, 0.0, 0.0, 0.0, 0.0, 0.0, 0.0, 0.0, 0.0, 0.0, 0.0, 0.0, 0.0, 0.0, 0.0, 0.0, 0.0, 0.0, 0.0, 0.0], [0.0, 0.0, 0.0, 0.0, 0.0, 0.0, 0.0, 0.0, 0.0, 0.0, 0.0, 0.0, 0.0, 0.0, 0.0, 0.0, 0.0, 0.0, 0.0, 0.0, 0.0, 0.0, 0.0, 0.0, 0.0, 0.0, 0.0, 0.0], [0.0, 0.0, 0.0, 0.0, 0.0, 0.0, 0.0, 0.0, 0.0, 0.0, 0.0, 0.0, 0.0, 0.0, 0.0, 0.0, 0.0, 0.0, 0.0, 0.0, 0.0, 0.0, 0.0, 0.0, 0.0, 0.0, 0.0, 0.0]], [[0.0, 0.0, 0.0, 0.0, 0.0, 0.0, 0.0, 0.0, 0.0, 0.0, 0.0, 0.0, 0.0, 0.0, 0.0, 0.0, 0.0, 0.0, 0.0, 0.0, 0.0, 0.0, 0.0, 0.0, 0.0, 0.0, 0.0, 0.0], [0.0, 0.0, 0.0, 0.0, 0.0, 0.0, 0.0, 0.0, 0.0, 0.0, 0.0, 0.0, 0.0, 0.0, 0.0, 0.0, 0.0, 0.0, 0.0, 0.0, 0.0, 0.0, 0.0, 0.0, 0.0, 0.0, 0.0, 0.0], [0.0, 0.0, 0.0, 0.0, 0.0, 0.0, 0.0, 0.0, 0.0, 0.0, 0.0, 0.0, 0.0, 0.0, 0.0, 0.0, 0.0, 0.0, 0.0, 0.0, 0.0, 0.0, 0.0, 0.0, 0.0, 0.0, 0.0, 0.0], [0.0, 0.0, 0.0, 0.0, 0.0, 0.0, 0.0, 0.0, 0.0, 0.0, 0.0, 0.0, 0.0, 0.0, 0.0, 0.0, 0.0, 0.0, 0.0, 0.0, 0.0, 0.0, 0.0, 0.0, 0.0, 0.0, 0.0, 0.0], [0.0, 0.0, 0.0, 0.0, 0.0, 0.0, 0.0, 0.0, 0.0, 0.0, 0.0, 0.0, 0.0, 0.0, 0.0, 0.0, 0.0, 0.0, 0.0, 0.0, 0.0, 0.0, 0.0, 0.0, 0.0, 0.0, 0.0, 0.0], [0.0, 0.0, 0.0, 0.0, 0.0, 0.0, 0.0, 0.0, 0.0, 0.0, 0.0, 0.0, 0.0, 0.0, 0.0, 0.0, 0.0, 0.0, 0.0, 0.0, 0.0, 0.0, 0.0, 0.0, 0.0, 0.0, 0.0, 0.0]], [[0.0, 0.0, 0.0, 0.0, 0.0, 0.0, 0.0, 0.0, 0.0, 0.0, 0.0, 0.0, 0.0, 0.0, 0.0, 0.0, 0.0, 0.0, 0.0, 0.0, 0.0, 0.0, 0.0, 0.0, 0.0, 0.0, 0.0, 0.0], [0.0, 0.0, 0.0, 0.0, 0.0, 0.0, 0.0, 0.0, 0.0, 0.0, 0.0, 0.0, 0.0, 0.0, 0.0, 0.0, 0.0, 0.0, 0.0, 0.0, 0.0, 0.0, 0.0, 0.0, 0.0, 0.0, 0.0, 0.0], [0.0, 0.0, 0.0, 0.0, 0.0, 0.0, 0.0, 0.0, 0.0, 0.0, 0.0, 0.0, 0.0, 0.0, 0.0, 0.0, 0.0, 0.0, 0.0, 0.0, 0.0, 0.0, 0.0, 0.0, 0.0, 0.0, 0.0, 0.0], [0.0, 0.0, 0.0, 0.0, 0.0, 0.0, 0.0, 0.0, 0.0, 0.0, 0.0, 0.0, 0.0, 0.0, 0.0, 0.0, 0.0, 0.0, 0.0, 0.0, 0.0, 0.0, 0.0, 0.0, 0.0, 0.0, 0.0, 0.0], [0.0, 0.0, 0.0, 0.0, 0.0, 0.0, 0.0, 0.0, 0.0, 0.0, 0.0, 0.0, 0.0, 0.0, 0.0, 0.0, 0.0, 0.0, 0.0, 0.0, 0.0, 0.0, 0.0, 0.0, 0.0, 0.0, 0.0, 0.0], [0.0, 0.0, 0.0, 0.0, 0.0, 0.0, 0.0, 0.0, 0.0, 0.0, 0.0, 0.0, 0.0, 0.0, 0.0, 0.0, 0.0, 0.0, 0.0, 0.0, 0.0, 0.0, 0.0, 0.0, 0.0, 0.0, 0.0, 0.0]], [[0.0, 0.0, 0.0, 0.0, 0.0, 0.0, 0.0, 0.0, 0.0, 0.0, 0.0, 0.0, 0.0, 0.0, 0.0, 0.0, 0.0, 0.0, 0.0, 0.0, 0.0, 0.0, 0.0, 0.0, 0.0, 0.0, 0.0, 0.0], [0.0, 0.0, 0.0, 0.0, 0.0, 0.0, 0.0, 0.0, 0.0, 0.0, 0.0, 0.0, 0.0, 0.0, 0.0, 0.0, 0.0, 0.0, 0.0, 0.0, 0.0, 0.0, 0.0, 0.0, 0.0, 0.0, 0.0, 0.0], [0.0, 0.0, 0.0, 0.0, 0.0, 0.0, 0.0, 0.0, 0.0, 0.0, 0.0, 0.0, 0.0, 0.0, 0.0, 0.0, 0.0, 0.0, 0.0, 0.0, 0.0, 0.0, 0.0, 0.0, 0.0, 0.0, 0.0, 0.0], [0.0, 0.0, 0.0, 0.0, 0.0, 0.0, 0.0, 0.0, 0.0, 0.0, 0.0, 0.0, 0.0, 0.0, 0.0, 0.0, 0.0, 0.0, 0.0, 0.0, 0.0, 0.0, 0.0, 0.0, 0.0, 0.0, 0.0, 0.0], [0.0, 0.0, 0.0, 0.0, 0.0, 0.0, 0.0, 0.0, 0.0, 0.0, 0.0, 0.0, 0.0, 0.0, 0.0, 0.0, 0.0, 0.0, 0.0, 0.0, 0.0, 0.0, 0.0, 0.0, 0.0, 0.0, 0.0, 0.0], [0.0, 0.0, 0.0, 0.0, 0.0, 0.0, 0.0, 0.0, 0.0, 0.0, 0.0, 0.0, 0.0, 0.0, 0.0, 0.0, 0.0, 0.0, 0.0, 0.0, 0.0, 0.0, 0.0, 0.0, 0.0, 0.0, 0.0, 0.0]], [[0.0, 0.0, 0.0, 0.0, 0.0, 0.0, 0.0, 0.0, 0.0, 0.0, 0.0, 0.0, 0.0, 0.0, 0.0, 0.0, 0.0, 0.0, 0.0, 0.0, 0.0, 0.0, 0.0, 0.0, 0.0, 0.0, 0.0, 0.0], [0.0, 0.0, 0.0, 0.0, 0.0, 0.0, 0.0, 0.0, 0.0, 0.0, 0.0, 0.0, 0.0, 0.0, 0.0, 0.0, 0.0, 0.0, 0.0, 0.0, 0.0, 0.0, 0.0, 0.0, 0.0, 0.0, 0.0, 0.0], [0.0, 0.0, 0.0, 0.0, 0.0, 0.0, 0.0, 0.0, 0.0, 0.0, 0.0, 0.0, 0.0, 0.0, 0.0, 0.0, 0.0, 0.0, 0.0, 0.0, 0.0, 0.0, 0.0, 0.0, 0.0, 0.0, 0.0, 0.0], [0.0, 0.0, 0.0, 0.0, 0.0, 0.0, 0.0, 0.0, 0.0, 0.0, 0.0, 0.0, 0.0, 0.0, 0.0, 0.0, 0.0, 0.0, 0.0, 0.0, 0.0, 0.0, 0.0, 0.0, 0.0, 0.0, 0.0, 0.0], [0.0, 0.0, 0.0, 0.0, 0.0, 0.0, 0.0, 0.0, 0.0, 0.0, 0.0, 0.0, 0.0, 0.0, 0.0, 0.0, 0.0, 0.0, 0.0, 0.0, 0.0, 0.0, 0.0, 0.0, 0.0, 0.0, 0.0, 0.0], [0.0, 0.0, 0.0, 0.0, 0.0, 0.0, 0.0, 0.0, 0.0, 0.0, 0.0, 0.0, 0.0, 0.0, 0.0, 0.0, 0.0, 0.0, 0.0, 0.0, 0.0, 0.0, 0.0, 0.0, 0.0, 0.0, 0.0, 0.0]], [[0.0, 0.0, 0.0, 0.0, 0.0, 0.0, 0.0, 0.0, 0.0, 0.0, 0.0, 0.0, 0.0, 0.0, 0.0, 0.0, 0.0, 0.0, 0.0, 0.0, 0.0, 0.0, 0.0, 0.0, 0.0, 0.0, 0.0, 0.0], [0.0, 0.0, 0.0, 0.0, 0.0, 0.0, 0.0, 0.0, 0.0, 0.0, 0.0, 0.0, 0.0, 0.0, 0.0, 0.0, 0.0, 0.0, 0.0, 0.0, 0.0, 0.0, 0.0, 0.0, 0.0, 0.0, 0.0, 0.0], [0.0, 0.0, 0.0, 0.0, 0.0, 0.0, 0.0, 0.0, 0.0, 0.0, 0.0, 0.0, 0.0, 0.0, 0.0, 0.0, 0.0, 0.0, 0.0, 0.0, 0.0, 0.0, 0.0, 0.0, 0.0, 0.0, 0.0, 0.0], [0.0, 0.0, 0.0, 0.0, 0.0, 0.0, 0.0, 0.0, 0.0, 0.0, 0.0, 0.0, 0.0, 0.0, 0.0, 0.0, 0.0, 0.0, 0.0, 0.0, 0.0, 0.0, 0.0, 0.0, 0.0, 0.0, 0.0, 0.0], [0.0, 0.0, 0.0, 0.0, 0.0, 0.0, 0.0, 0.0, 0.0, 0.0, 0.0, 0.0, 0.0, 0.0, 0.0, 0.0, 0.0, 0.0, 0.0, 0.0, 0.0, 0.0, 0.0, 0.0, 0.0, 0.0, 0.0, 0.0], [0.0, 0.0, 0.0, 0.0, 0.0, 0.0, 0.0, 0.0, 0.0, 0.0, 0.0, 0.0, 0.0, 0.0, 0.0, 0.0, 0.0, 0.0, 0.0, 0.0, 0.0, 0.0, 0.0, 0.0, 0.0, 0.0, 0.0, 0.0]], [[0.0, 0.0, 0.0, 0.0, 0.0, 0.0, 0.0, 0.0, 0.0, 0.0, 0.0, 0.0, 0.0, 0.0, 0.0, 0.0, 0.0, 0.0, 0.0, 0.0, 0.0, 0.0, 0.0, 0.0, 0.0, 0.0, 0.0, 0.0], [0.0, 0.0, 0.0, 0.0, 0.0, 0.0, 0.0, 0.0, 0.0, 0.0, 0.0, 0.0, 0.0, 0.0, 0.0, 0.0, 0.0, 0.0, 0.0, 0.0, 0.0, 0.0, 0.0, 0.0, 0.0, 0.0, 0.0, 0.0], [0.0, 0.0, 0.0, 0.0, 0.0, 0.0, 0.0, 0.0, 0.0, 0.0, 0.0, 0.0, 0.0, 0.0, 0.0, 0.0, 0.0, 0.0, 0.0, 0.0, 0.0, 0.0, 0.0, 0.0, 0.0, 0.0, 0.0, 0.0], [0.0, 0.0, 0.0, 0.0, 0.0, 0.0, 0.0, 0.0, 0.0, 0.0, 0.0, 0.0, 0.0, 0.0, 0.0, 0.0, 0.0, 0.0, 0.0, 0.0, 0.0, 0.0, 0.0, 0.0, 0.0, 0.0, 0.0, 0.0], [0.0, 0.0, 0.0, 0.0, 0.0, 0.0, 0.0, 0.0, 0.0, 0.0, 0.0, 0.0, 0.0, 0.0, 0.0, 0.0, 0.0, 0.0, 0.0, 0.0, 0.0, 0.0, 0.0, 0.0, 0.0, 0.0, 0.0, 0.0], [0.0, 0.0, 0.0, 0.0, 0.0, 0.0, 0.0, 0.0, 0.0, 0.0, 0.0, 0.0, 0.0, 0.0, 0.0, 0.0, 0.0, 0.0, 0.0, 0.0, 0.0, 0.0, 0.0, 0.0, 0.0, 0.0, 0.0, 0.0]], [[0.0, 0.0, 0.0, 0.0, 0.0, 0.0, 0.0, 0.0, 0.0, 0.0, 0.0, 0.0, 0.0, 0.0, 0.0, 0.0, 0.0, 0.0, 0.0, 0.0, 0.0, 0.0, 0.0, 0.0, 0.0, 0.0, 0.0, 0.0], [0.0, 0.0, 0.0, 0.0, 0.0, 0.0, 0.0, 0.0, 0.0, 0.0, 0.0, 0.0, 0.0, 0.0, 0.0, 0.0, 0.0, 0.0, 0.0, 0.0, 0.0, 0.0, 0.0, 0.0, 0.0, 0.0, 0.0, 0.0], [0.0, 0.0, 0.0, 0.0, 0.0, 0.0, 0.0, 0.0, 0.0, 0.0, 0.0, 0.0, 0.0, 0.0, 0.0, 0.0, 0.0, 0.0, 0.0, 0.0, 0.0, 0.0, 0.0, 0.0, 0.0, 0.0, 0.0, 0.0], [0.0, 0.0, 0.0, 0.0, 0.0, 0.0, 0.0, 0.0, 0.0, 0.0, 0.0, 0.0, 0.0, 0.0, 0.0, 0.0, 0.0, 0.0, 0.0, 0.0, 0.0, 0.0, 0.0, 0.0, 0.0, 0.0, 0.0, 0.0], [0.0, 0.0, 0.0, 0.0, 0.0, 0.0, 0.0, 0.0, 0.0, 0.0, 0.0, 0.0, 0.0, 0.0, 0.0, 0.0, 0.0, 0.0, 0.0, 0.0, 0.0, 0.0, 0.0, 0.0, 0.0, 0.0, 0.0, 0.0], [0.0, 0.0, 0.0, 0.0, 0.0, 0.0, 0.0, 0.0, 0.0, 0.0, 0.0, 0.0, 0.0, 0.0, 0.0, 0.0, 0.0, 0.0, 0.0, 0.0, 0.0, 0.0, 0.0, 0.0, 0.0, 0.0, 0.0, 0.0]], [[0.0, 0.0, 0.0, 0.0, 0.0, 0.0, 0.0, 0.0, 0.0, 0.0, 0.0, 0.0, 0.0, 0.0, 0.0, 0.0, 0.0, 0.0, 0.0, 0.0, 0.0, 0.0, 0.0, 0.0, 0.0, 0.0, 0.0, 0.0], [0.0, 0.0, 0.0, 0.0, 0.0, 0.0, 0.0, 0.0, 0.0, 0.0, 0.0, 0.0, 0.0, 0.0, 0.0, 0.0, 0.0, 0.0, 0.0, 0.0, 0.0, 0.0, 0.0, 0.0, 0.0, 0.0, 0.0, 0.0], [0.0, 0.0, 0.0, 0.0, 0.0, 0.0, 0.0, 0.0, 0.0, 0.0, 0.0, 0.0, 0.0, 0.0, 0.0, 0.0, 0.0, 0.0, 0.0, 0.0, 0.0, 0.0, 0.0, 0.0, 0.0, 0.0, 0.0, 0.0], [0.0, 0.0, 0.0, 0.0, 0.0, 0.0, 0.0, 0.0, 0.0, 0.0, 0.0, 0.0, 0.0, 0.0, 0.0, 0.0, 0.0, 0.0, 0.0, 0.0, 0.0, 0.0, 0.0, 0.0, 0.0, 0.0, 0.0, 0.0], [0.0, 0.0, 0.0, 0.0, 0.0, 0.0, 0.0, 0.0, 0.0, 0.0, 0.0, 0.0, 0.0, 0.0, 0.0, 0.0, 0.0, 0.0, 0.0, 0.0, 0.0, 0.0, 0.0, 0.0, 0.0, 0.0, 0.0, 0.0], [0.0, 0.0, 0.0, 0.0, 0.0, 0.0, 0.0, 0.0, 0.0, 0.0, 0.0, 0.0, 0.0, 0.0, 0.0, 0.0, 0.0, 0.0, 0.0, 0.0, 0.0, 0.0, 0.0, 0.0, 0.0, 0.0, 0.0, 0.0]], [[0.0, 0.0, 0.0, 0.0, 0.0, 0.0, 0.0, 0.0, 0.0, 0.0, 0.0, 0.0, 0.0, 0.0, 0.0, 0.0, 0.0, 0.0, 0.0, 0.0, 0.0, 0.0, 0.0, 0.0, 0.0, 0.0, 0.0, 0.0], [0.0, 0.0, 0.0, 0.0, 0.0, 0.0, 0.0, 0.0, 0.0, 0.0, 0.0, 0.0, 0.0, 0.0, 0.0, 0.0, 0.0, 0.0, 0.0, 0.0, 0.0, 0.0, 0.0, 0.0, 0.0, 0.0, 0.0, 0.0], [0.0, 0.0, 0.0, 0.0, 0.0, 0.0, 0.0, 0.0, 0.0, 0.0, 0.0, 0.0, 0.0, 0.0, 0.0, 0.0, 0.0, 0.0, 0.0, 0.0, 0.0, 0.0, 0.0, 0.0, 0.0, 0.0, 0.0, 0.0], [0.0, 0.0, 0.0, 0.0, 0.0, 0.0, 0.0, 0.0, 0.0, 0.0, 0.0, 0.0, 0.0, 0.0, 0.0, 0.0, 0.0, 0.0, 0.0, 0.0, 0.0, 0.0, 0.0, 0.0, 0.0, 0.0, 0.0, 0.0], [0.0, 0.0, 0.0, 0.0, 0.0, 0.0, 0.0, 0.0, 0.0, 0.0, 0.0, 0.0, 0.0, 0.0, 0.0, 0.0, 0.0, 0.0, 0.0, 0.0, 0.0, 0.0, 0.0, 0.0, 0.0, 0.0, 0.0, 0.0], [0.0, 0.0, 0.0, 0.0, 0.0, 0.0, 0.0, 0.0, 0.0, 0.0, 0.0, 0.0, 0.0, 0.0, 0.0, 0.0, 0.0, 0.0, 0.0, 0.0, 0.0, 0.0, 0.0, 0.0, 0.0, 0.0, 0.0, 0.0]], [[0.0, 0.0, 0.0, 0.0, 0.0, 0.0, 0.0, 0.0, 0.0, 0.0, 0.0, 0.0, 0.0, 0.0, 0.0, 0.0, 0.0, 0.0, 0.0, 0.0, 0.0, 0.0, 0.0, 0.0, 0.0, 0.0, 0.0, 0.0], [0.0, 0.0, 0.0, 0.0, 0.0, 0.0, 0.0, 0.0, 0.0, 0.0, 0.0, 0.0, 0.0, 0.0, 0.0, 0.0, 0.0, 0.0, 0.0, 0.0, 0.0, 0.0, 0.0, 0.0, 0.0, 0.0, 0.0, 0.0], [0.0, 0.0, 0.0, 0.0, 0.0, 0.0, 0.0, 0.0, 0.0, 0.0, 0.0, 0.0, 0.0, 0.0, 0.0, 0.0, 0.0, 0.0, 0.0, 0.0, 0.0, 0.0, 0.0, 0.0, 0.0, 0.0, 0.0, 0.0], [0.0, 0.0, 0.0, 0.0, 0.0, 0.0, 0.0, 0.0, 0.0, 0.0, 0.0, 0.0, 0.0, 0.0, 0.0, 0.0, 0.0, 0.0, 0.0, 0.0, 0.0, 0.0, 0.0, 0.0, 0.0, 0.0, 0.0, 0.0], [0.0, 0.0, 0.0, 0.0, 0.0, 0.0, 0.0, 0.0, 0.0, 0.0, 0.0, 0.0, 0.0, 0.0, 0.0, 0.0, 0.0, 0.0, 0.0, 0.0, 0.0, 0.0, 0.0, 0.0, 0.0, 0.0, 0.0, 0.0], [0.0, 0.0, 0.0, 0.0, 0.0, 0.0, 0.0, 0.0, 0.0, 0.0, 0.0, 0.0, 0.0, 0.0, 0.0, 0.0, 0.0, 0.0, 0.0, 0.0, 0.0, 0.0, 0.0, 0.0, 0.0, 0.0, 0.0, 0.0]], [[0.0, 0.0, 0.0, 0.0, 0.0, 0.0, 0.0, 0.0, 0.0, 0.0, 0.0, 0.0, 0.0, 0.0, 0.0, 0.0, 0.0, 0.0, 0.0, 0.0, 0.0, 0.0, 0.0, 0.0, 0.0, 0.0, 0.0, 0.0], [0.0, 0.0, 0.0, 0.0, 0.0, 0.0, 0.0, 0.0, 0.0, 0.0, 0.0, 0.0, 0.0, 0.0, 0.0, 0.0, 0.0, 0.0, 0.0, 0.0, 0.0, 0.0, 0.0, 0.0, 0.0, 0.0, 0.0, 0.0], [0.0, 0.0, 0.0, 0.0, 0.0, 0.0, 0.0, 0.0, 0.0, 0.0, 0.0, 0.0, 0.0, 0.0, 0.0, 0.0, 0.0, 0.0, 0.0, 0.0, 0.0, 0.0, 0.0, 0.0, 0.0, 0.0, 0.0, 0.0], [0.0, 0.0, 0.0, 0.0, 0.0, 0.0, 0.0, 0.0, 0.0, 0.0, 0.0, 0.0, 0.0, 0.0, 0.0, 0.0, 0.0, 0.0, 0.0, 0.0, 0.0, 0.0, 0.0, 0.0, 0.0, 0.0, 0.0, 0.0], [0.0, 0.0, 0.0, 0.0, 0.0, 0.0, 0.0, 0.0, 0.0, 0.0, 0.0, 0.0, 0.0, 0.0, 0.0, 0.0, 0.0, 0.0, 0.0, 0.0, 0.0, 0.0, 0.0, 0.0, 0.0, 0.0, 0.0, 0.0], [0.0, 0.0, 0.0, 0.0, 0.0, 0.0, 0.0, 0.0, 0.0, 0.0, 0.0, 0.0, 0.0, 0.0, 0.0, 0.0, 0.0, 0.0, 0.0, 0.0, 0.0, 0.0, 0.0, 0.0, 0.0, 0.0, 0.0, 0.0]], [[0.0, 0.0, 0.0, 0.0, 0.0, 0.0, 0.0, 0.0, 0.0, 0.0, 0.0, 0.0, 0.0, 0.0, 0.0, 0.0, 0.0, 0.0, 0.0, 0.0, 0.0, 0.0, 0.0, 0.0, 0.0, 0.0, 0.0, 0.0], [0.0, 0.0, 0.0, 0.0, 0.0, 0.0, 0.0, 0.0, 0.0, 0.0, 0.0, 0.0, 0.0, 0.0, 0.0, 0.0, 0.0, 0.0, 0.0, 0.0, 0.0, 0.0, 0.0, 0.0, 0.0, 0.0, 0.0, 0.0], [0.0, 0.0, 0.0, 0.0, 0.0, 0.0, 0.0, 0.0, 0.0, 0.0, 0.0, 0.0, 0.0, 0.0, 0.0, 0.0, 0.0, 0.0, 0.0, 0.0, 0.0, 0.0, 0.0, 0.0, 0.0, 0.0, 0.0, 0.0], [0.0, 0.0, 0.0, 0.0, 0.0, 0.0, 0.0, 0.0, 0.0, 0.0, 0.0, 0.0, 0.0, 0.0, 0.0, 0.0, 0.0, 0.0, 0.0, 0.0, 0.0, 0.0, 0.0, 0.0, 0.0, 0.0, 0.0, 0.0], [0.0, 0.0, 0.0, 0.0, 0.0, 0.0, 0.0, 0.0, 0.0, 0.0, 0.0, 0.0, 0.0, 0.0, 0.0, 0.0, 0.0, 0.0, 0.0, 0.0, 0.0, 0.0, 0.0, 0.0, 0.0, 0.0, 0.0, 0.0], [0.0, 0.0, 0.0, 0.0, 0.0, 0.0, 0.0, 0.0, 0.0, 0.0, 0.0, 0.0, 0.0, 0.0, 0.0, 0.0, 0.0, 0.0, 0.0, 0.0, 0.0, 0.0, 0.0, 0.0, 0.0, 0.0, 0.0, 0.0]], [[0.0, 0.0, 0.0, 0.0, 0.0, 0.0, 0.0, 0.0, 0.0, 0.0, 0.0, 0.0, 0.0, 0.0, 0.0, 0.0, 0.0, 0.0, 0.0, 0.0, 0.0, 0.0, 0.0, 0.0, 0.0, 0.0, 0.0, 0.0], [0.0, 0.0, 0.0, 0.0, 0.0, 0.0, 0.0, 0.0, 0.0, 0.0, 0.0, 0.0, 0.0, 0.0, 0.0, 0.0, 0.0, 0.0, 0.0, 0.0, 0.0, 0.0, 0.0, 0.0, 0.0, 0.0, 0.0, 0.0], [0.0, 0.0, 0.0, 0.0, 0.0, 0.0, 0.0, 0.0, 0.0, 0.0, 0.0, 0.0, 0.0, 0.0, 0.0, 0.0, 0.0, 0.0, 0.0, 0.0, 0.0, 0.0, 0.0, 0.0, 0.0, 0.0, 0.0, 0.0], [0.0, 0.0, 0.0, 0.0, 0.0, 0.0, 0.0, 0.0, 0.0, 0.0, 0.0, 0.0, 0.0, 0.0, 0.0, 0.0, 0.0, 0.0, 0.0, 0.0, 0.0, 0.0, 0.0, 0.0, 0.0, 0.0, 0.0, 0.0], [0.0, 0.0, 0.0, 0.0, 0.0, 0.0, 0.0, 0.0, 0.0, 0.0, 0.0, 0.0, 0.0, 0.0, 0.0, 0.0, 0.0, 0.0, 0.0, 0.0, 0.0, 0.0, 0.0, 0.0, 0.0, 0.0, 0.0, 0.0], [0.0, 0.0, 0.0, 0.0, 0.0, 0.0, 0.0, 0.0, 0.0, 0.0, 0.0, 0.0, 0.0, 0.0, 0.0, 0.0, 0.0, 0.0, 0.0, 0.0, 0.0, 0.0, 0.0, 0.0, 0.0, 0.0, 0.0, 0.0]], [[0.0, 0.0, 0.0, 0.0, 0.0, 0.0, 0.0, 0.0, 0.0, 0.0, 0.0, 0.0, 0.0, 0.0, 0.0, 0.0, 0.0, 0.0, 0.0, 0.0, 0.0, 0.0, 0.0, 0.0, 0.0, 0.0, 0.0, 0.0], [0.0, 0.0, 0.0, 0.0, 0.0, 0.0, 0.0, 0.0, 0.0, 0.0, 0.0, 0.0, 0.0, 0.0, 0.0, 0.0, 0.0, 0.0, 0.0, 0.0, 0.0, 0.0, 0.0, 0.0, 0.0, 0.0, 0.0, 0.0], [0.0, 0.0, 0.0, 0.0, 0.0, 0.0, 0.0, 0.0, 0.0, 0.0, 0.0, 0.0, 0.0, 0.0, 0.0, 0.0, 0.0, 0.0, 0.0, 0.0, 0.0, 0.0, 0.0, 0.0, 0.0, 0.0, 0.0, 0.0], [0.0, 0.0, 0.0, 0.0, 0.0, 0.0, 0.0, 0.0, 0.0, 0.0, 0.0, 0.0, 0.0, 0.0, 0.0, 0.0, 0.0, 0.0, 0.0, 0.0, 0.0, 0.0, 0.0, 0.0, 0.0, 0.0, 0.0, 0.0], [0.0, 0.0, 0.0, 0.0, 0.0, 0.0, 0.0, 0.0, 0.0, 0.0, 0.0, 0.0, 0.0, 0.0, 0.0, 0.0, 0.0, 0.0, 0.0, 0.0, 0.0, 0.0, 0.0, 0.0, 0.0, 0.0, 0.0, 0.0], [0.0, 0.0, 0.0, 0.0, 0.0, 0.0, 0.0, 0.0, 0.0, 0.0, 0.0, 0.0, 0.0, 0.0, 0.0, 0.0, 0.0, 0.0, 0.0, 0.0, 0.0, 0.0, 0.0, 0.0, 0.0, 0.0, 0.0, 0.0]], [[0.0, 0.0, 0.0, 0.0, 0.0, 0.0, 0.0, 0.0, 0.0, 0.0, 0.0, 0.0, 0.0, 0.0, 0.0, 0.0, 0.0, 0.0, 0.0, 0.0, 0.0, 0.0, 0.0, 0.0, 0.0, 0.0, 0.0, 0.0], [0.0, 0.0, 0.0, 0.0, 0.0, 0.0, 0.0, 0.0, 0.0, 0.0, 0.0, 0.0, 0.0, 0.0, 0.0, 0.0, 0.0, 0.0, 0.0, 0.0, 0.0, 0.0, 0.0, 0.0, 0.0, 0.0, 0.0, 0.0], [0.0, 0.0, 0.0, 0.0, 0.0, 0.0, 0.0, 0.0, 0.0, 0.0, 0.0, 0.0, 0.0, 0.0, 0.0, 0.0, 0.0, 0.0, 0.0, 0.0, 0.0, 0.0, 0.0, 0.0, 0.0, 0.0, 0.0, 0.0], [0.0, 0.0, 0.0, 0.0, 0.0, 0.0, 0.0, 0.0, 0.0, 0.0, 0.0, 0.0, 0.0, 0.0, 0.0, 0.0, 0.0, 0.0, 0.0, 0.0, 0.0, 0.0, 0.0, 0.0, 0.0, 0.0, 0.0, 0.0], [0.0, 0.0, 0.0, 0.0, 0.0, 0.0, 0.0, 0.0, 0.0, 0.0, 0.0, 0.0, 0.0, 0.0, 0.0, 0.0, 0.0, 0.0, 0.0, 0.0, 0.0, 0.0, 0.0, 0.0, 0.0, 0.0, 0.0, 0.0], [0.0, 0.0, 0.0, 0.0, 0.0, 0.0, 0.0, 0.0, 0.0, 0.0, 0.0, 0.0, 0.0, 0.0, 0.0, 0.0, 0.0, 0.0, 0.0, 0.0, 0.0, 0.0, 0.0, 0.0, 0.0, 0.0, 0.0, 0.0]], [[0.0, 0.0, 0.0, 0.0, 0.0, 0.0, 0.0, 0.0, 0.0, 0.0, 0.0, 0.0, 0.0, 0.0, 0.0, 0.0, 0.0, 0.0, 0.0, 0.0, 0.0, 0.0, 0.0, 0.0, 0.0, 0.0, 0.0, 0.0], [0.0, 0.0, 0.0, 0.0, 0.0, 0.0, 0.0, 0.0, 0.0, 0.0, 0.0, 0.0, 0.0, 0.0, 0.0, 0.0, 0.0, 0.0, 0.0, 0.0, 0.0, 0.0, 0.0, 0.0, 0.0, 0.0, 0.0, 0.0], [0.0, 0.0, 0.0, 0.0, 0.0, 0.0, 0.0, 0.0, 0.0, 0.0, 0.0, 0.0, 0.0, 0.0, 0.0, 0.0, 0.0, 0.0, 0.0, 0.0, 0.0, 0.0, 0.0, 0.0, 0.0, 0.0, 0.0, 0.0], [0.0, 0.0, 0.0, 0.0, 0.0, 0.0, 0.0, 0.0, 0.0, 0.0, 0.0, 0.0, 0.0, 0.0, 0.0, 0.0, 0.0, 0.0, 0.0, 0.0, 0.0, 0.0, 0.0, 0.0, 0.0, 0.0, 0.0, 0.0], [0.0, 0.0, 0.0, 0.0, 0.0, 0.0, 0.0, 0.0, 0.0, 0.0, 0.0, 0.0, 0.0, 0.0, 0.0, 0.0, 0.0, 0.0, 0.0, 0.0, 0.0, 0.0, 0.0, 0.0, 0.0, 0.0, 0.0, 0.0], [0.0, 0.0, 0.0, 0.0, 0.0, 0.0, 0.0, 0.0, 0.0, 0.0, 0.0, 0.0, 0.0, 0.0, 0.0, 0.0, 0.0, 0.0, 0.0, 0.0, 0.0, 0.0, 0.0, 0.0, 0.0, 0.0, 0.0, 0.0]], [[0.0, 0.0, 0.0, 0.0, 0.0, 0.0, 0.0, 0.0, 0.0, 0.0, 0.0, 0.0, 0.0, 0.0, 0.0, 0.0, 0.0, 0.0, 0.0, 0.0, 0.0, 0.0, 0.0, 0.0, 0.0, 0.0, 0.0, 0.0], [0.0, 0.0, 0.0, 0.0, 0.0, 0.0, 0.0, 0.0, 0.0, 0.0, 0.0, 0.0, 0.0, 0.0, 0.0, 0.0, 0.0, 0.0, 0.0, 0.0, 0.0, 0.0, 0.0, 0.0, 0.0, 0.0, 0.0, 0.0], [0.0, 0.0, 0.0, 0.0, 0.0, 0.0, 0.0, 0.0, 0.0, 0.0, 0.0, 0.0, 0.0, 0.0, 0.0, 0.0, 0.0, 0.0, 0.0, 0.0, 0.0, 0.0, 0.0, 0.0, 0.0, 0.0, 0.0, 0.0], [0.0, 0.0, 0.0, 0.0, 0.0, 0.0, 0.0, 0.0, 0.0, 0.0, 0.0, 0.0, 0.0, 0.0, 0.0, 0.0, 0.0, 0.0, 0.0, 0.0, 0.0, 0.0, 0.0, 0.0, 0.0, 0.0, 0.0, 0.0], [0.0, 0.0, 0.0, 0.0, 0.0, 0.0, 0.0, 0.0, 0.0, 0.0, 0.0, 0.0, 0.0, 0.0, 0.0, 0.0, 0.0, 0.0, 0.0, 0.0, 0.0, 0.0, 0.0, 0.0, 0.0, 0.0, 0.0, 0.0], [0.0, 0.0, 0.0, 0.0, 0.0, 0.0, 0.0, 0.0, 0.0, 0.0, 0.0, 0.0, 0.0, 0.0, 0.0, 0.0, 0.0, 0.0, 0.0, 0.0, 0.0, 0.0, 0.0, 0.0, 0.0, 0.0, 0.0, 0.0]], [[0.0, 0.0, 0.0, 0.0, 0.0, 0.0, 0.0, 0.0, 0.0, 0.0, 0.0, 0.0, 0.0, 0.0, 0.0, 0.0, 0.0, 0.0, 0.0, 0.0, 0.0, 0.0, 0.0, 0.0, 0.0, 0.0, 0.0, 0.0], [0.0, 0.0, 0.0, 0.0, 0.0, 0.0, 0.0, 0.0, 0.0, 0.0, 0.0, 0.0, 0.0, 0.0, 0.0, 0.0, 0.0, 0.0, 0.0, 0.0, 0.0, 0.0, 0.0, 0.0, 0.0, 0.0, 0.0, 0.0], [0.0, 0.0, 0.0, 0.0, 0.0, 0.0, 0.0, 0.0, 0.0, 0.0, 0.0, 0.0, 0.0, 0.0, 0.0, 0.0, 0.0, 0.0, 0.0, 0.0, 0.0, 0.0, 0.0, 0.0, 0.0, 0.0, 0.0, 0.0], [0.0, 0.0, 0.0, 0.0, 0.0, 0.0, 0.0, 0.0, 0.0, 0.0, 0.0, 0.0, 0.0, 0.0, 0.0, 0.0, 0.0, 0.0, 0.0, 0.0, 0.0, 0.0, 0.0, 0.0, 0.0, 0.0, 0.0, 0.0], [0.0, 0.0, 0.0, 0.0, 0.0, 0.0, 0.0, 0.0, 0.0, 0.0, 0.0, 0.0, 0.0, 0.0, 0.0, 0.0, 0.0, 0.0, 0.0, 0.0, 0.0, 0.0, 0.0, 0.0, 0.0, 0.0, 0.0, 0.0], [0.0, 0.0, 0.0, 0.0, 0.0, 0.0, 0.0, 0.0, 0.0, 0.0, 0.0, 0.0, 0.0, 0.0, 0.0, 0.0, 0.0, 0.0, 0.0, 0.0, 0.0, 0.0, 0.0, 0.0, 0.0, 0.0, 0.0, 0.0]], [[0.0, 0.0, 0.0, 0.0, 0.0, 0.0, 0.0, 0.0, 0.0, 0.0, 0.0, 0.0, 0.0, 0.0, 0.0, 0.0, 0.0, 0.0, 0.0, 0.0, 0.0, 0.0, 0.0, 0.0, 0.0, 0.0, 0.0, 0.0], [0.0, 0.0, 0.0, 0.0, 0.0, 0.0, 0.0, 0.0, 0.0, 0.0, 0.0, 0.0, 0.0, 0.0, 0.0, 0.0, 0.0, 0.0, 0.0, 0.0, 0.0, 0.0, 0.0, 0.0, 0.0, 0.0, 0.0, 0.0], [0.0, 0.0, 0.0, 0.0, 0.0, 0.0, 0.0, 0.0, 0.0, 0.0, 0.0, 0.0, 0.0, 0.0, 0.0, 0.0, 0.0, 0.0, 0.0, 0.0, 0.0, 0.0, 0.0, 0.0, 0.0, 0.0, 0.0, 0.0], [0.0, 0.0, 0.0, 0.0, 0.0, 0.0, 0.0, 0.0, 0.0, 0.0, 0.0, 0.0, 0.0, 0.0, 0.0, 0.0, 0.0, 0.0, 0.0, 0.0, 0.0, 0.0, 0.0, 0.0, 0.0, 0.0, 0.0, 0.0], [0.0, 0.0, 0.0, 0.0, 0.0, 0.0, 0.0, 0.0, 0.0, 0.0, 0.0, 0.0, 0.0, 0.0, 0.0, 0.0, 0.0, 0.0, 0.0, 0.0, 0.0, 0.0, 0.0, 0.0, 0.0, 0.0, 0.0, 0.0], [0.0, 0.0, 0.0, 0.0, 0.0, 0.0, 0.0, 0.0, 0.0, 0.0, 0.0, 0.0, 0.0, 0.0, 0.0, 0.0, 0.0, 0.0, 0.0, 0.0, 0.0, 0.0, 0.0, 0.0, 0.0, 0.0, 0.0, 0.0]], [[0.0, 0.0, 0.0, 0.0, 0.0, 0.0, 0.0, 0.0, 0.0, 0.0, 0.0, 0.0, 0.0, 0.0, 0.0, 0.0, 0.0, 0.0, 0.0, 0.0, 0.0, 0.0, 0.0, 0.0, 0.0, 0.0, 0.0, 0.0], [0.0, 0.0, 0.0, 0.0, 0.0, 0.0, 0.0, 0.0, 0.0, 0.0, 0.0, 0.0, 0.0, 0.0, 0.0, 0.0, 0.0, 0.0, 0.0, 0.0, 0.0, 0.0, 0.0, 0.0, 0.0, 0.0, 0.0, 0.0], [0.0, 0.0, 0.0, 0.0, 0.0, 0.0, 0.0, 0.0, 0.0, 0.0, 0.0, 0.0, 0.0, 0.0, 0.0, 0.0, 0.0, 0.0, 0.0, 0.0, 0.0, 0.0, 0.0, 0.0, 0.0, 0.0, 0.0, 0.0], [0.0, 0.0, 0.0, 0.0, 0.0, 0.0, 0.0, 0.0, 0.0, 0.0, 0.0, 0.0, 0.0, 0.0, 0.0, 0.0, 0.0, 0.0, 0.0, 0.0, 0.0, 0.0, 0.0, 0.0, 0.0, 0.0, 0.0, 0.0], [0.0, 0.0, 0.0, 0.0, 0.0, 0.0, 0.0, 0.0, 0.0, 0.0, 0.0, 0.0, 0.0, 0.0, 0.0, 0.0, 0.0, 0.0, 0.0, 0.0, 0.0, 0.0, 0.0, 0.0, 0.0, 0.0, 0.0, 0.0], [0.0, 0.0, 0.0, 0.0, 0.0, 0.0, 0.0, 0.0, 0.0, 0.0, 0.0, 0.0, 0.0, 0.0, 0.0, 0.0, 0.0, 0.0, 0.0, 0.0, 0.0, 0.0, 0.0, 0.0, 0.0, 0.0, 0.0, 0.0]], [[0.0, 0.0, 0.0, 0.0, 0.0, 0.0, 0.0, 0.0, 0.0, 0.0, 0.0, 0.0, 0.0, 0.0, 0.0, 0.0, 0.0, 0.0, 0.0, 0.0, 0.0, 0.0, 0.0, 0.0, 0.0, 0.0, 0.0, 0.0], [0.0, 0.0, 0.0, 0.0, 0.0, 0.0, 0.0, 0.0, 0.0, 0.0, 0.0, 0.0, 0.0, 0.0, 0.0, 0.0, 0.0, 0.0, 0.0, 0.0, 0.0, 0.0, 0.0, 0.0, 0.0, 0.0, 0.0, 0.0], [0.0, 0.0, 0.0, 0.0, 0.0, 0.0, 0.0, 0.0, 0.0, 0.0, 0.0, 0.0, 0.0, 0.0, 0.0, 0.0, 0.0, 0.0, 0.0, 0.0, 0.0, 0.0, 0.0, 0.0, 0.0, 0.0, 0.0, 0.0], [0.0, 0.0, 0.0, 0.0, 0.0, 0.0, 0.0, 0.0, 0.0, 0.0, 0.0, 0.0, 0.0, 0.0, 0.0, 0.0, 0.0, 0.0, 0.0, 0.0, 0.0, 0.0, 0.0, 0.0, 0.0, 0.0, 0.0, 0.0], [0.0, 0.0, 0.0, 0.0, 0.0, 0.0, 0.0, 0.0, 0.0, 0.0, 0.0, 0.0, 0.0, 0.0, 0.0, 0.0, 0.0, 0.0, 0.0, 0.0, 0.0, 0.0, 0.0, 0.0, 0.0, 0.0, 0.0, 0.0], [0.0, 0.0, 0.0, 0.0, 0.0, 0.0, 0.0, 0.0, 0.0, 0.0, 0.0, 0.0, 0.0, 0.0, 0.0, 0.0, 0.0, 0.0, 0.0, 0.0, 0.0, 0.0, 0.0, 0.0, 0.0, 0.0, 0.0, 0.0]], [[0.0, 0.0, 0.0, 0.0, 0.0, 0.0, 0.0, 0.0, 0.0, 0.0, 0.0, 0.0, 0.0, 0.0, 0.0, 0.0, 0.0, 0.0, 0.0, 0.0, 0.0, 0.0, 0.0, 0.0, 0.0, 0.0, 0.0, 0.0], [0.0, 0.0, 0.0, 0.0, 0.0, 0.0, 0.0, 0.0, 0.0, 0.0, 0.0, 0.0, 0.0, 0.0, 0.0, 0.0, 0.0, 0.0, 0.0, 0.0, 0.0, 0.0, 0.0, 0.0, 0.0, 0.0, 0.0, 0.0], [0.0, 0.0, 0.0, 0.0, 0.0, 0.0, 0.0, 0.0, 0.0, 0.0, 0.0, 0.0, 0.0, 0.0, 0.0, 0.0, 0.0, 0.0, 0.0, 0.0, 0.0, 0.0, 0.0, 0.0, 0.0, 0.0, 0.0, 0.0], [0.0, 0.0, 0.0, 0.0, 0.0, 0.0, 0.0, 0.0, 0.0, 0.0, 0.0, 0.0, 0.0, 0.0, 0.0, 0.0, 0.0, 0.0, 0.0, 0.0, 0.0, 0.0, 0.0, 0.0, 0.0, 0.0, 0.0, 0.0], [0.0, 0.0, 0.0, 0.0, 0.0, 0.0, 0.0, 0.0, 0.0, 0.0, 0.0, 0.0, 0.0, 0.0, 0.0, 0.0, 0.0, 0.0, 0.0, 0.0, 0.0, 0.0, 0.0, 0.0, 0.0, 0.0, 0.0, 0.0], [0.0, 0.0, 0.0, 0.0, 0.0, 0.0, 0.0, 0.0, 0.0, 0.0, 0.0, 0.0, 0.0, 0.0, 0.0, 0.0, 0.0, 0.0, 0.0, 0.0, 0.0, 0.0, 0.0, 0.0, 0.0, 0.0, 0.0, 0.0]], [[0.0, 0.0, 0.0, 0.0, 0.0, 0.0, 0.0, 0.0, 0.0, 0.0, 0.0, 0.0, 0.0, 0.0, 0.0, 0.0, 0.0, 0.0, 0.0, 0.0, 0.0, 0.0, 0.0, 0.0, 0.0, 0.0, 0.0, 0.0], [0.0, 0.0, 0.0, 0.0, 0.0, 0.0, 0.0, 0.0, 0.0, 0.0, 0.0, 0.0, 0.0, 0.0, 0.0, 0.0, 0.0, 0.0, 0.0, 0.0, 0.0, 0.0, 0.0, 0.0, 0.0, 0.0, 0.0, 0.0], [0.0, 0.0, 0.0, 0.0, 0.0, 0.0, 0.0, 0.0, 0.0, 0.0, 0.0, 0.0, 0.0, 0.0, 0.0, 0.0, 0.0, 0.0, 0.0, 0.0, 0.0, 0.0, 0.0, 0.0, 0.0, 0.0, 0.0, 0.0], [0.0, 0.0, 0.0, 0.0, 0.0, 0.0, 0.0, 0.0, 0.0, 0.0, 0.0, 0.0, 0.0, 0.0, 0.0, 0.0, 0.0, 0.0, 0.0, 0.0, 0.0, 0.0, 0.0, 0.0, 0.0, 0.0, 0.0, 0.0], [0.0, 0.0, 0.0, 0.0, 0.0, 0.0, 0.0, 0.0, 0.0, 0.0, 0.0, 0.0, 0.0, 0.0, 0.0, 0.0, 0.0, 0.0, 0.0, 0.0, 0.0, 0.0, 0.0, 0.0, 0.0, 0.0, 0.0, 0.0], [0.0, 0.0, 0.0, 0.0, 0.0, 0.0, 0.0, 0.0, 0.0, 0.0, 0.0, 0.0, 0.0, 0.0, 0.0, 0.0, 0.0, 0.0, 0.0, 0.0, 0.0, 0.0, 0.0, 0.0, 0.0, 0.0, 0.0, 0.0]], [[0.0, 0.0, 0.0, 0.0, 0.0, 0.0, 0.0, 0.0, 0.0, 0.0, 0.0, 0.0, 0.0, 0.0, 0.0, 0.0, 0.0, 0.0, 0.0, 0.0, 0.0, 0.0, 0.0, 0.0, 0.0, 0.0, 0.0, 0.0], [0.0, 0.0, 0.0, 0.0, 0.0, 0.0, 0.0, 0.0, 0.0, 0.0, 0.0, 0.0, 0.0, 0.0, 0.0, 0.0, 0.0, 0.0, 0.0, 0.0, 0.0, 0.0, 0.0, 0.0, 0.0, 0.0, 0.0, 0.0], [0.0, 0.0, 0.0, 0.0, 0.0, 0.0, 0.0, 0.0, 0.0, 0.0, 0.0, 0.0, 0.0, 0.0, 0.0, 0.0, 0.0, 0.0, 0.0, 0.0, 0.0, 0.0, 0.0, 0.0, 0.0, 0.0, 0.0, 0.0], [0.0, 0.0, 0.0, 0.0, 0.0, 0.0, 0.0, 0.0, 0.0, 0.0, 0.0, 0.0, 0.0, 0.0, 0.0, 0.0, 0.0, 0.0, 0.0, 0.0, 0.0, 0.0, 0.0, 0.0, 0.0, 0.0, 0.0, 0.0], [0.0, 0.0, 0.0, 0.0, 0.0, 0.0, 0.0, 0.0, 0.0, 0.0, 0.0, 0.0, 0.0, 0.0, 0.0, 0.0, 0.0, 0.0, 0.0, 0.0, 0.0, 0.0, 0.0, 0.0, 0.0, 0.0, 0.0, 0.0], [0.0, 0.0, 0.0, 0.0, 0.0, 0.0, 0.0, 0.0, 0.0, 0.0, 0.0, 0.0, 0.0, 0.0, 0.0, 0.0, 0.0, 0.0, 0.0, 0.0, 0.0, 0.0, 0.0, 0.0, 0.0, 0.0, 0.0, 0.0]]];
t = [[99999999.0, 10.2363486009454, 6.362737297580162, 9.885173963273, 14.158820030772155, 10.651558696278375, 11.399865589060926, 5.518254895921978, 11.890333940787315, 6.8101714214306295, 5.738420940433774, 13.452160616094636, 10.302288719773074, 8.022403264356104, 13.907059595001662, 6.496491511176314, 12.790255977633759, 12.852465222695036, 8.802197328990104, 5.874968003777578, 7.809707207006925, 11.788464593882903, 5.131474173294292, 7.114522858725429, 7.365957631632569, 8.899481129389063, 5.88556464873506, 14.508582258444765, 12.273143450854139, 10.7211472364063], [10.2363486009454, 99999999.0, 9.848808883710984, 14.377223869405565, 6.3411722699324375, 8.071527410656003, 13.025238556625707, 10.49293028159448, 8.864440113862761, 13.945058973682285, 14.904964881964514, 13.580594355963111, 14.30098471952839, 13.350088860999236, 7.037678367744067, 10.120098334742414, 11.264773920868162, 10.78969775156007, 14.295679841543482, 14.061285105659406, 7.212879569986156, 6.843017336009417, 13.924971858523735, 13.678439750475992, 7.803820966462903, 10.573538814015247, 10.581679060659734, 11.076294587325457, 10.764984523767236, 10.995476608296297], [6.362737297580162, 9.848808883710984, 99999999.0, 8.123792825125193, 14.82609660164024, 13.615067913035515, 7.169268298425182, 7.003915157471006, 10.455691500881736, 7.908306367470502, 12.767270605105931, 12.311722892890899, 14.891521129730187, 5.1913818686301925, 13.429455348282126, 5.524438279870529, 14.746920976773207, 13.140524316165724, 14.490590538948307, 13.805279649454436, 6.176164605596664, 13.835754841937229, 11.201047344392308, 5.792502532229008, 11.42549361125927, 10.675601569288881, 8.778613633237802, 11.238479586419333, 6.00335517080131, 12.75656410212305], [9.885173963273, 14.377223869405565, 8.123792825125193, 99999999.0, 7.461688448255353, 13.29852790899842, 9.21212761999908, 14.132538305367033, 6.621035585187495, 14.560842920018256, 13.426560318117943, 13.221261382194195, 13.568344184736103, 7.702105037656044, 11.271914814451819, 13.180069627712232, 10.065951288512629, 7.918441038542957, 12.107002798290639, 13.232590810284703, 8.337558158094136, 9.723583133715916, 13.318620828424537, 12.60904570072912, 7.994238693497967, 14.340936621869186, 14.584259985166682, 6.016814676460086, 7.515293842702928, 7.472532243714177], [14.158820030772155, 6.3411722699324375, 14.82609660164024, 7.461688448255353, 99999999.0, 7.1814184532390755, 7.9888312795794905, 10.959625185547814, 13.068682960864534, 13.27127726629639, 8.07851130842701, 5.0899933496854475, 14.37486221381879, 6.7984728586278065, 13.062888895632568, 10.224860402598267, 9.614151117333552, 14.567605335100653, 7.854060135690386, 10.753458767631964, 8.59072802959193, 10.48916172139073, 12.87762316856745, 14.496787475310217, 11.281308876509769, 13.40329427359305, 8.635244180266369, 14.157203288639057, 13.72963118184856, 6.724492075916281], [10.651558696278375, 8.071527410656003, 13.615067913035515, 13.29852790899842, 7.1814184532390755, 99999999.0, 12.91965530168371, 6.0408821471897145, 13.592868324020419, 8.275293844441215, 7.958288251207886, 6.9465574494423645, 12.383807305484238, 6.287203594411936, 7.6343393150930785, 6.170585606670053, 9.41626592526108, 5.552175621426101, 7.610837893004847, 7.70197217826027, 5.216885950497127, 10.762329343373445, 14.112969695800917, 5.674995480797338, 10.142166190788032, 11.333631617314019, 14.979345836914472, 5.096670261072188, 8.050150062557051, 6.89826750574626], [11.399865589060926, 13.025238556625707, 7.169268298425182, 9.21212761999908, 7.9888312795794905, 12.91965530168371, 99999999.0, 9.30866581646691, 12.129365904073858, 11.978562567813695, 14.848875129449036, 11.039420420475766, 6.809282738294385, 13.819782400567087, 11.733291645690496, 14.132658229984497, 6.872965861399496, 6.315078591662697, 13.860363380122369, 14.404878654315372, 8.283930048549092, 6.336880977223488, 5.260279480156823, 8.478682305168443, 14.616367726031225, 8.731280342659282, 13.598228611770955, 9.292494034090225, 13.66153468514513, 10.334446894952283], [5.518254895921978, 10.49293028159448, 7.003915157471006, 14.132538305367033, 10.959625185547814, 6.0408821471897145, 9.30866581646691, 99999999.0, 12.02499293132122, 5.991148245300505, 11.178231399915038, 6.128376445715849, 12.016122839681152, 12.231350919692368, 8.479951444111627, 6.814702073406316, 6.459718845174244, 11.90167387546158, 12.905871032250676, 11.9491229055393, 6.785603052906777, 6.42044442064604, 11.470040101682176, 6.005001349521767, 8.710643520786693, 11.402923896438889, 5.180665963723551, 5.347990642727554, 8.773113591250471, 7.068914335890493], [11.890333940787315, 8.864440113862761, 10.455691500881736, 6.621035585187495, 13.068682960864534, 13.592868324020419, 12.129365904073858, 12.02499293132122, 99999999.0, 11.731492326845189, 11.330456961497397, 13.979849346937733, 5.742295469413504, 8.639198832733225, 7.574795506880461, 8.04176376517627, 12.04364809697255, 8.675584169752646, 13.398066461025401, 11.088377178169733, 12.448468724304062, 13.860335097516732, 7.923375544237043, 10.731803135574625, 7.940609448320255, 9.851897527870861, 11.12273511552922, 11.812231541159107, 13.066271723719337, 12.554736953521015], [6.8101714214306295, 13.945058973682285, 7.908306367470502, 14.560842920018256, 13.27127726629639, 8.275293844441215, 11.978562567813695, 5.991148245300505, 11.731492326845189, 99999999.0, 12.525443205248221, 10.574629199411756, 5.972934461027947, 8.161100381075059, 6.320293961173537, 10.516694179249217, 9.514245978137465, 6.840264567812623, 14.99677089533496, 11.350548252638438, 5.475731357311094, 11.941858269691572, 14.455993071791672, 6.020371532261196, 12.966500055008911, 14.183116286885298, 14.427681900081073, 11.777881998843773, 9.371668992787937, 13.908244689307956], [5.738420940433774, 14.904964881964514, 12.767270605105931, 13.426560318117943, 8.07851130842701, 7.958288251207886, 14.848875129449036, 11.178231399915038, 11.330456961497397, 12.525443205248221, 99999999.0, 8.62842320941574, 14.68219378826457, 7.916054421888411, 10.560215687776678, 9.222568237651474, 12.757762260455802, 8.690232300399016, 11.479382604342128, 7.368967671187989, 6.191403774905647, 11.578106151676732, 6.310706468420351, 14.099565715973082, 11.979043781737856, 10.845859801060143, 12.599648314534418, 14.444719718410525, 11.594482479973939, 6.3518011555810485], [13.452160616094636, 13.580594355963111, 12.311722892890899, 13.221261382194195, 5.0899933496854475, 6.9465574494423645, 11.039420420475766, 6.128376445715849, 13.979849346937733, 10.574629199411756, 8.62842320941574, 99999999.0, 12.336137870562188, 14.522940408924004, 5.77564408459469, 11.046056620644897, 13.129276114303577, 11.446548508605828, 12.923207611946445, 10.011398859651631, 13.715404162216066, 12.084376032606446, 10.781946882874589, 8.815466216094187, 10.25095316914837, 11.486692613306333, 10.300772359888567, 7.706254398936404, 7.9668992568889765, 12.157724458687873], [10.302288719773074, 14.30098471952839, 14.891521129730187, 13.568344184736103, 14.37486221381879, 12.383807305484238, 6.809282738294385, 12.016122839681152, 5.742295469413504, 5.972934461027947, 14.68219378826457, 12.336137870562188, 99999999.0, 14.493066148035767, 6.752984232486714, 5.696649374862018, 10.193016214341363, 6.369343109211702, 10.574194863500963, 8.62778751992776, 10.36907375711772, 12.933700360243943, 12.417362686705426, 14.906258116751317, 10.004509344029527, 13.573219294235235, 14.610677906238129, 8.049332448374567, 11.19525137320118, 12.781347265768783], [8.022403264356104, 13.350088860999236, 5.1913818686301925, 7.702105037656044, 6.7984728586278065, 6.287203594411936, 13.819782400567087, 12.231350919692368, 8.639198832733225, 8.161100381075059, 7.916054421888411, 14.522940408924004, 14.493066148035767, 99999999.0, 13.524372412317268, 5.7924234309922396, 6.159429043144035, 7.2198417729061095, 11.01973982633983, 5.4747039135674, 12.698821463443577, 6.167006558303809, 8.101292081616394, 6.947539737711147, 7.938133056780995, 11.394802135473295, 13.472385366739072, 9.477993220888623, 11.750093433886533, 6.529820696214786], [13.907059595001662, 7.037678367744067, 13.429455348282126, 11.271914814451819, 13.062888895632568, 7.6343393150930785, 11.733291645690496, 8.479951444111627, 7.574795506880461, 6.320293961173537, 10.560215687776678, 5.77564408459469, 6.752984232486714, 13.524372412317268, 99999999.0, 6.097175002334153, 6.209801608918184, 13.70101998361558, 13.27112026472459, 11.696659267694775, 11.71646948765406, 11.11817995615693, 9.112253063145943, 5.404174969901141, 14.450303746878582, 9.825701663181867, 9.970730944908711, 14.648112209758855, 11.361132710949713, 7.540807070102918], [6.496491511176314, 10.120098334742414, 5.524438279870529, 13.180069627712232, 10.224860402598267, 6.170585606670053, 14.132658229984497, 6.814702073406316, 8.04176376517627, 10.516694179249217, 9.222568237651474, 11.046056620644897, 5.696649374862018, 5.7924234309922396, 6.097175002334153, 99999999.0, 5.9720244258381285, 6.622223378078651, 9.431837625050985, 6.00141914152903, 14.304473962245728, 7.582354975087872, 7.337162105166969, 11.963956735915191, 12.337358090476425, 10.358330819449169, 7.673205759692694, 10.40719996839864, 11.261499133357066, 5.027797564190264], [12.790255977633759, 11.264773920868162, 14.746920976773207, 10.065951288512629, 9.614151117333552, 9.41626592526108, 6.872965861399496, 6.459718845174244, 12.04364809697255, 9.514245978137465, 12.757762260455802, 13.129276114303577, 10.193016214341363, 6.159429043144035, 6.209801608918184, 5.9720244258381285, 99999999.0, 9.375700939090422, 12.937078691207002, 5.941333452407484, 14.69252837820024, 9.932929694791397, 5.482047656064792, 12.725147476935703, 11.582105535052861, 14.642998044349206, 7.148346436908827, 7.509915793333716, 10.802640205997973, 7.875381102117101], [12.852465222695036, 10.78969775156007, 13.140524316165724, 7.918441038542957, 14.567605335100653, 5.552175621426101, 6.315078591662697, 11.90167387546158, 8.675584169752646, 6.840264567812623, 8.690232300399016, 11.446548508605828, 6.369343109211702, 7.2198417729061095, 13.70101998361558, 6.622223378078651, 9.375700939090422, 99999999.0, 7.831512907509451, 6.971258412540873, 6.6648494753358385, 8.564423152120897, 13.815986787853326, 11.863211561066006, 13.343810790965234, 11.787672889903002, 11.510731681715951, 12.864088597775593, 8.281105202933997, 6.082889014542827], [8.802197328990104, 14.295679841543482, 14.490590538948307, 12.107002798290639, 7.854060135690386, 7.610837893004847, 13.860363380122369, 12.905871032250676, 13.398066461025401, 14.99677089533496, 11.479382604342128, 12.923207611946445, 10.574194863500963, 11.01973982633983, 13.27112026472459, 9.431837625050985, 12.937078691207002, 7.831512907509451, 99999999.0, 5.884270972347329, 5.841493145801069, 13.530937138785813, 11.806466373149751, 13.692071854356527, 13.230738003783445, 8.57839182374104, 8.534619447017775, 5.917052220618853, 5.514059117580176, 11.490294828827153], [5.874968003777578, 14.061285105659406, 13.805279649454436, 13.232590810284703, 10.753458767631964, 7.70197217826027, 14.404878654315372, 11.9491229055393, 11.088377178169733, 11.350548252638438, 7.368967671187989, 10.011398859651631, 8.62778751992776, 5.4747039135674, 11.696659267694775, 6.00141914152903, 5.941333452407484, 6.971258412540873, 5.884270972347329, 99999999.0, 8.111360227845458, 13.683049661208116, 13.66647407036362, 8.613329756599386, 9.408037356472743, 13.854465601611757, 13.884073293194552, 12.684025962260355, 10.933531770410944, 10.450497430357514], [7.809707207006925, 7.212879569986156, 6.176164605596664, 8.337558158094136, 8.59072802959193, 5.216885950497127, 8.283930048549092, 6.785603052906777, 12.448468724304062, 5.475731357311094, 6.191403774905647, 13.715404162216066, 10.36907375711772, 12.698821463443577, 11.71646948765406, 14.304473962245728, 14.69252837820024, 6.6648494753358385, 5.841493145801069, 8.111360227845458, 99999999.0, 5.677815207557205, 7.00792697905457, 14.015606682447235, 11.020615953935408, 8.975268309270923, 14.589440234126178, 10.37759258210868, 5.194376203505783, 14.073101062538603], [11.788464593882903, 6.843017336009417, 13.835754841937229, 9.723583133715916, 10.48916172139073, 10.762329343373445, 6.336880977223488, 6.42044442064604, 13.860335097516732, 11.941858269691572, 11.578106151676732, 12.084376032606446, 12.933700360243943, 6.167006558303809, 11.11817995615693, 7.582354975087872, 9.932929694791397, 8.564423152120897, 13.530937138785813, 13.683049661208116, 5.677815207557205, 99999999.0, 12.830711833870522, 8.707444514730469, 8.784207924691827, 6.178340272390523, 6.448054077000554, 6.630320852510845, 8.449666451397334, 6.605741653692732], [5.131474173294292, 13.924971858523735, 11.201047344392308, 13.318620828424537, 12.87762316856745, 14.112969695800917, 5.260279480156823, 11.470040101682176, 7.923375544237043, 14.455993071791672, 6.310706468420351, 10.781946882874589, 12.417362686705426, 8.101292081616394, 9.112253063145943, 7.337162105166969, 5.482047656064792, 13.815986787853326, 11.806466373149751, 13.66647407036362, 7.00792697905457, 12.830711833870522, 99999999.0, 6.703763889653064, 13.682248643132208, 5.0739805510334985, 11.81277300255563, 8.312349340722033, 13.658439506601427, 8.71316232348717], [7.114522858725429, 13.678439750475992, 5.792502532229008, 12.60904570072912, 14.496787475310217, 5.674995480797338, 8.478682305168443, 6.005001349521767, 10.731803135574625, 6.020371532261196, 14.099565715973082, 8.815466216094187, 14.906258116751317, 6.947539737711147, 5.404174969901141, 11.963956735915191, 12.725147476935703, 11.863211561066006, 13.692071854356527, 8.613329756599386, 14.015606682447235, 8.707444514730469, 6.703763889653064, 99999999.0, 7.154290866649284, 8.2363152758047, 12.921408248989483, 14.736510657126939, 14.826562573833305, 6.94149766323016], [7.365957631632569, 7.803820966462903, 11.42549361125927, 7.994238693497967, 11.281308876509769, 10.142166190788032, 14.616367726031225, 8.710643520786693, 7.940609448320255, 12.966500055008911, 11.979043781737856, 10.25095316914837, 10.004509344029527, 7.938133056780995, 14.450303746878582, 12.337358090476425, 11.582105535052861, 13.343810790965234, 13.230738003783445, 9.408037356472743, 11.020615953935408, 8.784207924691827, 13.682248643132208, 7.154290866649284, 99999999.0, 7.797977402149342, 9.881220656522938, 13.97820344229537, 9.381735570824176, 10.281337916418112], [8.899481129389063, 10.573538814015247, 10.675601569288881, 14.340936621869186, 13.40329427359305, 11.333631617314019, 8.731280342659282, 11.402923896438889, 9.851897527870861, 14.183116286885298, 10.845859801060143, 11.486692613306333, 13.573219294235235, 11.394802135473295, 9.825701663181867, 10.358330819449169, 14.642998044349206, 11.787672889903002, 8.57839182374104, 13.854465601611757, 8.975268309270923, 6.178340272390523, 5.0739805510334985, 8.2363152758047, 7.797977402149342, 99999999.0, 12.37885011107861, 9.529906549848235, 8.404818613467215, 9.218945132140643], [5.88556464873506, 10.581679060659734, 8.778613633237802, 14.584259985166682, 8.635244180266369, 14.979345836914472, 13.598228611770955, 5.180665963723551, 11.12273511552922, 14.427681900081073, 12.599648314534418, 10.300772359888567, 14.610677906238129, 13.472385366739072, 9.970730944908711, 7.673205759692694, 7.148346436908827, 11.510731681715951, 8.534619447017775, 13.884073293194552, 14.589440234126178, 6.448054077000554, 11.81277300255563, 12.921408248989483, 9.881220656522938, 12.37885011107861, 99999999.0, 7.462797713337571, 9.028998561728589, 6.068414070403914], [14.508582258444765, 11.076294587325457, 11.238479586419333, 6.016814676460086, 14.157203288639057, 5.096670261072188, 9.292494034090225, 5.347990642727554, 11.812231541159107, 11.777881998843773, 14.444719718410525, 7.706254398936404, 8.049332448374567, 9.477993220888623, 14.648112209758855, 10.40719996839864, 7.509915793333716, 12.864088597775593, 5.917052220618853, 12.684025962260355, 10.37759258210868, 6.630320852510845, 8.312349340722033, 14.736510657126939, 13.97820344229537, 9.529906549848235, 7.462797713337571, 99999999.0, 11.556916075220833, 13.64353176009866], [12.273143450854139, 10.764984523767236, 6.00335517080131, 7.515293842702928, 13.72963118184856, 8.050150062557051, 13.66153468514513, 8.773113591250471, 13.066271723719337, 9.371668992787937, 11.594482479973939, 7.9668992568889765, 11.19525137320118, 11.750093433886533, 11.361132710949713, 11.261499133357066, 10.802640205997973, 8.281105202933997, 5.514059117580176, 10.933531770410944, 5.194376203505783, 8.449666451397334, 13.658439506601427, 14.826562573833305, 9.381735570824176, 8.404818613467215, 9.028998561728589, 11.556916075220833, 99999999.0, 13.470910458155206], [10.7211472364063, 10.995476608296297, 12.75656410212305, 7.472532243714177, 6.724492075916281, 6.89826750574626, 10.334446894952283, 7.068914335890493, 12.554736953521015, 13.908244689307956, 6.3518011555810485, 12.157724458687873, 12.781347265768783, 6.529820696214786, 7.540807070102918, 5.027797564190264, 7.875381102117101, 6.082889014542827, 11.490294828827153, 10.450497430357514, 14.073101062538603, 6.605741653692732, 8.71316232348717, 6.94149766323016, 10.281337916418112, 9.218945132140643, 6.068414070403914, 13.64353176009866, 13.470910458155206, 99999999.0]];
