M = 99999999.0;
numWorkers = 25;
numRoles = 6;
numNodes = 30;
wStart = [0, 2.9127417635118062, 22.87070022503241, 29.83413082920661, 45.5111176152741, 6.6495538111028605, 1.6681762431907707, 33.64988842345514, 30.95836239213345, 21.631266083224077, 26.433038764405627, 40.425201936079304, 20.540581792398864, 61.92069405677474, 32.84622821368345, 53.57433387847773, 20.891434178210844, 46.63588195807742, 28.049162995667494, 10.184995068918372, 35.82188671620494, 54.777164926505925, 3.7616555404708336, 36.932403119759485, 12.231613302175768, 36.06282732364788, 59.93922951948032, 18.66157126031229, 6.963596234381638, 0];
wEnd = [0, 34.66707159935254, 54.217405641294505, 60.525005456694714, 82.82016517586138, 45.22309341992082, 35.08681658386428, 68.51182775371637, 62.97737911743394, 58.770161759379235, 57.76322275803615, 71.09117976880557, 50.02849027029089, 88.1704138545096, 63.74867971379841, 80.31695029838933, 53.570280878540174, 78.0121348198245, 57.853412190692524, 37.008259267485855, 64.40739074645397, 87.50782093140414, 42.40476424360933, 74.3806138988504, 42.913117961445124, 68.10678128938088, 84.96358780169072, 55.5238502527792, 36.109808057291055, 90];
p = [0, 13.905248273405535, 10.448897045403893, 8.726206713837628, 23.801283440263767, 11.76724132759923, 19.801492391985466, 10.129644426781757, 8.550951535754457, 16.902093437296585, 11.892594282595093, 13.196545241705325, 13.01289071614027, 8.982836209098597, 14.007991531373724, 9.914416603462458, 18.92731291762951, 13.649079462936525, 12.122975354455493, 9.099051912583029, 18.297733316321416, 17.836361732479073, 13.3916344856329, 16.48946816544516, 9.49000261518601, 9.046704977965884, 8.722405343345686, 11.618865133862352, 9.947304283012345, 0];
e = [[1, 1, 0, 0, 0, 0], [0, 1, 0, 1, 0, 0], [1, 0, 0, 1, 0, 0], [1, 0, 0, 0, 1, 0], [0, 1, 0, 1, 0, 0], [0, 1, 0, 1, 0, 0], [1, 1, 0, 0, 0, 0], [0, 1, 0, 0, 0, 1], [1, 1, 0, 0, 0, 0], [1, 0, 0, 0, 0, 1], [1, 0, 1, 0, 0, 0], [1, 0, 0, 0, 0, 1], [1, 1, 0, 0, 0, 0], [0, 1, 0, 1, 0, 0], [1, 1, 0, 0, 0, 0], [0, 1, 0, 1, 0, 0], [0, 1, 0, 0, 1, 0], [0, 1, 0, 0, 0, 1], [0, 1, 0, 0, 0, 0], [0, 1, 0, 0, 1, 0], [0, 1, 0, 0, 0, 0], [0, 1, 1, 0, 0, 0], [0, 1, 0, 0, 0, 1], [0, 1, 0, 0, 0, 0], [0, 1, 0, 0, 0, 0]];
d = [[1, 0, 0, 1, 1, 0, 0, 1, 2, 0, 1, 0, 1, 2, 0, 2, 0, 2, 1, 1, 1, 1, 0, 2, 2, 2, 0, 0], [1, 0, 0, 1, 0, 1, 0, 2, 1, 2, 1, 0, 1, 1, 0, 1, 1, 0, 0, 1, 1, 0, 2, 0, 2, 2, 1, 1], [0, 2, 0, 2, 1, 2, 2, 2, 3, 0, 2, 3, 1, 2, 1, 3, 0, 1, 1, 0, 1, 0, 0, 0, 1, 1, 0, 1], [2, 0, 2, 0, 0, 2, 1, 1, 0, 1, 1, 0, 1, 1, 1, 2, 1, 2, 0, 0, 0, 0, 2, 1, 1, 0, 1, 1], [2, 1, 0, 0, 1, 0, 0, 1, 1, 1, 1, 0, 1, 1, 0, 0, 2, 0, 1, 1, 0, 1, 0, 2, 1, 0, 1, 0], [2, 0, 2, 1, 1, 2, 1, 0, 1, 2, 2, 0, 1, 1, 1, 0, 0, 0, 0, 1, 3, 2, 2, 0, 0, 1, 1, 0]];
r = [736.4681674975106, 999.7056104582799, 515.8192440193178, 2582.723765267504, 737.3565541442588, 1933.3156910364808, 875.2201210515565, 1250.5682107629773, 2695.943417058579, 1299.2362369327873, 2109.0821212525034, 956.7682100705281, 1047.49377367307, 2016.9196268046583, 930.1270121643162, 1739.4978399641493, 698.7058538965364, 726.9659685710183, 1292.4479526912737, 1877.8867494104263, 2641.9432406263704, 2391.4776618006185, 844.8699104065715, 1490.0477712155136, 1174.2532457751997, 846.9182978320102, 777.5169222041766, 1711.008242842379];
b = [[[0.0, 0.0, 0.0, 0.0, 0.0, 0.0, 0.0, 0.0, 0.0, 0.0, 0.0, 0.0, 0.0, 0.0, 0.0, 0.0, 0.0, 0.0, 0.0, 0.0, 0.0, 0.0, 0.0, 0.0, 0.0, 0.0, 0.0, 0.0], [0.0, 0.0, 0.0, 0.0, 0.0, 0.0, 0.0, 0.0, 0.0, 0.0, 0.0, 0.0, 0.0, 0.0, 0.0, 0.0, 0.0, 0.0, 0.0, 0.0, 0.0, 0.0, 0.0, 0.0, 0.0, 0.0, 0.0, 0.0], [0.0, 0.0, 0.0, 0.0, 0.0, 0.0, 0.0, 0.0, 0.0, 0.0, 0.0, 0.0, 0.0, 0.0, 0.0, 0.0, 0.0, 0.0, 0.0, 0.0, 0.0, 0.0, 0.0, 0.0, 0.0, 0.0, 0.0, 0.0], [0.0, 0.0, 0.0, 0.0, 0.0, 0.0, 0.0, 0.0, 0.0, 0.0, 0.0, 0.0, 0.0, 0.0, 0.0, 0.0, 0.0, 0.0, 0.0, 0.0, 0.0, 0.0, 0.0, 0.0, 0.0, 0.0, 0.0, 0.0], [0.0, 0.0, 0.0, 0.0, 0.0, 0.0, 0.0, 0.0, 0.0, 0.0, 0.0, 0.0, 0.0, 0.0, 0.0, 0.0, 0.0, 0.0, 0.0, 0.0, 0.0, 0.0, 0.0, 0.0, 0.0, 0.0, 0.0, 0.0], [0.0, 0.0, 0.0, 0.0, 0.0, 0.0, 0.0, 0.0, 0.0, 0.0, 0.0, 0.0, 0.0, 0.0, 0.0, 0.0, 0.0, 0.0, 0.0, 0.0, 0.0, 0.0, 0.0, 0.0, 0.0, 0.0, 0.0, 0.0]], [[0.0, 0.0, 0.0, 0.0, 0.0, 0.0, 0.0, 0.0, 0.0, 0.0, 0.0, 0.0, 0.0, 0.0, 0.0, 0.0, 0.0, 0.0, 0.0, 0.0, 0.0, 0.0, 0.0, 0.0, 0.0, 0.0, 0.0, 0.0], [0.0, 0.0, 0.0, 0.0, 0.0, 0.0, 0.0, 0.0, 0.0, 0.0, 0.0, 0.0, 0.0, 0.0, 0.0, 0.0, 0.0, 0.0, 0.0, 0.0, 0.0, 0.0, 0.0, 0.0, 0.0, 0.0, 0.0, 0.0], [0.0, 0.0, 0.0, 0.0, 0.0, 0.0, 0.0, 0.0, 0.0, 0.0, 0.0, 0.0, 0.0, 0.0, 0.0, 0.0, 0.0, 0.0, 0.0, 0.0, 0.0, 0.0, 0.0, 0.0, 0.0, 0.0, 0.0, 0.0], [0.0, 0.0, 0.0, 0.0, 0.0, 0.0, 0.0, 0.0, 0.0, 0.0, 0.0, 0.0, 0.0, 0.0, 0.0, 0.0, 0.0, 0.0, 0.0, 0.0, 0.0, 0.0, 0.0, 0.0, 0.0, 0.0, 0.0, 0.0], [0.0, 0.0, 0.0, 0.0, 0.0, 0.0, 0.0, 0.0, 0.0, 0.0, 0.0, 0.0, 0.0, 0.0, 0.0, 0.0, 0.0, 0.0, 0.0, 0.0, 0.0, 0.0, 0.0, 0.0, 0.0, 0.0, 0.0, 0.0], [0.0, 0.0, 0.0, 0.0, 0.0, 0.0, 0.0, 0.0, 0.0, 0.0, 0.0, 0.0, 0.0, 0.0, 0.0, 0.0, 0.0, 0.0, 0.0, 0.0, 0.0, 0.0, 0.0, 0.0, 0.0, 0.0, 0.0, 0.0]], [[0.0, 0.0, 0.0, 0.0, 0.0, 0.0, 0.0, 0.0, 0.0, 0.0, 0.0, 0.0, 0.0, 0.0, 0.0, 0.0, 0.0, 0.0, 0.0, 0.0, 0.0, 0.0, 0.0, 0.0, 0.0, 0.0, 0.0, 0.0], [0.0, 0.0, 0.0, 0.0, 0.0, 0.0, 0.0, 0.0, 0.0, 0.0, 0.0, 0.0, 0.0, 0.0, 0.0, 0.0, 0.0, 0.0, 0.0, 0.0, 0.0, 0.0, 0.0, 0.0, 0.0, 0.0, 0.0, 0.0], [0.0, 0.0, 0.0, 0.0, 0.0, 0.0, 0.0, 0.0, 0.0, 0.0, 0.0, 0.0, 0.0, 0.0, 0.0, 0.0, 0.0, 0.0, 0.0, 0.0, 0.0, 0.0, 0.0, 0.0, 0.0, 0.0, 0.0, 0.0], [0.0, 0.0, 0.0, 0.0, 0.0, 0.0, 0.0, 0.0, 0.0, 0.0, 0.0, 0.0, 0.0, 0.0, 0.0, 0.0, 0.0, 0.0, 0.0, 0.0, 0.0, 0.0, 0.0, 0.0, 0.0, 0.0, 0.0, 0.0], [0.0, 0.0, 0.0, 0.0, 0.0, 0.0, 0.0, 0.0, 0.0, 0.0, 0.0, 0.0, 0.0, 0.0, 0.0, 0.0, 0.0, 0.0, 0.0, 0.0, 0.0, 0.0, 0.0, 0.0, 0.0, 0.0, 0.0, 0.0], [0.0, 0.0, 0.0, 0.0, 0.0, 0.0, 0.0, 0.0, 0.0, 0.0, 0.0, 0.0, 0.0, 0.0, 0.0, 0.0, 0.0, 0.0, 0.0, 0.0, 0.0, 0.0, 0.0, 0.0, 0.0, 0.0, 0.0, 0.0]], [[0.0, 0.0, 0.0, 0.0, 0.0, 0.0, 0.0, 0.0, 0.0, 0.0, 0.0, 0.0, 0.0, 0.0, 0.0, 0.0, 0.0, 0.0, 0.0, 0.0, 0.0, 0.0, 0.0, 0.0, 0.0, 0.0, 0.0, 0.0], [0.0, 0.0, 0.0, 0.0, 0.0, 0.0, 0.0, 0.0, 0.0, 0.0, 0.0, 0.0, 0.0, 0.0, 0.0, 0.0, 0.0, 0.0, 0.0, 0.0, 0.0, 0.0, 0.0, 0.0, 0.0, 0.0, 0.0, 0.0], [0.0, 0.0, 0.0, 0.0, 0.0, 0.0, 0.0, 0.0, 0.0, 0.0, 0.0, 0.0, 0.0, 0.0, 0.0, 0.0, 0.0, 0.0, 0.0, 0.0, 0.0, 0.0, 0.0, 0.0, 0.0, 0.0, 0.0, 0.0], [0.0, 0.0, 0.0, 0.0, 0.0, 0.0, 0.0, 0.0, 0.0, 0.0, 0.0, 0.0, 0.0, 0.0, 0.0, 0.0, 0.0, 0.0, 0.0, 0.0, 0.0, 0.0, 0.0, 0.0, 0.0, 0.0, 0.0, 0.0], [0.0, 0.0, 0.0, 0.0, 0.0, 0.0, 0.0, 0.0, 0.0, 0.0, 0.0, 0.0, 0.0, 0.0, 0.0, 0.0, 0.0, 0.0, 0.0, 0.0, 0.0, 0.0, 0.0, 0.0, 0.0, 0.0, 0.0, 0.0], [0.0, 0.0, 0.0, 0.0, 0.0, 0.0, 0.0, 0.0, 0.0, 0.0, 0.0, 0.0, 0.0, 0.0, 0.0, 0.0, 0.0, 0.0, 0.0, 0.0, 0.0, 0.0, 0.0, 0.0, 0.0, 0.0, 0.0, 0.0]], [[0.0, 0.0, 0.0, 0.0, 0.0, 0.0, 0.0, 0.0, 0.0, 0.0, 0.0, 0.0, 0.0, 0.0, 0.0, 0.0, 0.0, 0.0, 0.0, 0.0, 0.0, 0.0, 0.0, 0.0, 0.0, 0.0, 0.0, 0.0], [0.0, 0.0, 0.0, 0.0, 0.0, 0.0, 0.0, 0.0, 0.0, 0.0, 0.0, 0.0, 0.0, 0.0, 0.0, 0.0, 0.0, 0.0, 0.0, 0.0, 0.0, 0.0, 0.0, 0.0, 0.0, 0.0, 0.0, 0.0], [0.0, 0.0, 0.0, 0.0, 0.0, 0.0, 0.0, 0.0, 0.0, 0.0, 0.0, 0.0, 0.0, 0.0, 0.0, 0.0, 0.0, 0.0, 0.0, 0.0, 0.0, 0.0, 0.0, 0.0, 0.0, 0.0, 0.0, 0.0], [0.0, 0.0, 0.0, 0.0, 0.0, 0.0, 0.0, 0.0, 0.0, 0.0, 0.0, 0.0, 0.0, 0.0, 0.0, 0.0, 0.0, 0.0, 0.0, 0.0, 0.0, 0.0, 0.0, 0.0, 0.0, 0.0, 0.0, 0.0], [0.0, 0.0, 0.0, 0.0, 0.0, 0.0, 0.0, 0.0, 0.0, 0.0, 0.0, 0.0, 0.0, 0.0, 0.0, 0.0, 0.0, 0.0, 0.0, 0.0, 0.0, 0.0, 0.0, 0.0, 0.0, 0.0, 0.0, 0.0], [0.0, 0.0, 0.0, 0.0, 0.0, 0.0, 0.0, 0.0, 0.0, 0.0, 0.0, 0.0, 0.0, 0.0, 0.0, 0.0, 0.0, 0.0, 0.0, 0.0, 0.0, 0.0, 0.0, 0.0, 0.0, 0.0, 0.0, 0.0]], [[0.0, 0.0, 0.0, 0.0, 0.0, 0.0, 0.0, 0.0, 0.0, 0.0, 0.0, 0.0, 0.0, 0.0, 0.0, 0.0, 0.0, 0.0, 0.0, 0.0, 0.0, 0.0, 0.0, 0.0, 0.0, 0.0, 0.0, 0.0], [0.0, 0.0, 0.0, 0.0, 0.0, 0.0, 0.0, 0.0, 0.0, 0.0, 0.0, 0.0, 0.0, 0.0, 0.0, 0.0, 0.0, 0.0, 0.0, 0.0, 0.0, 0.0, 0.0, 0.0, 0.0, 0.0, 0.0, 0.0], [0.0, 0.0, 0.0, 0.0, 0.0, 0.0, 0.0, 0.0, 0.0, 0.0, 0.0, 0.0, 0.0, 0.0, 0.0, 0.0, 0.0, 0.0, 0.0, 0.0, 0.0, 0.0, 0.0, 0.0, 0.0, 0.0, 0.0, 0.0], [0.0, 0.0, 0.0, 0.0, 0.0, 0.0, 0.0, 0.0, 0.0, 0.0, 0.0, 0.0, 0.0, 0.0, 0.0, 0.0, 0.0, 0.0, 0.0, 0.0, 0.0, 0.0, 0.0, 0.0, 0.0, 0.0, 0.0, 0.0], [0.0, 0.0, 0.0, 0.0, 0.0, 0.0, 0.0, 0.0, 0.0, 0.0, 0.0, 0.0, 0.0, 0.0, 0.0, 0.0, 0.0, 0.0, 0.0, 0.0, 0.0, 0.0, 0.0, 0.0, 0.0, 0.0, 0.0, 0.0], [0.0, 0.0, 0.0, 0.0, 0.0, 0.0, 0.0, 0.0, 0.0, 0.0, 0.0, 0.0, 0.0, 0.0, 0.0, 0.0, 0.0, 0.0, 0.0, 0.0, 0.0, 0.0, 0.0, 0.0, 0.0, 0.0, 0.0, 0.0]], [[0.0, 0.0, 0.0, 0.0, 0.0, 0.0, 0.0, 0.0, 0.0, 0.0, 0.0, 0.0, 0.0, 0.0, 0.0, 0.0, 0.0, 0.0, 0.0, 0.0, 0.0, 0.0, 0.0, 0.0, 0.0, 0.0, 0.0, 0.0], [0.0, 0.0, 0.0, 0.0, 0.0, 0.0, 0.0, 0.0, 0.0, 0.0, 0.0, 0.0, 0.0, 0.0, 0.0, 0.0, 0.0, 0.0, 0.0, 0.0, 0.0, 0.0, 0.0, 0.0, 0.0, 0.0, 0.0, 0.0], [0.0, 0.0, 0.0, 0.0, 0.0, 0.0, 0.0, 0.0, 0.0, 0.0, 0.0, 0.0, 0.0, 0.0, 0.0, 0.0, 0.0, 0.0, 0.0, 0.0, 0.0, 0.0, 0.0, 0.0, 0.0, 0.0, 0.0, 0.0], [0.0, 0.0, 0.0, 0.0, 0.0, 0.0, 0.0, 0.0, 0.0, 0.0, 0.0, 0.0, 0.0, 0.0, 0.0, 0.0, 0.0, 0.0, 0.0, 0.0, 0.0, 0.0, 0.0, 0.0, 0.0, 0.0, 0.0, 0.0], [0.0, 0.0, 0.0, 0.0, 0.0, 0.0, 0.0, 0.0, 0.0, 0.0, 0.0, 0.0, 0.0, 0.0, 0.0, 0.0, 0.0, 0.0, 0.0, 0.0, 0.0, 0.0, 0.0, 0.0, 0.0, 0.0, 0.0, 0.0], [0.0, 0.0, 0.0, 0.0, 0.0, 0.0, 0.0, 0.0, 0.0, 0.0, 0.0, 0.0, 0.0, 0.0, 0.0, 0.0, 0.0, 0.0, 0.0, 0.0, 0.0, 0.0, 0.0, 0.0, 0.0, 0.0, 0.0, 0.0]], [[0.0, 0.0, 0.0, 0.0, 0.0, 0.0, 0.0, 0.0, 0.0, 0.0, 0.0, 0.0, 0.0, 0.0, 0.0, 0.0, 0.0, 0.0, 0.0, 0.0, 0.0, 0.0, 0.0, 0.0, 0.0, 0.0, 0.0, 0.0], [0.0, 0.0, 0.0, 0.0, 0.0, 0.0, 0.0, 0.0, 0.0, 0.0, 0.0, 0.0, 0.0, 0.0, 0.0, 0.0, 0.0, 0.0, 0.0, 0.0, 0.0, 0.0, 0.0, 0.0, 0.0, 0.0, 0.0, 0.0], [0.0, 0.0, 0.0, 0.0, 0.0, 0.0, 0.0, 0.0, 0.0, 0.0, 0.0, 0.0, 0.0, 0.0, 0.0, 0.0, 0.0, 0.0, 0.0, 0.0, 0.0, 0.0, 0.0, 0.0, 0.0, 0.0, 0.0, 0.0], [0.0, 0.0, 0.0, 0.0, 0.0, 0.0, 0.0, 0.0, 0.0, 0.0, 0.0, 0.0, 0.0, 0.0, 0.0, 0.0, 0.0, 0.0, 0.0, 0.0, 0.0, 0.0, 0.0, 0.0, 0.0, 0.0, 0.0, 0.0], [0.0, 0.0, 0.0, 0.0, 0.0, 0.0, 0.0, 0.0, 0.0, 0.0, 0.0, 0.0, 0.0, 0.0, 0.0, 0.0, 0.0, 0.0, 0.0, 0.0, 0.0, 0.0, 0.0, 0.0, 0.0, 0.0, 0.0, 0.0], [0.0, 0.0, 0.0, 0.0, 0.0, 0.0, 0.0, 0.0, 0.0, 0.0, 0.0, 0.0, 0.0, 0.0, 0.0, 0.0, 0.0, 0.0, 0.0, 0.0, 0.0, 0.0, 0.0, 0.0, 0.0, 0.0, 0.0, 0.0]], [[0.0, 0.0, 0.0, 0.0, 0.0, 0.0, 0.0, 0.0, 0.0, 0.0, 0.0, 0.0, 0.0, 0.0, 0.0, 0.0, 0.0, 0.0, 0.0, 0.0, 0.0, 0.0, 0.0, 0.0, 0.0, 0.0, 0.0, 0.0], [0.0, 0.0, 0.0, 0.0, 0.0, 0.0, 0.0, 0.0, 0.0, 0.0, 0.0, 0.0, 0.0, 0.0, 0.0, 0.0, 0.0, 0.0, 0.0, 0.0, 0.0, 0.0, 0.0, 0.0, 0.0, 0.0, 0.0, 0.0], [0.0, 0.0, 0.0, 0.0, 0.0, 0.0, 0.0, 0.0, 0.0, 0.0, 0.0, 0.0, 0.0, 0.0, 0.0, 0.0, 0.0, 0.0, 0.0, 0.0, 0.0, 0.0, 0.0, 0.0, 0.0, 0.0, 0.0, 0.0], [0.0, 0.0, 0.0, 0.0, 0.0, 0.0, 0.0, 0.0, 0.0, 0.0, 0.0, 0.0, 0.0, 0.0, 0.0, 0.0, 0.0, 0.0, 0.0, 0.0, 0.0, 0.0, 0.0, 0.0, 0.0, 0.0, 0.0, 0.0], [0.0, 0.0, 0.0, 0.0, 0.0, 0.0, 0.0, 0.0, 0.0, 0.0, 0.0, 0.0, 0.0, 0.0, 0.0, 0.0, 0.0, 0.0, 0.0, 0.0, 0.0, 0.0, 0.0, 0.0, 0.0, 0.0, 0.0, 0.0], [0.0, 0.0, 0.0, 0.0, 0.0, 0.0, 0.0, 0.0, 0.0, 0.0, 0.0, 0.0, 0.0, 0.0, 0.0, 0.0, 0.0, 0.0, 0.0, 0.0, 0.0, 0.0, 0.0, 0.0, 0.0, 0.0, 0.0, 0.0]], [[0.0, 0.0, 0.0, 0.0, 0.0, 0.0, 0.0, 0.0, 0.0, 0.0, 0.0, 0.0, 0.0, 0.0, 0.0, 0.0, 0.0, 0.0, 0.0, 0.0, 0.0, 0.0, 0.0, 0.0, 0.0, 0.0, 0.0, 0.0], [0.0, 0.0, 0.0, 0.0, 0.0, 0.0, 0.0, 0.0, 0.0, 0.0, 0.0, 0.0, 0.0, 0.0, 0.0, 0.0, 0.0, 0.0, 0.0, 0.0, 0.0, 0.0, 0.0, 0.0, 0.0, 0.0, 0.0, 0.0], [0.0, 0.0, 0.0, 0.0, 0.0, 0.0, 0.0, 0.0, 0.0, 0.0, 0.0, 0.0, 0.0, 0.0, 0.0, 0.0, 0.0, 0.0, 0.0, 0.0, 0.0, 0.0, 0.0, 0.0, 0.0, 0.0, 0.0, 0.0], [0.0, 0.0, 0.0, 0.0, 0.0, 0.0, 0.0, 0.0, 0.0, 0.0, 0.0, 0.0, 0.0, 0.0, 0.0, 0.0, 0.0, 0.0, 0.0, 0.0, 0.0, 0.0, 0.0, 0.0, 0.0, 0.0, 0.0, 0.0], [0.0, 0.0, 0.0, 0.0, 0.0, 0.0, 0.0, 0.0, 0.0, 0.0, 0.0, 0.0, 0.0, 0.0, 0.0, 0.0, 0.0, 0.0, 0.0, 0.0, 0.0, 0.0, 0.0, 0.0, 0.0, 0.0, 0.0, 0.0], [0.0, 0.0, 0.0, 0.0, 0.0, 0.0, 0.0, 0.0, 0.0, 0.0, 0.0, 0.0, 0.0, 0.0, 0.0, 0.0, 0.0, 0.0, 0.0, 0.0, 0.0, 0.0, 0.0, 0.0, 0.0, 0.0, 0.0, 0.0]], [[0.0, 0.0, 0.0, 0.0, 0.0, 0.0, 0.0, 0.0, 0.0, 0.0, 0.0, 0.0, 0.0, 0.0, 0.0, 0.0, 0.0, 0.0, 0.0, 0.0, 0.0, 0.0, 0.0, 0.0, 0.0, 0.0, 0.0, 0.0], [0.0, 0.0, 0.0, 0.0, 0.0, 0.0, 0.0, 0.0, 0.0, 0.0, 0.0, 0.0, 0.0, 0.0, 0.0, 0.0, 0.0, 0.0, 0.0, 0.0, 0.0, 0.0, 0.0, 0.0, 0.0, 0.0, 0.0, 0.0], [0.0, 0.0, 0.0, 0.0, 0.0, 0.0, 0.0, 0.0, 0.0, 0.0, 0.0, 0.0, 0.0, 0.0, 0.0, 0.0, 0.0, 0.0, 0.0, 0.0, 0.0, 0.0, 0.0, 0.0, 0.0, 0.0, 0.0, 0.0], [0.0, 0.0, 0.0, 0.0, 0.0, 0.0, 0.0, 0.0, 0.0, 0.0, 0.0, 0.0, 0.0, 0.0, 0.0, 0.0, 0.0, 0.0, 0.0, 0.0, 0.0, 0.0, 0.0, 0.0, 0.0, 0.0, 0.0, 0.0], [0.0, 0.0, 0.0, 0.0, 0.0, 0.0, 0.0, 0.0, 0.0, 0.0, 0.0, 0.0, 0.0, 0.0, 0.0, 0.0, 0.0, 0.0, 0.0, 0.0, 0.0, 0.0, 0.0, 0.0, 0.0, 0.0, 0.0, 0.0], [0.0, 0.0, 0.0, 0.0, 0.0, 0.0, 0.0, 0.0, 0.0, 0.0, 0.0, 0.0, 0.0, 0.0, 0.0, 0.0, 0.0, 0.0, 0.0, 0.0, 0.0, 0.0, 0.0, 0.0, 0.0, 0.0, 0.0, 0.0]], [[0.0, 0.0, 0.0, 0.0, 0.0, 0.0, 0.0, 0.0, 0.0, 0.0, 0.0, 0.0, 0.0, 0.0, 0.0, 0.0, 0.0, 0.0, 0.0, 0.0, 0.0, 0.0, 0.0, 0.0, 0.0, 0.0, 0.0, 0.0], [0.0, 0.0, 0.0, 0.0, 0.0, 0.0, 0.0, 0.0, 0.0, 0.0, 0.0, 0.0, 0.0, 0.0, 0.0, 0.0, 0.0, 0.0, 0.0, 0.0, 0.0, 0.0, 0.0, 0.0, 0.0, 0.0, 0.0, 0.0], [0.0, 0.0, 0.0, 0.0, 0.0, 0.0, 0.0, 0.0, 0.0, 0.0, 0.0, 0.0, 0.0, 0.0, 0.0, 0.0, 0.0, 0.0, 0.0, 0.0, 0.0, 0.0, 0.0, 0.0, 0.0, 0.0, 0.0, 0.0], [0.0, 0.0, 0.0, 0.0, 0.0, 0.0, 0.0, 0.0, 0.0, 0.0, 0.0, 0.0, 0.0, 0.0, 0.0, 0.0, 0.0, 0.0, 0.0, 0.0, 0.0, 0.0, 0.0, 0.0, 0.0, 0.0, 0.0, 0.0], [0.0, 0.0, 0.0, 0.0, 0.0, 0.0, 0.0, 0.0, 0.0, 0.0, 0.0, 0.0, 0.0, 0.0, 0.0, 0.0, 0.0, 0.0, 0.0, 0.0, 0.0, 0.0, 0.0, 0.0, 0.0, 0.0, 0.0, 0.0], [0.0, 0.0, 0.0, 0.0, 0.0, 0.0, 0.0, 0.0, 0.0, 0.0, 0.0, 0.0, 0.0, 0.0, 0.0, 0.0, 0.0, 0.0, 0.0, 0.0, 0.0, 0.0, 0.0, 0.0, 0.0, 0.0, 0.0, 0.0]], [[0.0, 0.0, 0.0, 0.0, 0.0, 0.0, 0.0, 0.0, 0.0, 0.0, 0.0, 0.0, 0.0, 0.0, 0.0, 0.0, 0.0, 0.0, 0.0, 0.0, 0.0, 0.0, 0.0, 0.0, 0.0, 0.0, 0.0, 0.0], [0.0, 0.0, 0.0, 0.0, 0.0, 0.0, 0.0, 0.0, 0.0, 0.0, 0.0, 0.0, 0.0, 0.0, 0.0, 0.0, 0.0, 0.0, 0.0, 0.0, 0.0, 0.0, 0.0, 0.0, 0.0, 0.0, 0.0, 0.0], [0.0, 0.0, 0.0, 0.0, 0.0, 0.0, 0.0, 0.0, 0.0, 0.0, 0.0, 0.0, 0.0, 0.0, 0.0, 0.0, 0.0, 0.0, 0.0, 0.0, 0.0, 0.0, 0.0, 0.0, 0.0, 0.0, 0.0, 0.0], [0.0, 0.0, 0.0, 0.0, 0.0, 0.0, 0.0, 0.0, 0.0, 0.0, 0.0, 0.0, 0.0, 0.0, 0.0, 0.0, 0.0, 0.0, 0.0, 0.0, 0.0, 0.0, 0.0, 0.0, 0.0, 0.0, 0.0, 0.0], [0.0, 0.0, 0.0, 0.0, 0.0, 0.0, 0.0, 0.0, 0.0, 0.0, 0.0, 0.0, 0.0, 0.0, 0.0, 0.0, 0.0, 0.0, 0.0, 0.0, 0.0, 0.0, 0.0, 0.0, 0.0, 0.0, 0.0, 0.0], [0.0, 0.0, 0.0, 0.0, 0.0, 0.0, 0.0, 0.0, 0.0, 0.0, 0.0, 0.0, 0.0, 0.0, 0.0, 0.0, 0.0, 0.0, 0.0, 0.0, 0.0, 0.0, 0.0, 0.0, 0.0, 0.0, 0.0, 0.0]], [[0.0, 0.0, 0.0, 0.0, 0.0, 0.0, 0.0, 0.0, 0.0, 0.0, 0.0, 0.0, 0.0, 0.0, 0.0, 0.0, 0.0, 0.0, 0.0, 0.0, 0.0, 0.0, 0.0, 0.0, 0.0, 0.0, 0.0, 0.0], [0.0, 0.0, 0.0, 0.0, 0.0, 0.0, 0.0, 0.0, 0.0, 0.0, 0.0, 0.0, 0.0, 0.0, 0.0, 0.0, 0.0, 0.0, 0.0, 0.0, 0.0, 0.0, 0.0, 0.0, 0.0, 0.0, 0.0, 0.0], [0.0, 0.0, 0.0, 0.0, 0.0, 0.0, 0.0, 0.0, 0.0, 0.0, 0.0, 0.0, 0.0, 0.0, 0.0, 0.0, 0.0, 0.0, 0.0, 0.0, 0.0, 0.0, 0.0, 0.0, 0.0, 0.0, 0.0, 0.0], [0.0, 0.0, 0.0, 0.0, 0.0, 0.0, 0.0, 0.0, 0.0, 0.0, 0.0, 0.0, 0.0, 0.0, 0.0, 0.0, 0.0, 0.0, 0.0, 0.0, 0.0, 0.0, 0.0, 0.0, 0.0, 0.0, 0.0, 0.0], [0.0, 0.0, 0.0, 0.0, 0.0, 0.0, 0.0, 0.0, 0.0, 0.0, 0.0, 0.0, 0.0, 0.0, 0.0, 0.0, 0.0, 0.0, 0.0, 0.0, 0.0, 0.0, 0.0, 0.0, 0.0, 0.0, 0.0, 0.0], [0.0, 0.0, 0.0, 0.0, 0.0, 0.0, 0.0, 0.0, 0.0, 0.0, 0.0, 0.0, 0.0, 0.0, 0.0, 0.0, 0.0, 0.0, 0.0, 0.0, 0.0, 0.0, 0.0, 0.0, 0.0, 0.0, 0.0, 0.0]], [[0.0, 0.0, 0.0, 0.0, 0.0, 0.0, 0.0, 0.0, 0.0, 0.0, 0.0, 0.0, 0.0, 0.0, 0.0, 0.0, 0.0, 0.0, 0.0, 0.0, 0.0, 0.0, 0.0, 0.0, 0.0, 0.0, 0.0, 0.0], [0.0, 0.0, 0.0, 0.0, 0.0, 0.0, 0.0, 0.0, 0.0, 0.0, 0.0, 0.0, 0.0, 0.0, 0.0, 0.0, 0.0, 0.0, 0.0, 0.0, 0.0, 0.0, 0.0, 0.0, 0.0, 0.0, 0.0, 0.0], [0.0, 0.0, 0.0, 0.0, 0.0, 0.0, 0.0, 0.0, 0.0, 0.0, 0.0, 0.0, 0.0, 0.0, 0.0, 0.0, 0.0, 0.0, 0.0, 0.0, 0.0, 0.0, 0.0, 0.0, 0.0, 0.0, 0.0, 0.0], [0.0, 0.0, 0.0, 0.0, 0.0, 0.0, 0.0, 0.0, 0.0, 0.0, 0.0, 0.0, 0.0, 0.0, 0.0, 0.0, 0.0, 0.0, 0.0, 0.0, 0.0, 0.0, 0.0, 0.0, 0.0, 0.0, 0.0, 0.0], [0.0, 0.0, 0.0, 0.0, 0.0, 0.0, 0.0, 0.0, 0.0, 0.0, 0.0, 0.0, 0.0, 0.0, 0.0, 0.0, 0.0, 0.0, 0.0, 0.0, 0.0, 0.0, 0.0, 0.0, 0.0, 0.0, 0.0, 0.0], [0.0, 0.0, 0.0, 0.0, 0.0, 0.0, 0.0, 0.0, 0.0, 0.0, 0.0, 0.0, 0.0, 0.0, 0.0, 0.0, 0.0, 0.0, 0.0, 0.0, 0.0, 0.0, 0.0, 0.0, 0.0, 0.0, 0.0, 0.0]], [[0.0, 0.0, 0.0, 0.0, 0.0, 0.0, 0.0, 0.0, 0.0, 0.0, 0.0, 0.0, 0.0, 0.0, 0.0, 0.0, 0.0, 0.0, 0.0, 0.0, 0.0, 0.0, 0.0, 0.0, 0.0, 0.0, 0.0, 0.0], [0.0, 0.0, 0.0, 0.0, 0.0, 0.0, 0.0, 0.0, 0.0, 0.0, 0.0, 0.0, 0.0, 0.0, 0.0, 0.0, 0.0, 0.0, 0.0, 0.0, 0.0, 0.0, 0.0, 0.0, 0.0, 0.0, 0.0, 0.0], [0.0, 0.0, 0.0, 0.0, 0.0, 0.0, 0.0, 0.0, 0.0, 0.0, 0.0, 0.0, 0.0, 0.0, 0.0, 0.0, 0.0, 0.0, 0.0, 0.0, 0.0, 0.0, 0.0, 0.0, 0.0, 0.0, 0.0, 0.0], [0.0, 0.0, 0.0, 0.0, 0.0, 0.0, 0.0, 0.0, 0.0, 0.0, 0.0, 0.0, 0.0, 0.0, 0.0, 0.0, 0.0, 0.0, 0.0, 0.0, 0.0, 0.0, 0.0, 0.0, 0.0, 0.0, 0.0, 0.0], [0.0, 0.0, 0.0, 0.0, 0.0, 0.0, 0.0, 0.0, 0.0, 0.0, 0.0, 0.0, 0.0, 0.0, 0.0, 0.0, 0.0, 0.0, 0.0, 0.0, 0.0, 0.0, 0.0, 0.0, 0.0, 0.0, 0.0, 0.0], [0.0, 0.0, 0.0, 0.0, 0.0, 0.0, 0.0, 0.0, 0.0, 0.0, 0.0, 0.0, 0.0, 0.0, 0.0, 0.0, 0.0, 0.0, 0.0, 0.0, 0.0, 0.0, 0.0, 0.0, 0.0, 0.0, 0.0, 0.0]], [[0.0, 0.0, 0.0, 0.0, 0.0, 0.0, 0.0, 0.0, 0.0, 0.0, 0.0, 0.0, 0.0, 0.0, 0.0, 0.0, 0.0, 0.0, 0.0, 0.0, 0.0, 0.0, 0.0, 0.0, 0.0, 0.0, 0.0, 0.0], [0.0, 0.0, 0.0, 0.0, 0.0, 0.0, 0.0, 0.0, 0.0, 0.0, 0.0, 0.0, 0.0, 0.0, 0.0, 0.0, 0.0, 0.0, 0.0, 0.0, 0.0, 0.0, 0.0, 0.0, 0.0, 0.0, 0.0, 0.0], [0.0, 0.0, 0.0, 0.0, 0.0, 0.0, 0.0, 0.0, 0.0, 0.0, 0.0, 0.0, 0.0, 0.0, 0.0, 0.0, 0.0, 0.0, 0.0, 0.0, 0.0, 0.0, 0.0, 0.0, 0.0, 0.0, 0.0, 0.0], [0.0, 0.0, 0.0, 0.0, 0.0, 0.0, 0.0, 0.0, 0.0, 0.0, 0.0, 0.0, 0.0, 0.0, 0.0, 0.0, 0.0, 0.0, 0.0, 0.0, 0.0, 0.0, 0.0, 0.0, 0.0, 0.0, 0.0, 0.0], [0.0, 0.0, 0.0, 0.0, 0.0, 0.0, 0.0, 0.0, 0.0, 0.0, 0.0, 0.0, 0.0, 0.0, 0.0, 0.0, 0.0, 0.0, 0.0, 0.0, 0.0, 0.0, 0.0, 0.0, 0.0, 0.0, 0.0, 0.0], [0.0, 0.0, 0.0, 0.0, 0.0, 0.0, 0.0, 0.0, 0.0, 0.0, 0.0, 0.0, 0.0, 0.0, 0.0, 0.0, 0.0, 0.0, 0.0, 0.0, 0.0, 0.0, 0.0, 0.0, 0.0, 0.0, 0.0, 0.0]], [[0.0, 0.0, 0.0, 0.0, 0.0, 0.0, 0.0, 0.0, 0.0, 0.0, 0.0, 0.0, 0.0, 0.0, 0.0, 0.0, 0.0, 0.0, 0.0, 0.0, 0.0, 0.0, 0.0, 0.0, 0.0, 0.0, 0.0, 0.0], [0.0, 0.0, 0.0, 0.0, 0.0, 0.0, 0.0, 0.0, 0.0, 0.0, 0.0, 0.0, 0.0, 0.0, 0.0, 0.0, 0.0, 0.0, 0.0, 0.0, 0.0, 0.0, 0.0, 0.0, 0.0, 0.0, 0.0, 0.0], [0.0, 0.0, 0.0, 0.0, 0.0, 0.0, 0.0, 0.0, 0.0, 0.0, 0.0, 0.0, 0.0, 0.0, 0.0, 0.0, 0.0, 0.0, 0.0, 0.0, 0.0, 0.0, 0.0, 0.0, 0.0, 0.0, 0.0, 0.0], [0.0, 0.0, 0.0, 0.0, 0.0, 0.0, 0.0, 0.0, 0.0, 0.0, 0.0, 0.0, 0.0, 0.0, 0.0, 0.0, 0.0, 0.0, 0.0, 0.0, 0.0, 0.0, 0.0, 0.0, 0.0, 0.0, 0.0, 0.0], [0.0, 0.0, 0.0, 0.0, 0.0, 0.0, 0.0, 0.0, 0.0, 0.0, 0.0, 0.0, 0.0, 0.0, 0.0, 0.0, 0.0, 0.0, 0.0, 0.0, 0.0, 0.0, 0.0, 0.0, 0.0, 0.0, 0.0, 0.0], [0.0, 0.0, 0.0, 0.0, 0.0, 0.0, 0.0, 0.0, 0.0, 0.0, 0.0, 0.0, 0.0, 0.0, 0.0, 0.0, 0.0, 0.0, 0.0, 0.0, 0.0, 0.0, 0.0, 0.0, 0.0, 0.0, 0.0, 0.0]], [[0.0, 0.0, 0.0, 0.0, 0.0, 0.0, 0.0, 0.0, 0.0, 0.0, 0.0, 0.0, 0.0, 0.0, 0.0, 0.0, 0.0, 0.0, 0.0, 0.0, 0.0, 0.0, 0.0, 0.0, 0.0, 0.0, 0.0, 0.0], [0.0, 0.0, 0.0, 0.0, 0.0, 0.0, 0.0, 0.0, 0.0, 0.0, 0.0, 0.0, 0.0, 0.0, 0.0, 0.0, 0.0, 0.0, 0.0, 0.0, 0.0, 0.0, 0.0, 0.0, 0.0, 0.0, 0.0, 0.0], [0.0, 0.0, 0.0, 0.0, 0.0, 0.0, 0.0, 0.0, 0.0, 0.0, 0.0, 0.0, 0.0, 0.0, 0.0, 0.0, 0.0, 0.0, 0.0, 0.0, 0.0, 0.0, 0.0, 0.0, 0.0, 0.0, 0.0, 0.0], [0.0, 0.0, 0.0, 0.0, 0.0, 0.0, 0.0, 0.0, 0.0, 0.0, 0.0, 0.0, 0.0, 0.0, 0.0, 0.0, 0.0, 0.0, 0.0, 0.0, 0.0, 0.0, 0.0, 0.0, 0.0, 0.0, 0.0, 0.0], [0.0, 0.0, 0.0, 0.0, 0.0, 0.0, 0.0, 0.0, 0.0, 0.0, 0.0, 0.0, 0.0, 0.0, 0.0, 0.0, 0.0, 0.0, 0.0, 0.0, 0.0, 0.0, 0.0, 0.0, 0.0, 0.0, 0.0, 0.0], [0.0, 0.0, 0.0, 0.0, 0.0, 0.0, 0.0, 0.0, 0.0, 0.0, 0.0, 0.0, 0.0, 0.0, 0.0, 0.0, 0.0, 0.0, 0.0, 0.0, 0.0, 0.0, 0.0, 0.0, 0.0, 0.0, 0.0, 0.0]], [[0.0, 0.0, 0.0, 0.0, 0.0, 0.0, 0.0, 0.0, 0.0, 0.0, 0.0, 0.0, 0.0, 0.0, 0.0, 0.0, 0.0, 0.0, 0.0, 0.0, 0.0, 0.0, 0.0, 0.0, 0.0, 0.0, 0.0, 0.0], [0.0, 0.0, 0.0, 0.0, 0.0, 0.0, 0.0, 0.0, 0.0, 0.0, 0.0, 0.0, 0.0, 0.0, 0.0, 0.0, 0.0, 0.0, 0.0, 0.0, 0.0, 0.0, 0.0, 0.0, 0.0, 0.0, 0.0, 0.0], [0.0, 0.0, 0.0, 0.0, 0.0, 0.0, 0.0, 0.0, 0.0, 0.0, 0.0, 0.0, 0.0, 0.0, 0.0, 0.0, 0.0, 0.0, 0.0, 0.0, 0.0, 0.0, 0.0, 0.0, 0.0, 0.0, 0.0, 0.0], [0.0, 0.0, 0.0, 0.0, 0.0, 0.0, 0.0, 0.0, 0.0, 0.0, 0.0, 0.0, 0.0, 0.0, 0.0, 0.0, 0.0, 0.0, 0.0, 0.0, 0.0, 0.0, 0.0, 0.0, 0.0, 0.0, 0.0, 0.0], [0.0, 0.0, 0.0, 0.0, 0.0, 0.0, 0.0, 0.0, 0.0, 0.0, 0.0, 0.0, 0.0, 0.0, 0.0, 0.0, 0.0, 0.0, 0.0, 0.0, 0.0, 0.0, 0.0, 0.0, 0.0, 0.0, 0.0, 0.0], [0.0, 0.0, 0.0, 0.0, 0.0, 0.0, 0.0, 0.0, 0.0, 0.0, 0.0, 0.0, 0.0, 0.0, 0.0, 0.0, 0.0, 0.0, 0.0, 0.0, 0.0, 0.0, 0.0, 0.0, 0.0, 0.0, 0.0, 0.0]], [[0.0, 0.0, 0.0, 0.0, 0.0, 0.0, 0.0, 0.0, 0.0, 0.0, 0.0, 0.0, 0.0, 0.0, 0.0, 0.0, 0.0, 0.0, 0.0, 0.0, 0.0, 0.0, 0.0, 0.0, 0.0, 0.0, 0.0, 0.0], [0.0, 0.0, 0.0, 0.0, 0.0, 0.0, 0.0, 0.0, 0.0, 0.0, 0.0, 0.0, 0.0, 0.0, 0.0, 0.0, 0.0, 0.0, 0.0, 0.0, 0.0, 0.0, 0.0, 0.0, 0.0, 0.0, 0.0, 0.0], [0.0, 0.0, 0.0, 0.0, 0.0, 0.0, 0.0, 0.0, 0.0, 0.0, 0.0, 0.0, 0.0, 0.0, 0.0, 0.0, 0.0, 0.0, 0.0, 0.0, 0.0, 0.0, 0.0, 0.0, 0.0, 0.0, 0.0, 0.0], [0.0, 0.0, 0.0, 0.0, 0.0, 0.0, 0.0, 0.0, 0.0, 0.0, 0.0, 0.0, 0.0, 0.0, 0.0, 0.0, 0.0, 0.0, 0.0, 0.0, 0.0, 0.0, 0.0, 0.0, 0.0, 0.0, 0.0, 0.0], [0.0, 0.0, 0.0, 0.0, 0.0, 0.0, 0.0, 0.0, 0.0, 0.0, 0.0, 0.0, 0.0, 0.0, 0.0, 0.0, 0.0, 0.0, 0.0, 0.0, 0.0, 0.0, 0.0, 0.0, 0.0, 0.0, 0.0, 0.0], [0.0, 0.0, 0.0, 0.0, 0.0, 0.0, 0.0, 0.0, 0.0, 0.0, 0.0, 0.0, 0.0, 0.0, 0.0, 0.0, 0.0, 0.0, 0.0, 0.0, 0.0, 0.0, 0.0, 0.0, 0.0, 0.0, 0.0, 0.0]], [[0.0, 0.0, 0.0, 0.0, 0.0, 0.0, 0.0, 0.0, 0.0, 0.0, 0.0, 0.0, 0.0, 0.0, 0.0, 0.0, 0.0, 0.0, 0.0, 0.0, 0.0, 0.0, 0.0, 0.0, 0.0, 0.0, 0.0, 0.0], [0.0, 0.0, 0.0, 0.0, 0.0, 0.0, 0.0, 0.0, 0.0, 0.0, 0.0, 0.0, 0.0, 0.0, 0.0, 0.0, 0.0, 0.0, 0.0, 0.0, 0.0, 0.0, 0.0, 0.0, 0.0, 0.0, 0.0, 0.0], [0.0, 0.0, 0.0, 0.0, 0.0, 0.0, 0.0, 0.0, 0.0, 0.0, 0.0, 0.0, 0.0, 0.0, 0.0, 0.0, 0.0, 0.0, 0.0, 0.0, 0.0, 0.0, 0.0, 0.0, 0.0, 0.0, 0.0, 0.0], [0.0, 0.0, 0.0, 0.0, 0.0, 0.0, 0.0, 0.0, 0.0, 0.0, 0.0, 0.0, 0.0, 0.0, 0.0, 0.0, 0.0, 0.0, 0.0, 0.0, 0.0, 0.0, 0.0, 0.0, 0.0, 0.0, 0.0, 0.0], [0.0, 0.0, 0.0, 0.0, 0.0, 0.0, 0.0, 0.0, 0.0, 0.0, 0.0, 0.0, 0.0, 0.0, 0.0, 0.0, 0.0, 0.0, 0.0, 0.0, 0.0, 0.0, 0.0, 0.0, 0.0, 0.0, 0.0, 0.0], [0.0, 0.0, 0.0, 0.0, 0.0, 0.0, 0.0, 0.0, 0.0, 0.0, 0.0, 0.0, 0.0, 0.0, 0.0, 0.0, 0.0, 0.0, 0.0, 0.0, 0.0, 0.0, 0.0, 0.0, 0.0, 0.0, 0.0, 0.0]], [[0.0, 0.0, 0.0, 0.0, 0.0, 0.0, 0.0, 0.0, 0.0, 0.0, 0.0, 0.0, 0.0, 0.0, 0.0, 0.0, 0.0, 0.0, 0.0, 0.0, 0.0, 0.0, 0.0, 0.0, 0.0, 0.0, 0.0, 0.0], [0.0, 0.0, 0.0, 0.0, 0.0, 0.0, 0.0, 0.0, 0.0, 0.0, 0.0, 0.0, 0.0, 0.0, 0.0, 0.0, 0.0, 0.0, 0.0, 0.0, 0.0, 0.0, 0.0, 0.0, 0.0, 0.0, 0.0, 0.0], [0.0, 0.0, 0.0, 0.0, 0.0, 0.0, 0.0, 0.0, 0.0, 0.0, 0.0, 0.0, 0.0, 0.0, 0.0, 0.0, 0.0, 0.0, 0.0, 0.0, 0.0, 0.0, 0.0, 0.0, 0.0, 0.0, 0.0, 0.0], [0.0, 0.0, 0.0, 0.0, 0.0, 0.0, 0.0, 0.0, 0.0, 0.0, 0.0, 0.0, 0.0, 0.0, 0.0, 0.0, 0.0, 0.0, 0.0, 0.0, 0.0, 0.0, 0.0, 0.0, 0.0, 0.0, 0.0, 0.0], [0.0, 0.0, 0.0, 0.0, 0.0, 0.0, 0.0, 0.0, 0.0, 0.0, 0.0, 0.0, 0.0, 0.0, 0.0, 0.0, 0.0, 0.0, 0.0, 0.0, 0.0, 0.0, 0.0, 0.0, 0.0, 0.0, 0.0, 0.0], [0.0, 0.0, 0.0, 0.0, 0.0, 0.0, 0.0, 0.0, 0.0, 0.0, 0.0, 0.0, 0.0, 0.0, 0.0, 0.0, 0.0, 0.0, 0.0, 0.0, 0.0, 0.0, 0.0, 0.0, 0.0, 0.0, 0.0, 0.0]], [[0.0, 0.0, 0.0, 0.0, 0.0, 0.0, 0.0, 0.0, 0.0, 0.0, 0.0, 0.0, 0.0, 0.0, 0.0, 0.0, 0.0, 0.0, 0.0, 0.0, 0.0, 0.0, 0.0, 0.0, 0.0, 0.0, 0.0, 0.0], [0.0, 0.0, 0.0, 0.0, 0.0, 0.0, 0.0, 0.0, 0.0, 0.0, 0.0, 0.0, 0.0, 0.0, 0.0, 0.0, 0.0, 0.0, 0.0, 0.0, 0.0, 0.0, 0.0, 0.0, 0.0, 0.0, 0.0, 0.0], [0.0, 0.0, 0.0, 0.0, 0.0, 0.0, 0.0, 0.0, 0.0, 0.0, 0.0, 0.0, 0.0, 0.0, 0.0, 0.0, 0.0, 0.0, 0.0, 0.0, 0.0, 0.0, 0.0, 0.0, 0.0, 0.0, 0.0, 0.0], [0.0, 0.0, 0.0, 0.0, 0.0, 0.0, 0.0, 0.0, 0.0, 0.0, 0.0, 0.0, 0.0, 0.0, 0.0, 0.0, 0.0, 0.0, 0.0, 0.0, 0.0, 0.0, 0.0, 0.0, 0.0, 0.0, 0.0, 0.0], [0.0, 0.0, 0.0, 0.0, 0.0, 0.0, 0.0, 0.0, 0.0, 0.0, 0.0, 0.0, 0.0, 0.0, 0.0, 0.0, 0.0, 0.0, 0.0, 0.0, 0.0, 0.0, 0.0, 0.0, 0.0, 0.0, 0.0, 0.0], [0.0, 0.0, 0.0, 0.0, 0.0, 0.0, 0.0, 0.0, 0.0, 0.0, 0.0, 0.0, 0.0, 0.0, 0.0, 0.0, 0.0, 0.0, 0.0, 0.0, 0.0, 0.0, 0.0, 0.0, 0.0, 0.0, 0.0, 0.0]], [[0.0, 0.0, 0.0, 0.0, 0.0, 0.0, 0.0, 0.0, 0.0, 0.0, 0.0, 0.0, 0.0, 0.0, 0.0, 0.0, 0.0, 0.0, 0.0, 0.0, 0.0, 0.0, 0.0, 0.0, 0.0, 0.0, 0.0, 0.0], [0.0, 0.0, 0.0, 0.0, 0.0, 0.0, 0.0, 0.0, 0.0, 0.0, 0.0, 0.0, 0.0, 0.0, 0.0, 0.0, 0.0, 0.0, 0.0, 0.0, 0.0, 0.0, 0.0, 0.0, 0.0, 0.0, 0.0, 0.0], [0.0, 0.0, 0.0, 0.0, 0.0, 0.0, 0.0, 0.0, 0.0, 0.0, 0.0, 0.0, 0.0, 0.0, 0.0, 0.0, 0.0, 0.0, 0.0, 0.0, 0.0, 0.0, 0.0, 0.0, 0.0, 0.0, 0.0, 0.0], [0.0, 0.0, 0.0, 0.0, 0.0, 0.0, 0.0, 0.0, 0.0, 0.0, 0.0, 0.0, 0.0, 0.0, 0.0, 0.0, 0.0, 0.0, 0.0, 0.0, 0.0, 0.0, 0.0, 0.0, 0.0, 0.0, 0.0, 0.0], [0.0, 0.0, 0.0, 0.0, 0.0, 0.0, 0.0, 0.0, 0.0, 0.0, 0.0, 0.0, 0.0, 0.0, 0.0, 0.0, 0.0, 0.0, 0.0, 0.0, 0.0, 0.0, 0.0, 0.0, 0.0, 0.0, 0.0, 0.0], [0.0, 0.0, 0.0, 0.0, 0.0, 0.0, 0.0, 0.0, 0.0, 0.0, 0.0, 0.0, 0.0, 0.0, 0.0, 0.0, 0.0, 0.0, 0.0, 0.0, 0.0, 0.0, 0.0, 0.0, 0.0, 0.0, 0.0, 0.0]]];
t = [[99999999.0, 6.886286614795062, 7.468591875192247, 6.97503066085112, 12.1702568776304, 11.374188085516364, 10.903626195051684, 14.834549083088532, 12.65301790874606, 8.058089422529038, 12.03727464989387, 14.766566008351038, 7.704820081714047, 14.012904892635692, 11.033655139466093, 14.575797677868474, 14.226012388423229, 12.827433837908975, 13.210331377883396, 13.004252785523226, 14.995129337746858, 5.993974809708906, 5.457279356242558, 14.981813350184549, 6.053591107859421, 8.03428403892599, 13.949854588769439, 11.073056181501544, 5.024707897743496, 12.880961847456783], [6.886286614795062, 99999999.0, 12.873617248669133, 10.510514269772665, 13.564414782111138, 13.553000253819071, 14.348138211244219, 13.406091955049499, 13.44514113044458, 5.620863639613453, 11.326755145923254, 8.110575167464116, 9.831356248014345, 12.409277021821874, 12.228952784954483, 13.708337656078534, 7.903818471586251, 14.431519345338087, 11.442496333205357, 5.61121004954644, 11.115874862153229, 8.587257034166424, 6.585655824171692, 13.948011781741167, 10.899290310415905, 8.913206530609981, 10.415957203135484, 14.62083181367495, 7.906753382229281, 10.103547805518453], [7.468591875192247, 12.873617248669133, 99999999.0, 6.11413339279741, 14.100196373115658, 9.119512669515188, 12.724190824878228, 11.762806872095595, 6.2570671382689955, 8.998732485803213, 14.543319745325721, 6.557904578183332, 5.249294874376028, 8.658367495856984, 14.16135256187798, 10.548372428224154, 11.914581534112646, 5.856537814728861, 14.54085947295811, 11.981155488054679, 10.918232125792647, 6.085905893592222, 5.174412112156196, 8.803028250083136, 11.447509709160947, 6.05127959852806, 11.148161954364683, 11.525805551452105, 5.491220643542903, 12.946086736833351], [6.97503066085112, 10.510514269772665, 6.11413339279741, 99999999.0, 12.395336431641221, 14.439010946261742, 9.740452582013804, 6.845517899828716, 11.538814458777491, 11.756049883817251, 10.304570293140506, 12.856358226312555, 14.23374056691933, 11.402657522354636, 10.096932842272327, 13.507131982041319, 5.996508896192907, 10.115930577912014, 8.328326197301879, 12.872255899312028, 12.014762329641128, 6.896562291422458, 5.406377391357981, 10.505204437458207, 12.074817717410005, 10.382671511552699, 12.868920966904565, 8.262094126179228, 6.505151858673699, 5.196365215039266], [12.1702568776304, 13.564414782111138, 14.100196373115658, 12.395336431641221, 99999999.0, 7.572996027799848, 5.9146968502493955, 10.542799338360762, 8.140967946790528, 5.042581388706627, 5.535408805707429, 12.258595451455587, 11.098013246923518, 7.928982514574539, 5.632181782524194, 13.240730312109164, 5.802117185747901, 9.965906960131502, 7.373939816689942, 10.516199180812656, 8.973288928624473, 9.937751556787276, 12.363939603112572, 8.678276956487638, 7.674746839902306, 9.512249835085772, 14.346836812215251, 9.757375571488641, 9.617962970574267, 5.796428132594473], [11.374188085516364, 13.553000253819071, 9.119512669515188, 14.439010946261742, 7.572996027799848, 99999999.0, 6.08428870441578, 8.622217898457265, 9.501399766062036, 14.844696487555717, 6.9046560718329095, 10.985874585628972, 7.03694186900967, 9.491614393771886, 10.782462331047581, 13.91563426350173, 13.456476396785078, 7.541555035690352, 14.955225984876726, 9.69251957068742, 11.978512439466328, 10.459903688798047, 10.208311688057215, 14.254566133985369, 8.730445165479665, 10.197088126597135, 10.39781364747478, 8.847580919761214, 12.91328898213792, 7.873622889462947], [10.903626195051684, 14.348138211244219, 12.724190824878228, 9.740452582013804, 5.9146968502493955, 6.08428870441578, 99999999.0, 10.747026580744993, 11.869437801459132, 7.592956822967853, 7.092727194733863, 11.570869261116648, 9.301747172903333, 7.38404415228305, 5.8567704344221845, 12.228730209178638, 14.31616939862145, 12.283422422985266, 12.14419803521559, 13.427586186239132, 10.643541460396476, 5.112083128974415, 11.571250672233752, 5.008320697698377, 10.419476829748161, 7.2970448800691825, 13.084307026013272, 12.736005521873716, 10.920929795880793, 8.046625788367258], [14.834549083088532, 13.406091955049499, 11.762806872095595, 6.845517899828716, 10.542799338360762, 8.622217898457265, 10.747026580744993, 99999999.0, 8.084918188729935, 10.06113735551328, 14.959956456003752, 14.983072349023692, 14.861763704934727, 13.148749655384501, 11.391305213405648, 12.950108775533566, 10.188635519102455, 13.296027909390146, 10.169545720893064, 9.763740256152625, 5.32311787014688, 5.66256548636484, 7.2442139829024175, 13.322007991982398, 7.107028531551059, 8.713197627835232, 12.35843421085941, 8.889461093268647, 8.846515934856072, 5.7047617309606355], [12.65301790874606, 13.44514113044458, 6.2570671382689955, 11.538814458777491, 8.140967946790528, 9.501399766062036, 11.869437801459132, 8.084918188729935, 99999999.0, 9.314842772508117, 14.32025600423413, 8.833690761322856, 7.336039274689943, 10.190709764258989, 13.4276601069735, 8.800502264449182, 10.592671382993798, 9.005776450092451, 9.408777929456075, 7.773505173949378, 12.013878805218571, 10.795594678104324, 6.317488591030833, 14.870004753344512, 11.840161698470263, 6.142721161986047, 12.829870315886595, 7.7299285413772845, 10.118918245748114, 10.36311497429226], [8.058089422529038, 5.620863639613453, 8.998732485803213, 11.756049883817251, 5.042581388706627, 14.844696487555717, 7.592956822967853, 10.06113735551328, 9.314842772508117, 99999999.0, 11.657648251477458, 5.185715578449907, 12.095626754782554, 12.626987488400811, 8.31169149305541, 5.488049155615629, 10.494920883219255, 13.255826184083007, 9.489311193456594, 11.416213167044935, 12.369800454724, 12.722622756294765, 9.296354199061414, 9.130878339939581, 5.718512737764344, 7.033619182410669, 9.153266557145464, 8.972197722840596, 10.755376439264637, 11.049388084216936], [12.03727464989387, 11.326755145923254, 14.543319745325721, 10.304570293140506, 5.535408805707429, 6.9046560718329095, 7.092727194733863, 14.959956456003752, 14.32025600423413, 11.657648251477458, 99999999.0, 6.110631493093455, 8.062347933176294, 13.581828385385444, 6.077124820470306, 10.086324752054361, 6.0302948760889095, 12.505369435857801, 14.680728742398589, 9.454724107565683, 14.303450135026551, 9.747640678412512, 8.408380417254168, 14.212673409254782, 14.039826058295644, 11.404738420728599, 14.62834776651947, 12.19792907261423, 13.36338620325999, 7.6198211570195715], [14.766566008351038, 8.110575167464116, 6.557904578183332, 12.856358226312555, 12.258595451455587, 10.985874585628972, 11.570869261116648, 14.983072349023692, 8.833690761322856, 5.185715578449907, 6.110631493093455, 99999999.0, 5.910009442117064, 5.923937803627793, 8.461950871727627, 11.098111317631354, 7.152913475546649, 6.2618780939703, 14.526765991381218, 14.69216939817458, 6.550469287174041, 12.32974539687709, 6.796289966025069, 10.726755980049049, 9.000964785847389, 10.34861571364949, 10.907658837419731, 6.188476283624148, 6.22585419055858, 8.649185342573782], [7.704820081714047, 9.831356248014345, 5.249294874376028, 14.23374056691933, 11.098013246923518, 7.03694186900967, 9.301747172903333, 14.861763704934727, 7.336039274689943, 12.095626754782554, 8.062347933176294, 5.910009442117064, 99999999.0, 12.497107537642169, 12.247839190558771, 6.347381748240415, 13.34765369734542, 13.617205981252473, 6.656318012752209, 14.559367853234411, 9.460512034182688, 8.108360729321404, 12.945618604766995, 10.919611689200396, 6.256341818904879, 14.063893980054033, 14.429443334970205, 6.498536772730264, 6.383164967588032, 11.59477266602518], [14.012904892635692, 12.409277021821874, 8.658367495856984, 11.402657522354636, 7.928982514574539, 9.491614393771886, 7.38404415228305, 13.148749655384501, 10.190709764258989, 12.626987488400811, 13.581828385385444, 5.923937803627793, 12.497107537642169, 99999999.0, 8.050948087806159, 5.574927860644311, 5.580339884639844, 6.5607331790125345, 6.397906499335997, 5.292585937259969, 6.63070426048458, 10.896247827123048, 12.594516596174206, 14.001366526460068, 7.804603900121817, 14.344669094416664, 7.348880589538024, 12.965832352277886, 7.87733651584369, 5.991474915830803], [11.033655139466093, 12.228952784954483, 14.16135256187798, 10.096932842272327, 5.632181782524194, 10.782462331047581, 5.8567704344221845, 11.391305213405648, 13.4276601069735, 8.31169149305541, 6.077124820470306, 8.461950871727627, 12.247839190558771, 8.050948087806159, 99999999.0, 11.202672480145106, 5.444495055903445, 14.713390407377984, 8.317698498784063, 9.076736864345444, 14.3952625172556, 12.644835585803333, 5.776625034411454, 9.006221950590973, 10.798685109894597, 10.063837308652595, 8.995629555151382, 5.549871786458674, 14.98217328311659, 9.315250778624579], [14.575797677868474, 13.708337656078534, 10.548372428224154, 13.507131982041319, 13.240730312109164, 13.91563426350173, 12.228730209178638, 12.950108775533566, 8.800502264449182, 5.488049155615629, 10.086324752054361, 11.098111317631354, 6.347381748240415, 5.574927860644311, 11.202672480145106, 99999999.0, 14.229195120344164, 10.022792108036182, 6.8825194890953405, 14.103262664263628, 6.026995770094414, 6.544732037320288, 10.08801293396155, 10.762059281389144, 6.3110689383740395, 12.985126862468942, 9.466534045882417, 5.251641139190124, 8.067081540627719, 6.055006031856784], [14.226012388423229, 7.903818471586251, 11.914581534112646, 5.996508896192907, 5.802117185747901, 13.456476396785078, 14.31616939862145, 10.188635519102455, 10.592671382993798, 10.494920883219255, 6.0302948760889095, 7.152913475546649, 13.34765369734542, 5.580339884639844, 5.444495055903445, 14.229195120344164, 99999999.0, 9.822623290177221, 8.740771747496801, 7.615287070657283, 11.969821142603045, 12.831364711403953, 10.247357053437588, 7.068660835471899, 6.173676983111834, 5.871712735750921, 6.304160904462042, 9.763429443555582, 11.549113383646088, 8.442598024553776], [12.827433837908975, 14.431519345338087, 5.856537814728861, 10.115930577912014, 9.965906960131502, 7.541555035690352, 12.283422422985266, 13.296027909390146, 9.005776450092451, 13.255826184083007, 12.505369435857801, 6.2618780939703, 13.617205981252473, 6.5607331790125345, 14.713390407377984, 10.022792108036182, 9.822623290177221, 99999999.0, 7.925892542041774, 8.844822694143227, 8.36435770921624, 7.653141172529942, 13.307323843357965, 9.48006605096543, 9.382622820797954, 9.292659267439658, 7.895839337986318, 14.332404190931692, 14.176349103400533, 5.647733761399541], [13.210331377883396, 11.442496333205357, 14.54085947295811, 8.328326197301879, 7.373939816689942, 14.955225984876726, 12.14419803521559, 10.169545720893064, 9.408777929456075, 9.489311193456594, 14.680728742398589, 14.526765991381218, 6.656318012752209, 6.397906499335997, 8.317698498784063, 6.8825194890953405, 8.740771747496801, 7.925892542041774, 99999999.0, 11.960940785726121, 13.80394911875116, 11.894884034299384, 14.656794915206197, 12.193742336525556, 14.005535803397454, 13.999535377349474, 6.5889141262566975, 11.776824143973675, 10.185548192850053, 13.258104552591227], [13.004252785523226, 5.61121004954644, 11.981155488054679, 12.872255899312028, 10.516199180812656, 9.69251957068742, 13.427586186239132, 9.763740256152625, 7.773505173949378, 11.416213167044935, 9.454724107565683, 14.69216939817458, 14.559367853234411, 5.292585937259969, 9.076736864345444, 14.103262664263628, 7.615287070657283, 8.844822694143227, 11.960940785726121, 99999999.0, 14.290639417617477, 14.943753964933874, 12.075840340106243, 10.549021591045333, 13.026313124927709, 13.309769693745212, 11.654838469026355, 5.628843307330136, 7.468150558026705, 13.089995377608455], [14.995129337746858, 11.115874862153229, 10.918232125792647, 12.014762329641128, 8.973288928624473, 11.978512439466328, 10.643541460396476, 5.32311787014688, 12.013878805218571, 12.369800454724, 14.303450135026551, 6.550469287174041, 9.460512034182688, 6.63070426048458, 14.3952625172556, 6.026995770094414, 11.969821142603045, 8.36435770921624, 13.80394911875116, 14.290639417617477, 99999999.0, 6.5962713677710205, 11.357849072247763, 10.298968525634576, 11.634666251481807, 10.368383913775325, 14.492693756163082, 14.987748826156789, 11.223060213528228, 5.149145154378982], [5.993974809708906, 8.587257034166424, 6.085905893592222, 6.896562291422458, 9.937751556787276, 10.459903688798047, 5.112083128974415, 5.66256548636484, 10.795594678104324, 12.722622756294765, 9.747640678412512, 12.32974539687709, 8.108360729321404, 10.896247827123048, 12.644835585803333, 6.544732037320288, 12.831364711403953, 7.653141172529942, 11.894884034299384, 14.943753964933874, 6.5962713677710205, 99999999.0, 7.759241158063551, 12.409050590913196, 12.329930027181014, 14.03024143538924, 7.262074269906034, 8.355572995817848, 14.672200635572391, 11.354717537486659], [5.457279356242558, 6.585655824171692, 5.174412112156196, 5.406377391357981, 12.363939603112572, 10.208311688057215, 11.571250672233752, 7.2442139829024175, 6.317488591030833, 9.296354199061414, 8.408380417254168, 6.796289966025069, 12.945618604766995, 12.594516596174206, 5.776625034411454, 10.08801293396155, 10.247357053437588, 13.307323843357965, 14.656794915206197, 12.075840340106243, 11.357849072247763, 7.759241158063551, 99999999.0, 5.442664826047949, 8.460805298573028, 11.745228487097883, 6.856231352016017, 13.048460605567815, 5.46171926865701, 6.970180050768499], [14.981813350184549, 13.948011781741167, 8.803028250083136, 10.505204437458207, 8.678276956487638, 14.254566133985369, 5.008320697698377, 13.322007991982398, 14.870004753344512, 9.130878339939581, 14.212673409254782, 10.726755980049049, 10.919611689200396, 14.001366526460068, 9.006221950590973, 10.762059281389144, 7.068660835471899, 9.48006605096543, 12.193742336525556, 10.549021591045333, 10.298968525634576, 12.409050590913196, 5.442664826047949, 99999999.0, 12.412218604458714, 11.76338579997226, 13.80039638008647, 9.511500073694421, 8.886118031348214, 12.54731685547051], [6.053591107859421, 10.899290310415905, 11.447509709160947, 12.074817717410005, 7.674746839902306, 8.730445165479665, 10.419476829748161, 7.107028531551059, 11.840161698470263, 5.718512737764344, 14.039826058295644, 9.000964785847389, 6.256341818904879, 7.804603900121817, 10.798685109894597, 6.3110689383740395, 6.173676983111834, 9.382622820797954, 14.005535803397454, 13.026313124927709, 11.634666251481807, 12.329930027181014, 8.460805298573028, 12.412218604458714, 99999999.0, 7.907130329796556, 11.471936111478215, 10.750779528064594, 9.463648146401013, 12.00215302878334], [8.03428403892599, 8.913206530609981, 6.05127959852806, 10.382671511552699, 9.512249835085772, 10.197088126597135, 7.2970448800691825, 8.713197627835232, 6.142721161986047, 7.033619182410669, 11.404738420728599, 10.34861571364949, 14.063893980054033, 14.344669094416664, 10.063837308652595, 12.985126862468942, 5.871712735750921, 9.292659267439658, 13.999535377349474, 13.309769693745212, 10.368383913775325, 14.03024143538924, 11.745228487097883, 11.76338579997226, 7.907130329796556, 99999999.0, 8.985923230056642, 12.348194954348354, 8.779151531582874, 8.940845762723482], [13.949854588769439, 10.415957203135484, 11.148161954364683, 12.868920966904565, 14.346836812215251, 10.39781364747478, 13.084307026013272, 12.35843421085941, 12.829870315886595, 9.153266557145464, 14.62834776651947, 10.907658837419731, 14.429443334970205, 7.348880589538024, 8.995629555151382, 9.466534045882417, 6.304160904462042, 7.895839337986318, 6.5889141262566975, 11.654838469026355, 14.492693756163082, 7.262074269906034, 6.856231352016017, 13.80039638008647, 11.471936111478215, 8.985923230056642, 99999999.0, 13.788452756351639, 12.957777043662542, 13.276080671082365], [11.073056181501544, 14.62083181367495, 11.525805551452105, 8.262094126179228, 9.757375571488641, 8.847580919761214, 12.736005521873716, 8.889461093268647, 7.7299285413772845, 8.972197722840596, 12.19792907261423, 6.188476283624148, 6.498536772730264, 12.965832352277886, 5.549871786458674, 5.251641139190124, 9.763429443555582, 14.332404190931692, 11.776824143973675, 5.628843307330136, 14.987748826156789, 8.355572995817848, 13.048460605567815, 9.511500073694421, 10.750779528064594, 12.348194954348354, 13.788452756351639, 99999999.0, 5.181925070375547, 11.683614043740112], [5.024707897743496, 7.906753382229281, 5.491220643542903, 6.505151858673699, 9.617962970574267, 12.91328898213792, 10.920929795880793, 8.846515934856072, 10.118918245748114, 10.755376439264637, 13.36338620325999, 6.22585419055858, 6.383164967588032, 7.87733651584369, 14.98217328311659, 8.067081540627719, 11.549113383646088, 14.176349103400533, 10.185548192850053, 7.468150558026705, 11.223060213528228, 14.672200635572391, 5.46171926865701, 8.886118031348214, 9.463648146401013, 8.779151531582874, 12.957777043662542, 5.181925070375547, 99999999.0, 13.79790096671048], [12.880961847456783, 10.103547805518453, 12.946086736833351, 5.196365215039266, 5.796428132594473, 7.873622889462947, 8.046625788367258, 5.7047617309606355, 10.36311497429226, 11.049388084216936, 7.6198211570195715, 8.649185342573782, 11.59477266602518, 5.991474915830803, 9.315250778624579, 6.055006031856784, 8.442598024553776, 5.647733761399541, 13.258104552591227, 13.089995377608455, 5.149145154378982, 11.354717537486659, 6.970180050768499, 12.54731685547051, 12.00215302878334, 8.940845762723482, 13.276080671082365, 11.683614043740112, 13.79790096671048, 99999999.0]];
