M = 99999999.0;
numWorkers = 25;
numRoles = 6;
numNodes = 30;
wStart = [0, 42.728374326173586, 18.69476688321557, 55.33567263855066, 12.585224416070766, 4.823566650988471, 49.07060985550318, 5.795651142288548, 30.107980794893145, 17.628245578193322, 44.12471388498212, 52.02263579697918, 1.6351254977722753, 45.80866382431052, 57.31711862552749, 19.443831442706895, 28.804107827458093, 22.21327165556551, 16.204338883355465, 48.678717829449255, 52.26270215964067, 44.130237684214, 23.163860297851127, 50.71839613132161, 19.208441339301242, 32.14136454510145, 16.55964539099373, 22.569906366426082, 40.45549366707566, 0];
wEnd = [0, 71.42357824438402, 53.54297347794311, 89.33091326636405, 38.106388580372965, 37.2940884552906, 79.57191025355831, 35.4859205309196, 58.95884465812144, 52.82918408802691, 71.56250351910751, 78.56715261578587, 28.28398098612894, 79.14901521731068, 86.22802654363875, 52.23724030731664, 64.2544055264171, 60.588238482681064, 54.88108491746229, 81.11480264391469, 86.34369656908814, 78.39257455205527, 59.189044163025486, 77.68810137596239, 47.41070089244646, 57.881158859353825, 45.18333391682002, 52.094033396652165, 72.91097441577134, 90];
p = [0, 14.030124509112891, 11.64815735465817, 13.750288862620328, 12.568085489563835, 16.03796405933702, 19.18117305803148, 11.422331677105241, 10.020520919959544, 16.92864842123756, 16.34628526507598, 9.472233609594793, 15.49277467654379, 11.860587140285698, 12.512644136851566, 19.305671704690987, 16.25449915053125, 22.355761104435246, 9.78178244022169, 18.963507503829494, 20.377748903710064, 19.486882533901664, 14.578339239502045, 10.647444374557296, 12.204151448364641, 14.329735299197216, 7.265126016967753, 11.827292801591284, 17.106427164438447, 0];
e = [[0, 1, 0, 0, 1, 0], [1, 1, 0, 0, 0, 0], [0, 1, 0, 0, 0, 0], [0, 1, 0, 0, 1, 1], [0, 1, 0, 0, 0, 0], [1, 0, 0, 1, 0, 0], [0, 1, 0, 1, 0, 0], [0, 1, 0, 0, 0, 0], [0, 1, 0, 0, 0, 1], [0, 1, 1, 0, 0, 0], [1, 1, 0, 0, 0, 0], [0, 1, 0, 1, 0, 0], [1, 0, 0, 0, 0, 1], [0, 1, 0, 1, 0, 0], [0, 1, 0, 0, 1, 0], [1, 1, 0, 0, 0, 0], [0, 1, 0, 0, 0, 0], [0, 1, 0, 0, 0, 1], [1, 0, 0, 1, 0, 0], [0, 0, 0, 1, 0, 1], [1, 1, 0, 0, 0, 0], [1, 0, 1, 0, 0, 0], [1, 1, 0, 0, 0, 0], [1, 1, 0, 0, 0, 0], [0, 1, 0, 0, 0, 0]];
d = [[0, 0, 2, 1, 1, 1, 1, 0, 0, 2, 1, 2, 1, 1, 1, 0, 0, 1, 0, 1, 3, 0, 2, 0, 0, 1, 0, 0], [2, 1, 0, 0, 0, 1, 0, 2, 0, 1, 2, 0, 2, 0, 1, 0, 1, 0, 1, 0, 0, 2, 0, 1, 1, 0, 3, 0], [0, 0, 0, 0, 0, 1, 0, 1, 0, 0, 1, 0, 1, 1, 0, 2, 0, 1, 2, 2, 1, 1, 0, 1, 1, 2, 0, 2], [0, 1, 2, 2, 0, 0, 0, 2, 2, 2, 1, 1, 0, 2, 2, 2, 3, 0, 2, 2, 1, 2, 2, 1, 1, 1, 1, 0], [2, 1, 0, 0, 0, 0, 2, 2, 1, 1, 1, 0, 2, 2, 3, 2, 1, 2, 2, 0, 0, 0, 1, 0, 1, 1, 0, 0], [0, 1, 2, 1, 4, 1, 2, 1, 0, 2, 2, 1, 1, 0, 0, 1, 1, 0, 0, 0, 3, 1, 1, 2, 1, 0, 2, 2]];
r = [2262.668731912008, 1156.0980265447129, 1102.6414204189348, 1104.465681464429, 1333.563477883144, 1657.2411555243466, 1861.978798838225, 1452.3937857146077, 2584.6455987686736, 1217.6151686530918, 1404.8414092595492, 2018.554354711863, 628.8018272156731, 1801.601638512836, 3296.7616867994457, 1651.6366282444715, 3494.8214432041846, 1956.2900566898238, 2360.804104054175, 2416.0506875373585, 2705.6469876691867, 1479.2282283924078, 918.2485321491849, 786.4404106918772, 1564.8242512901104, 1083.2902062278833, 2261.5960080344903, 2827.0803626792176];
b = [[[0.0, 0.0, 0.0, 0.0, 0.0, 0.0, 0.0, 0.0, 0.0, 0.0, 0.0, 0.0, 0.0, 0.0, 0.0, 0.0, 0.0, 0.0, 0.0, 0.0, 0.0, 0.0, 0.0, 0.0, 0.0, 0.0, 0.0, 0.0], [0.0, 0.0, 0.0, 0.0, 0.0, 0.0, 0.0, 0.0, 0.0, 0.0, 0.0, 0.0, 0.0, 0.0, 0.0, 0.0, 0.0, 0.0, 0.0, 0.0, 0.0, 0.0, 0.0, 0.0, 0.0, 0.0, 0.0, 0.0], [0.0, 0.0, 0.0, 0.0, 0.0, 0.0, 0.0, 0.0, 0.0, 0.0, 0.0, 0.0, 0.0, 0.0, 0.0, 0.0, 0.0, 0.0, 0.0, 0.0, 0.0, 0.0, 0.0, 0.0, 0.0, 0.0, 0.0, 0.0], [0.0, 0.0, 0.0, 0.0, 0.0, 0.0, 0.0, 0.0, 0.0, 0.0, 0.0, 0.0, 0.0, 0.0, 0.0, 0.0, 0.0, 0.0, 0.0, 0.0, 0.0, 0.0, 0.0, 0.0, 0.0, 0.0, 0.0, 0.0], [0.0, 0.0, 0.0, 0.0, 0.0, 0.0, 0.0, 0.0, 0.0, 0.0, 0.0, 0.0, 0.0, 0.0, 0.0, 0.0, 0.0, 0.0, 0.0, 0.0, 0.0, 0.0, 0.0, 0.0, 0.0, 0.0, 0.0, 0.0], [0.0, 0.0, 0.0, 0.0, 0.0, 0.0, 0.0, 0.0, 0.0, 0.0, 0.0, 0.0, 0.0, 0.0, 0.0, 0.0, 0.0, 0.0, 0.0, 0.0, 0.0, 0.0, 0.0, 0.0, 0.0, 0.0, 0.0, 0.0]], [[0.0, 0.0, 0.0, 0.0, 0.0, 0.0, 0.0, 0.0, 0.0, 0.0, 0.0, 0.0, 0.0, 0.0, 0.0, 0.0, 0.0, 0.0, 0.0, 0.0, 0.0, 0.0, 0.0, 0.0, 0.0, 0.0, 0.0, 0.0], [0.0, 0.0, 0.0, 0.0, 0.0, 0.0, 0.0, 0.0, 0.0, 0.0, 0.0, 0.0, 0.0, 0.0, 0.0, 0.0, 0.0, 0.0, 0.0, 0.0, 0.0, 0.0, 0.0, 0.0, 0.0, 0.0, 0.0, 0.0], [0.0, 0.0, 0.0, 0.0, 0.0, 0.0, 0.0, 0.0, 0.0, 0.0, 0.0, 0.0, 0.0, 0.0, 0.0, 0.0, 0.0, 0.0, 0.0, 0.0, 0.0, 0.0, 0.0, 0.0, 0.0, 0.0, 0.0, 0.0], [0.0, 0.0, 0.0, 0.0, 0.0, 0.0, 0.0, 0.0, 0.0, 0.0, 0.0, 0.0, 0.0, 0.0, 0.0, 0.0, 0.0, 0.0, 0.0, 0.0, 0.0, 0.0, 0.0, 0.0, 0.0, 0.0, 0.0, 0.0], [0.0, 0.0, 0.0, 0.0, 0.0, 0.0, 0.0, 0.0, 0.0, 0.0, 0.0, 0.0, 0.0, 0.0, 0.0, 0.0, 0.0, 0.0, 0.0, 0.0, 0.0, 0.0, 0.0, 0.0, 0.0, 0.0, 0.0, 0.0], [0.0, 0.0, 0.0, 0.0, 0.0, 0.0, 0.0, 0.0, 0.0, 0.0, 0.0, 0.0, 0.0, 0.0, 0.0, 0.0, 0.0, 0.0, 0.0, 0.0, 0.0, 0.0, 0.0, 0.0, 0.0, 0.0, 0.0, 0.0]], [[0.0, 0.0, 0.0, 0.0, 0.0, 0.0, 0.0, 0.0, 0.0, 0.0, 0.0, 0.0, 0.0, 0.0, 0.0, 0.0, 0.0, 0.0, 0.0, 0.0, 0.0, 0.0, 0.0, 0.0, 0.0, 0.0, 0.0, 0.0], [0.0, 0.0, 0.0, 0.0, 0.0, 0.0, 0.0, 0.0, 0.0, 0.0, 0.0, 0.0, 0.0, 0.0, 0.0, 0.0, 0.0, 0.0, 0.0, 0.0, 0.0, 0.0, 0.0, 0.0, 0.0, 0.0, 0.0, 0.0], [0.0, 0.0, 0.0, 0.0, 0.0, 0.0, 0.0, 0.0, 0.0, 0.0, 0.0, 0.0, 0.0, 0.0, 0.0, 0.0, 0.0, 0.0, 0.0, 0.0, 0.0, 0.0, 0.0, 0.0, 0.0, 0.0, 0.0, 0.0], [0.0, 0.0, 0.0, 0.0, 0.0, 0.0, 0.0, 0.0, 0.0, 0.0, 0.0, 0.0, 0.0, 0.0, 0.0, 0.0, 0.0, 0.0, 0.0, 0.0, 0.0, 0.0, 0.0, 0.0, 0.0, 0.0, 0.0, 0.0], [0.0, 0.0, 0.0, 0.0, 0.0, 0.0, 0.0, 0.0, 0.0, 0.0, 0.0, 0.0, 0.0, 0.0, 0.0, 0.0, 0.0, 0.0, 0.0, 0.0, 0.0, 0.0, 0.0, 0.0, 0.0, 0.0, 0.0, 0.0], [0.0, 0.0, 0.0, 0.0, 0.0, 0.0, 0.0, 0.0, 0.0, 0.0, 0.0, 0.0, 0.0, 0.0, 0.0, 0.0, 0.0, 0.0, 0.0, 0.0, 0.0, 0.0, 0.0, 0.0, 0.0, 0.0, 0.0, 0.0]], [[0.0, 0.0, 0.0, 0.0, 0.0, 0.0, 0.0, 0.0, 0.0, 0.0, 0.0, 0.0, 0.0, 0.0, 0.0, 0.0, 0.0, 0.0, 0.0, 0.0, 0.0, 0.0, 0.0, 0.0, 0.0, 0.0, 0.0, 0.0], [0.0, 0.0, 0.0, 0.0, 0.0, 0.0, 0.0, 0.0, 0.0, 0.0, 0.0, 0.0, 0.0, 0.0, 0.0, 0.0, 0.0, 0.0, 0.0, 0.0, 0.0, 0.0, 0.0, 0.0, 0.0, 0.0, 0.0, 0.0], [0.0, 0.0, 0.0, 0.0, 0.0, 0.0, 0.0, 0.0, 0.0, 0.0, 0.0, 0.0, 0.0, 0.0, 0.0, 0.0, 0.0, 0.0, 0.0, 0.0, 0.0, 0.0, 0.0, 0.0, 0.0, 0.0, 0.0, 0.0], [0.0, 0.0, 0.0, 0.0, 0.0, 0.0, 0.0, 0.0, 0.0, 0.0, 0.0, 0.0, 0.0, 0.0, 0.0, 0.0, 0.0, 0.0, 0.0, 0.0, 0.0, 0.0, 0.0, 0.0, 0.0, 0.0, 0.0, 0.0], [0.0, 0.0, 0.0, 0.0, 0.0, 0.0, 0.0, 0.0, 0.0, 0.0, 0.0, 0.0, 0.0, 0.0, 0.0, 0.0, 0.0, 0.0, 0.0, 0.0, 0.0, 0.0, 0.0, 0.0, 0.0, 0.0, 0.0, 0.0], [0.0, 0.0, 0.0, 0.0, 0.0, 0.0, 0.0, 0.0, 0.0, 0.0, 0.0, 0.0, 0.0, 0.0, 0.0, 0.0, 0.0, 0.0, 0.0, 0.0, 0.0, 0.0, 0.0, 0.0, 0.0, 0.0, 0.0, 0.0]], [[0.0, 0.0, 0.0, 0.0, 0.0, 0.0, 0.0, 0.0, 0.0, 0.0, 0.0, 0.0, 0.0, 0.0, 0.0, 0.0, 0.0, 0.0, 0.0, 0.0, 0.0, 0.0, 0.0, 0.0, 0.0, 0.0, 0.0, 0.0], [0.0, 0.0, 0.0, 0.0, 0.0, 0.0, 0.0, 0.0, 0.0, 0.0, 0.0, 0.0, 0.0, 0.0, 0.0, 0.0, 0.0, 0.0, 0.0, 0.0, 0.0, 0.0, 0.0, 0.0, 0.0, 0.0, 0.0, 0.0], [0.0, 0.0, 0.0, 0.0, 0.0, 0.0, 0.0, 0.0, 0.0, 0.0, 0.0, 0.0, 0.0, 0.0, 0.0, 0.0, 0.0, 0.0, 0.0, 0.0, 0.0, 0.0, 0.0, 0.0, 0.0, 0.0, 0.0, 0.0], [0.0, 0.0, 0.0, 0.0, 0.0, 0.0, 0.0, 0.0, 0.0, 0.0, 0.0, 0.0, 0.0, 0.0, 0.0, 0.0, 0.0, 0.0, 0.0, 0.0, 0.0, 0.0, 0.0, 0.0, 0.0, 0.0, 0.0, 0.0], [0.0, 0.0, 0.0, 0.0, 0.0, 0.0, 0.0, 0.0, 0.0, 0.0, 0.0, 0.0, 0.0, 0.0, 0.0, 0.0, 0.0, 0.0, 0.0, 0.0, 0.0, 0.0, 0.0, 0.0, 0.0, 0.0, 0.0, 0.0], [0.0, 0.0, 0.0, 0.0, 0.0, 0.0, 0.0, 0.0, 0.0, 0.0, 0.0, 0.0, 0.0, 0.0, 0.0, 0.0, 0.0, 0.0, 0.0, 0.0, 0.0, 0.0, 0.0, 0.0, 0.0, 0.0, 0.0, 0.0]], [[0.0, 0.0, 0.0, 0.0, 0.0, 0.0, 0.0, 0.0, 0.0, 0.0, 0.0, 0.0, 0.0, 0.0, 0.0, 0.0, 0.0, 0.0, 0.0, 0.0, 0.0, 0.0, 0.0, 0.0, 0.0, 0.0, 0.0, 0.0], [0.0, 0.0, 0.0, 0.0, 0.0, 0.0, 0.0, 0.0, 0.0, 0.0, 0.0, 0.0, 0.0, 0.0, 0.0, 0.0, 0.0, 0.0, 0.0, 0.0, 0.0, 0.0, 0.0, 0.0, 0.0, 0.0, 0.0, 0.0], [0.0, 0.0, 0.0, 0.0, 0.0, 0.0, 0.0, 0.0, 0.0, 0.0, 0.0, 0.0, 0.0, 0.0, 0.0, 0.0, 0.0, 0.0, 0.0, 0.0, 0.0, 0.0, 0.0, 0.0, 0.0, 0.0, 0.0, 0.0], [0.0, 0.0, 0.0, 0.0, 0.0, 0.0, 0.0, 0.0, 0.0, 0.0, 0.0, 0.0, 0.0, 0.0, 0.0, 0.0, 0.0, 0.0, 0.0, 0.0, 0.0, 0.0, 0.0, 0.0, 0.0, 0.0, 0.0, 0.0], [0.0, 0.0, 0.0, 0.0, 0.0, 0.0, 0.0, 0.0, 0.0, 0.0, 0.0, 0.0, 0.0, 0.0, 0.0, 0.0, 0.0, 0.0, 0.0, 0.0, 0.0, 0.0, 0.0, 0.0, 0.0, 0.0, 0.0, 0.0], [0.0, 0.0, 0.0, 0.0, 0.0, 0.0, 0.0, 0.0, 0.0, 0.0, 0.0, 0.0, 0.0, 0.0, 0.0, 0.0, 0.0, 0.0, 0.0, 0.0, 0.0, 0.0, 0.0, 0.0, 0.0, 0.0, 0.0, 0.0]], [[0.0, 0.0, 0.0, 0.0, 0.0, 0.0, 0.0, 0.0, 0.0, 0.0, 0.0, 0.0, 0.0, 0.0, 0.0, 0.0, 0.0, 0.0, 0.0, 0.0, 0.0, 0.0, 0.0, 0.0, 0.0, 0.0, 0.0, 0.0], [0.0, 0.0, 0.0, 0.0, 0.0, 0.0, 0.0, 0.0, 0.0, 0.0, 0.0, 0.0, 0.0, 0.0, 0.0, 0.0, 0.0, 0.0, 0.0, 0.0, 0.0, 0.0, 0.0, 0.0, 0.0, 0.0, 0.0, 0.0], [0.0, 0.0, 0.0, 0.0, 0.0, 0.0, 0.0, 0.0, 0.0, 0.0, 0.0, 0.0, 0.0, 0.0, 0.0, 0.0, 0.0, 0.0, 0.0, 0.0, 0.0, 0.0, 0.0, 0.0, 0.0, 0.0, 0.0, 0.0], [0.0, 0.0, 0.0, 0.0, 0.0, 0.0, 0.0, 0.0, 0.0, 0.0, 0.0, 0.0, 0.0, 0.0, 0.0, 0.0, 0.0, 0.0, 0.0, 0.0, 0.0, 0.0, 0.0, 0.0, 0.0, 0.0, 0.0, 0.0], [0.0, 0.0, 0.0, 0.0, 0.0, 0.0, 0.0, 0.0, 0.0, 0.0, 0.0, 0.0, 0.0, 0.0, 0.0, 0.0, 0.0, 0.0, 0.0, 0.0, 0.0, 0.0, 0.0, 0.0, 0.0, 0.0, 0.0, 0.0], [0.0, 0.0, 0.0, 0.0, 0.0, 0.0, 0.0, 0.0, 0.0, 0.0, 0.0, 0.0, 0.0, 0.0, 0.0, 0.0, 0.0, 0.0, 0.0, 0.0, 0.0, 0.0, 0.0, 0.0, 0.0, 0.0, 0.0, 0.0]], [[0.0, 0.0, 0.0, 0.0, 0.0, 0.0, 0.0, 0.0, 0.0, 0.0, 0.0, 0.0, 0.0, 0.0, 0.0, 0.0, 0.0, 0.0, 0.0, 0.0, 0.0, 0.0, 0.0, 0.0, 0.0, 0.0, 0.0, 0.0], [0.0, 0.0, 0.0, 0.0, 0.0, 0.0, 0.0, 0.0, 0.0, 0.0, 0.0, 0.0, 0.0, 0.0, 0.0, 0.0, 0.0, 0.0, 0.0, 0.0, 0.0, 0.0, 0.0, 0.0, 0.0, 0.0, 0.0, 0.0], [0.0, 0.0, 0.0, 0.0, 0.0, 0.0, 0.0, 0.0, 0.0, 0.0, 0.0, 0.0, 0.0, 0.0, 0.0, 0.0, 0.0, 0.0, 0.0, 0.0, 0.0, 0.0, 0.0, 0.0, 0.0, 0.0, 0.0, 0.0], [0.0, 0.0, 0.0, 0.0, 0.0, 0.0, 0.0, 0.0, 0.0, 0.0, 0.0, 0.0, 0.0, 0.0, 0.0, 0.0, 0.0, 0.0, 0.0, 0.0, 0.0, 0.0, 0.0, 0.0, 0.0, 0.0, 0.0, 0.0], [0.0, 0.0, 0.0, 0.0, 0.0, 0.0, 0.0, 0.0, 0.0, 0.0, 0.0, 0.0, 0.0, 0.0, 0.0, 0.0, 0.0, 0.0, 0.0, 0.0, 0.0, 0.0, 0.0, 0.0, 0.0, 0.0, 0.0, 0.0], [0.0, 0.0, 0.0, 0.0, 0.0, 0.0, 0.0, 0.0, 0.0, 0.0, 0.0, 0.0, 0.0, 0.0, 0.0, 0.0, 0.0, 0.0, 0.0, 0.0, 0.0, 0.0, 0.0, 0.0, 0.0, 0.0, 0.0, 0.0]], [[0.0, 0.0, 0.0, 0.0, 0.0, 0.0, 0.0, 0.0, 0.0, 0.0, 0.0, 0.0, 0.0, 0.0, 0.0, 0.0, 0.0, 0.0, 0.0, 0.0, 0.0, 0.0, 0.0, 0.0, 0.0, 0.0, 0.0, 0.0], [0.0, 0.0, 0.0, 0.0, 0.0, 0.0, 0.0, 0.0, 0.0, 0.0, 0.0, 0.0, 0.0, 0.0, 0.0, 0.0, 0.0, 0.0, 0.0, 0.0, 0.0, 0.0, 0.0, 0.0, 0.0, 0.0, 0.0, 0.0], [0.0, 0.0, 0.0, 0.0, 0.0, 0.0, 0.0, 0.0, 0.0, 0.0, 0.0, 0.0, 0.0, 0.0, 0.0, 0.0, 0.0, 0.0, 0.0, 0.0, 0.0, 0.0, 0.0, 0.0, 0.0, 0.0, 0.0, 0.0], [0.0, 0.0, 0.0, 0.0, 0.0, 0.0, 0.0, 0.0, 0.0, 0.0, 0.0, 0.0, 0.0, 0.0, 0.0, 0.0, 0.0, 0.0, 0.0, 0.0, 0.0, 0.0, 0.0, 0.0, 0.0, 0.0, 0.0, 0.0], [0.0, 0.0, 0.0, 0.0, 0.0, 0.0, 0.0, 0.0, 0.0, 0.0, 0.0, 0.0, 0.0, 0.0, 0.0, 0.0, 0.0, 0.0, 0.0, 0.0, 0.0, 0.0, 0.0, 0.0, 0.0, 0.0, 0.0, 0.0], [0.0, 0.0, 0.0, 0.0, 0.0, 0.0, 0.0, 0.0, 0.0, 0.0, 0.0, 0.0, 0.0, 0.0, 0.0, 0.0, 0.0, 0.0, 0.0, 0.0, 0.0, 0.0, 0.0, 0.0, 0.0, 0.0, 0.0, 0.0]], [[0.0, 0.0, 0.0, 0.0, 0.0, 0.0, 0.0, 0.0, 0.0, 0.0, 0.0, 0.0, 0.0, 0.0, 0.0, 0.0, 0.0, 0.0, 0.0, 0.0, 0.0, 0.0, 0.0, 0.0, 0.0, 0.0, 0.0, 0.0], [0.0, 0.0, 0.0, 0.0, 0.0, 0.0, 0.0, 0.0, 0.0, 0.0, 0.0, 0.0, 0.0, 0.0, 0.0, 0.0, 0.0, 0.0, 0.0, 0.0, 0.0, 0.0, 0.0, 0.0, 0.0, 0.0, 0.0, 0.0], [0.0, 0.0, 0.0, 0.0, 0.0, 0.0, 0.0, 0.0, 0.0, 0.0, 0.0, 0.0, 0.0, 0.0, 0.0, 0.0, 0.0, 0.0, 0.0, 0.0, 0.0, 0.0, 0.0, 0.0, 0.0, 0.0, 0.0, 0.0], [0.0, 0.0, 0.0, 0.0, 0.0, 0.0, 0.0, 0.0, 0.0, 0.0, 0.0, 0.0, 0.0, 0.0, 0.0, 0.0, 0.0, 0.0, 0.0, 0.0, 0.0, 0.0, 0.0, 0.0, 0.0, 0.0, 0.0, 0.0], [0.0, 0.0, 0.0, 0.0, 0.0, 0.0, 0.0, 0.0, 0.0, 0.0, 0.0, 0.0, 0.0, 0.0, 0.0, 0.0, 0.0, 0.0, 0.0, 0.0, 0.0, 0.0, 0.0, 0.0, 0.0, 0.0, 0.0, 0.0], [0.0, 0.0, 0.0, 0.0, 0.0, 0.0, 0.0, 0.0, 0.0, 0.0, 0.0, 0.0, 0.0, 0.0, 0.0, 0.0, 0.0, 0.0, 0.0, 0.0, 0.0, 0.0, 0.0, 0.0, 0.0, 0.0, 0.0, 0.0]], [[0.0, 0.0, 0.0, 0.0, 0.0, 0.0, 0.0, 0.0, 0.0, 0.0, 0.0, 0.0, 0.0, 0.0, 0.0, 0.0, 0.0, 0.0, 0.0, 0.0, 0.0, 0.0, 0.0, 0.0, 0.0, 0.0, 0.0, 0.0], [0.0, 0.0, 0.0, 0.0, 0.0, 0.0, 0.0, 0.0, 0.0, 0.0, 0.0, 0.0, 0.0, 0.0, 0.0, 0.0, 0.0, 0.0, 0.0, 0.0, 0.0, 0.0, 0.0, 0.0, 0.0, 0.0, 0.0, 0.0], [0.0, 0.0, 0.0, 0.0, 0.0, 0.0, 0.0, 0.0, 0.0, 0.0, 0.0, 0.0, 0.0, 0.0, 0.0, 0.0, 0.0, 0.0, 0.0, 0.0, 0.0, 0.0, 0.0, 0.0, 0.0, 0.0, 0.0, 0.0], [0.0, 0.0, 0.0, 0.0, 0.0, 0.0, 0.0, 0.0, 0.0, 0.0, 0.0, 0.0, 0.0, 0.0, 0.0, 0.0, 0.0, 0.0, 0.0, 0.0, 0.0, 0.0, 0.0, 0.0, 0.0, 0.0, 0.0, 0.0], [0.0, 0.0, 0.0, 0.0, 0.0, 0.0, 0.0, 0.0, 0.0, 0.0, 0.0, 0.0, 0.0, 0.0, 0.0, 0.0, 0.0, 0.0, 0.0, 0.0, 0.0, 0.0, 0.0, 0.0, 0.0, 0.0, 0.0, 0.0], [0.0, 0.0, 0.0, 0.0, 0.0, 0.0, 0.0, 0.0, 0.0, 0.0, 0.0, 0.0, 0.0, 0.0, 0.0, 0.0, 0.0, 0.0, 0.0, 0.0, 0.0, 0.0, 0.0, 0.0, 0.0, 0.0, 0.0, 0.0]], [[0.0, 0.0, 0.0, 0.0, 0.0, 0.0, 0.0, 0.0, 0.0, 0.0, 0.0, 0.0, 0.0, 0.0, 0.0, 0.0, 0.0, 0.0, 0.0, 0.0, 0.0, 0.0, 0.0, 0.0, 0.0, 0.0, 0.0, 0.0], [0.0, 0.0, 0.0, 0.0, 0.0, 0.0, 0.0, 0.0, 0.0, 0.0, 0.0, 0.0, 0.0, 0.0, 0.0, 0.0, 0.0, 0.0, 0.0, 0.0, 0.0, 0.0, 0.0, 0.0, 0.0, 0.0, 0.0, 0.0], [0.0, 0.0, 0.0, 0.0, 0.0, 0.0, 0.0, 0.0, 0.0, 0.0, 0.0, 0.0, 0.0, 0.0, 0.0, 0.0, 0.0, 0.0, 0.0, 0.0, 0.0, 0.0, 0.0, 0.0, 0.0, 0.0, 0.0, 0.0], [0.0, 0.0, 0.0, 0.0, 0.0, 0.0, 0.0, 0.0, 0.0, 0.0, 0.0, 0.0, 0.0, 0.0, 0.0, 0.0, 0.0, 0.0, 0.0, 0.0, 0.0, 0.0, 0.0, 0.0, 0.0, 0.0, 0.0, 0.0], [0.0, 0.0, 0.0, 0.0, 0.0, 0.0, 0.0, 0.0, 0.0, 0.0, 0.0, 0.0, 0.0, 0.0, 0.0, 0.0, 0.0, 0.0, 0.0, 0.0, 0.0, 0.0, 0.0, 0.0, 0.0, 0.0, 0.0, 0.0], [0.0, 0.0, 0.0, 0.0, 0.0, 0.0, 0.0, 0.0, 0.0, 0.0, 0.0, 0.0, 0.0, 0.0, 0.0, 0.0, 0.0, 0.0, 0.0, 0.0, 0.0, 0.0, 0.0, 0.0, 0.0, 0.0, 0.0, 0.0]], [[0.0, 0.0, 0.0, 0.0, 0.0, 0.0, 0.0, 0.0, 0.0, 0.0, 0.0, 0.0, 0.0, 0.0, 0.0, 0.0, 0.0, 0.0, 0.0, 0.0, 0.0, 0.0, 0.0, 0.0, 0.0, 0.0, 0.0, 0.0], [0.0, 0.0, 0.0, 0.0, 0.0, 0.0, 0.0, 0.0, 0.0, 0.0, 0.0, 0.0, 0.0, 0.0, 0.0, 0.0, 0.0, 0.0, 0.0, 0.0, 0.0, 0.0, 0.0, 0.0, 0.0, 0.0, 0.0, 0.0], [0.0, 0.0, 0.0, 0.0, 0.0, 0.0, 0.0, 0.0, 0.0, 0.0, 0.0, 0.0, 0.0, 0.0, 0.0, 0.0, 0.0, 0.0, 0.0, 0.0, 0.0, 0.0, 0.0, 0.0, 0.0, 0.0, 0.0, 0.0], [0.0, 0.0, 0.0, 0.0, 0.0, 0.0, 0.0, 0.0, 0.0, 0.0, 0.0, 0.0, 0.0, 0.0, 0.0, 0.0, 0.0, 0.0, 0.0, 0.0, 0.0, 0.0, 0.0, 0.0, 0.0, 0.0, 0.0, 0.0], [0.0, 0.0, 0.0, 0.0, 0.0, 0.0, 0.0, 0.0, 0.0, 0.0, 0.0, 0.0, 0.0, 0.0, 0.0, 0.0, 0.0, 0.0, 0.0, 0.0, 0.0, 0.0, 0.0, 0.0, 0.0, 0.0, 0.0, 0.0], [0.0, 0.0, 0.0, 0.0, 0.0, 0.0, 0.0, 0.0, 0.0, 0.0, 0.0, 0.0, 0.0, 0.0, 0.0, 0.0, 0.0, 0.0, 0.0, 0.0, 0.0, 0.0, 0.0, 0.0, 0.0, 0.0, 0.0, 0.0]], [[0.0, 0.0, 0.0, 0.0, 0.0, 0.0, 0.0, 0.0, 0.0, 0.0, 0.0, 0.0, 0.0, 0.0, 0.0, 0.0, 0.0, 0.0, 0.0, 0.0, 0.0, 0.0, 0.0, 0.0, 0.0, 0.0, 0.0, 0.0], [0.0, 0.0, 0.0, 0.0, 0.0, 0.0, 0.0, 0.0, 0.0, 0.0, 0.0, 0.0, 0.0, 0.0, 0.0, 0.0, 0.0, 0.0, 0.0, 0.0, 0.0, 0.0, 0.0, 0.0, 0.0, 0.0, 0.0, 0.0], [0.0, 0.0, 0.0, 0.0, 0.0, 0.0, 0.0, 0.0, 0.0, 0.0, 0.0, 0.0, 0.0, 0.0, 0.0, 0.0, 0.0, 0.0, 0.0, 0.0, 0.0, 0.0, 0.0, 0.0, 0.0, 0.0, 0.0, 0.0], [0.0, 0.0, 0.0, 0.0, 0.0, 0.0, 0.0, 0.0, 0.0, 0.0, 0.0, 0.0, 0.0, 0.0, 0.0, 0.0, 0.0, 0.0, 0.0, 0.0, 0.0, 0.0, 0.0, 0.0, 0.0, 0.0, 0.0, 0.0], [0.0, 0.0, 0.0, 0.0, 0.0, 0.0, 0.0, 0.0, 0.0, 0.0, 0.0, 0.0, 0.0, 0.0, 0.0, 0.0, 0.0, 0.0, 0.0, 0.0, 0.0, 0.0, 0.0, 0.0, 0.0, 0.0, 0.0, 0.0], [0.0, 0.0, 0.0, 0.0, 0.0, 0.0, 0.0, 0.0, 0.0, 0.0, 0.0, 0.0, 0.0, 0.0, 0.0, 0.0, 0.0, 0.0, 0.0, 0.0, 0.0, 0.0, 0.0, 0.0, 0.0, 0.0, 0.0, 0.0]], [[0.0, 0.0, 0.0, 0.0, 0.0, 0.0, 0.0, 0.0, 0.0, 0.0, 0.0, 0.0, 0.0, 0.0, 0.0, 0.0, 0.0, 0.0, 0.0, 0.0, 0.0, 0.0, 0.0, 0.0, 0.0, 0.0, 0.0, 0.0], [0.0, 0.0, 0.0, 0.0, 0.0, 0.0, 0.0, 0.0, 0.0, 0.0, 0.0, 0.0, 0.0, 0.0, 0.0, 0.0, 0.0, 0.0, 0.0, 0.0, 0.0, 0.0, 0.0, 0.0, 0.0, 0.0, 0.0, 0.0], [0.0, 0.0, 0.0, 0.0, 0.0, 0.0, 0.0, 0.0, 0.0, 0.0, 0.0, 0.0, 0.0, 0.0, 0.0, 0.0, 0.0, 0.0, 0.0, 0.0, 0.0, 0.0, 0.0, 0.0, 0.0, 0.0, 0.0, 0.0], [0.0, 0.0, 0.0, 0.0, 0.0, 0.0, 0.0, 0.0, 0.0, 0.0, 0.0, 0.0, 0.0, 0.0, 0.0, 0.0, 0.0, 0.0, 0.0, 0.0, 0.0, 0.0, 0.0, 0.0, 0.0, 0.0, 0.0, 0.0], [0.0, 0.0, 0.0, 0.0, 0.0, 0.0, 0.0, 0.0, 0.0, 0.0, 0.0, 0.0, 0.0, 0.0, 0.0, 0.0, 0.0, 0.0, 0.0, 0.0, 0.0, 0.0, 0.0, 0.0, 0.0, 0.0, 0.0, 0.0], [0.0, 0.0, 0.0, 0.0, 0.0, 0.0, 0.0, 0.0, 0.0, 0.0, 0.0, 0.0, 0.0, 0.0, 0.0, 0.0, 0.0, 0.0, 0.0, 0.0, 0.0, 0.0, 0.0, 0.0, 0.0, 0.0, 0.0, 0.0]], [[0.0, 0.0, 0.0, 0.0, 0.0, 0.0, 0.0, 0.0, 0.0, 0.0, 0.0, 0.0, 0.0, 0.0, 0.0, 0.0, 0.0, 0.0, 0.0, 0.0, 0.0, 0.0, 0.0, 0.0, 0.0, 0.0, 0.0, 0.0], [0.0, 0.0, 0.0, 0.0, 0.0, 0.0, 0.0, 0.0, 0.0, 0.0, 0.0, 0.0, 0.0, 0.0, 0.0, 0.0, 0.0, 0.0, 0.0, 0.0, 0.0, 0.0, 0.0, 0.0, 0.0, 0.0, 0.0, 0.0], [0.0, 0.0, 0.0, 0.0, 0.0, 0.0, 0.0, 0.0, 0.0, 0.0, 0.0, 0.0, 0.0, 0.0, 0.0, 0.0, 0.0, 0.0, 0.0, 0.0, 0.0, 0.0, 0.0, 0.0, 0.0, 0.0, 0.0, 0.0], [0.0, 0.0, 0.0, 0.0, 0.0, 0.0, 0.0, 0.0, 0.0, 0.0, 0.0, 0.0, 0.0, 0.0, 0.0, 0.0, 0.0, 0.0, 0.0, 0.0, 0.0, 0.0, 0.0, 0.0, 0.0, 0.0, 0.0, 0.0], [0.0, 0.0, 0.0, 0.0, 0.0, 0.0, 0.0, 0.0, 0.0, 0.0, 0.0, 0.0, 0.0, 0.0, 0.0, 0.0, 0.0, 0.0, 0.0, 0.0, 0.0, 0.0, 0.0, 0.0, 0.0, 0.0, 0.0, 0.0], [0.0, 0.0, 0.0, 0.0, 0.0, 0.0, 0.0, 0.0, 0.0, 0.0, 0.0, 0.0, 0.0, 0.0, 0.0, 0.0, 0.0, 0.0, 0.0, 0.0, 0.0, 0.0, 0.0, 0.0, 0.0, 0.0, 0.0, 0.0]], [[0.0, 0.0, 0.0, 0.0, 0.0, 0.0, 0.0, 0.0, 0.0, 0.0, 0.0, 0.0, 0.0, 0.0, 0.0, 0.0, 0.0, 0.0, 0.0, 0.0, 0.0, 0.0, 0.0, 0.0, 0.0, 0.0, 0.0, 0.0], [0.0, 0.0, 0.0, 0.0, 0.0, 0.0, 0.0, 0.0, 0.0, 0.0, 0.0, 0.0, 0.0, 0.0, 0.0, 0.0, 0.0, 0.0, 0.0, 0.0, 0.0, 0.0, 0.0, 0.0, 0.0, 0.0, 0.0, 0.0], [0.0, 0.0, 0.0, 0.0, 0.0, 0.0, 0.0, 0.0, 0.0, 0.0, 0.0, 0.0, 0.0, 0.0, 0.0, 0.0, 0.0, 0.0, 0.0, 0.0, 0.0, 0.0, 0.0, 0.0, 0.0, 0.0, 0.0, 0.0], [0.0, 0.0, 0.0, 0.0, 0.0, 0.0, 0.0, 0.0, 0.0, 0.0, 0.0, 0.0, 0.0, 0.0, 0.0, 0.0, 0.0, 0.0, 0.0, 0.0, 0.0, 0.0, 0.0, 0.0, 0.0, 0.0, 0.0, 0.0], [0.0, 0.0, 0.0, 0.0, 0.0, 0.0, 0.0, 0.0, 0.0, 0.0, 0.0, 0.0, 0.0, 0.0, 0.0, 0.0, 0.0, 0.0, 0.0, 0.0, 0.0, 0.0, 0.0, 0.0, 0.0, 0.0, 0.0, 0.0], [0.0, 0.0, 0.0, 0.0, 0.0, 0.0, 0.0, 0.0, 0.0, 0.0, 0.0, 0.0, 0.0, 0.0, 0.0, 0.0, 0.0, 0.0, 0.0, 0.0, 0.0, 0.0, 0.0, 0.0, 0.0, 0.0, 0.0, 0.0]], [[0.0, 0.0, 0.0, 0.0, 0.0, 0.0, 0.0, 0.0, 0.0, 0.0, 0.0, 0.0, 0.0, 0.0, 0.0, 0.0, 0.0, 0.0, 0.0, 0.0, 0.0, 0.0, 0.0, 0.0, 0.0, 0.0, 0.0, 0.0], [0.0, 0.0, 0.0, 0.0, 0.0, 0.0, 0.0, 0.0, 0.0, 0.0, 0.0, 0.0, 0.0, 0.0, 0.0, 0.0, 0.0, 0.0, 0.0, 0.0, 0.0, 0.0, 0.0, 0.0, 0.0, 0.0, 0.0, 0.0], [0.0, 0.0, 0.0, 0.0, 0.0, 0.0, 0.0, 0.0, 0.0, 0.0, 0.0, 0.0, 0.0, 0.0, 0.0, 0.0, 0.0, 0.0, 0.0, 0.0, 0.0, 0.0, 0.0, 0.0, 0.0, 0.0, 0.0, 0.0], [0.0, 0.0, 0.0, 0.0, 0.0, 0.0, 0.0, 0.0, 0.0, 0.0, 0.0, 0.0, 0.0, 0.0, 0.0, 0.0, 0.0, 0.0, 0.0, 0.0, 0.0, 0.0, 0.0, 0.0, 0.0, 0.0, 0.0, 0.0], [0.0, 0.0, 0.0, 0.0, 0.0, 0.0, 0.0, 0.0, 0.0, 0.0, 0.0, 0.0, 0.0, 0.0, 0.0, 0.0, 0.0, 0.0, 0.0, 0.0, 0.0, 0.0, 0.0, 0.0, 0.0, 0.0, 0.0, 0.0], [0.0, 0.0, 0.0, 0.0, 0.0, 0.0, 0.0, 0.0, 0.0, 0.0, 0.0, 0.0, 0.0, 0.0, 0.0, 0.0, 0.0, 0.0, 0.0, 0.0, 0.0, 0.0, 0.0, 0.0, 0.0, 0.0, 0.0, 0.0]], [[0.0, 0.0, 0.0, 0.0, 0.0, 0.0, 0.0, 0.0, 0.0, 0.0, 0.0, 0.0, 0.0, 0.0, 0.0, 0.0, 0.0, 0.0, 0.0, 0.0, 0.0, 0.0, 0.0, 0.0, 0.0, 0.0, 0.0, 0.0], [0.0, 0.0, 0.0, 0.0, 0.0, 0.0, 0.0, 0.0, 0.0, 0.0, 0.0, 0.0, 0.0, 0.0, 0.0, 0.0, 0.0, 0.0, 0.0, 0.0, 0.0, 0.0, 0.0, 0.0, 0.0, 0.0, 0.0, 0.0], [0.0, 0.0, 0.0, 0.0, 0.0, 0.0, 0.0, 0.0, 0.0, 0.0, 0.0, 0.0, 0.0, 0.0, 0.0, 0.0, 0.0, 0.0, 0.0, 0.0, 0.0, 0.0, 0.0, 0.0, 0.0, 0.0, 0.0, 0.0], [0.0, 0.0, 0.0, 0.0, 0.0, 0.0, 0.0, 0.0, 0.0, 0.0, 0.0, 0.0, 0.0, 0.0, 0.0, 0.0, 0.0, 0.0, 0.0, 0.0, 0.0, 0.0, 0.0, 0.0, 0.0, 0.0, 0.0, 0.0], [0.0, 0.0, 0.0, 0.0, 0.0, 0.0, 0.0, 0.0, 0.0, 0.0, 0.0, 0.0, 0.0, 0.0, 0.0, 0.0, 0.0, 0.0, 0.0, 0.0, 0.0, 0.0, 0.0, 0.0, 0.0, 0.0, 0.0, 0.0], [0.0, 0.0, 0.0, 0.0, 0.0, 0.0, 0.0, 0.0, 0.0, 0.0, 0.0, 0.0, 0.0, 0.0, 0.0, 0.0, 0.0, 0.0, 0.0, 0.0, 0.0, 0.0, 0.0, 0.0, 0.0, 0.0, 0.0, 0.0]], [[0.0, 0.0, 0.0, 0.0, 0.0, 0.0, 0.0, 0.0, 0.0, 0.0, 0.0, 0.0, 0.0, 0.0, 0.0, 0.0, 0.0, 0.0, 0.0, 0.0, 0.0, 0.0, 0.0, 0.0, 0.0, 0.0, 0.0, 0.0], [0.0, 0.0, 0.0, 0.0, 0.0, 0.0, 0.0, 0.0, 0.0, 0.0, 0.0, 0.0, 0.0, 0.0, 0.0, 0.0, 0.0, 0.0, 0.0, 0.0, 0.0, 0.0, 0.0, 0.0, 0.0, 0.0, 0.0, 0.0], [0.0, 0.0, 0.0, 0.0, 0.0, 0.0, 0.0, 0.0, 0.0, 0.0, 0.0, 0.0, 0.0, 0.0, 0.0, 0.0, 0.0, 0.0, 0.0, 0.0, 0.0, 0.0, 0.0, 0.0, 0.0, 0.0, 0.0, 0.0], [0.0, 0.0, 0.0, 0.0, 0.0, 0.0, 0.0, 0.0, 0.0, 0.0, 0.0, 0.0, 0.0, 0.0, 0.0, 0.0, 0.0, 0.0, 0.0, 0.0, 0.0, 0.0, 0.0, 0.0, 0.0, 0.0, 0.0, 0.0], [0.0, 0.0, 0.0, 0.0, 0.0, 0.0, 0.0, 0.0, 0.0, 0.0, 0.0, 0.0, 0.0, 0.0, 0.0, 0.0, 0.0, 0.0, 0.0, 0.0, 0.0, 0.0, 0.0, 0.0, 0.0, 0.0, 0.0, 0.0], [0.0, 0.0, 0.0, 0.0, 0.0, 0.0, 0.0, 0.0, 0.0, 0.0, 0.0, 0.0, 0.0, 0.0, 0.0, 0.0, 0.0, 0.0, 0.0, 0.0, 0.0, 0.0, 0.0, 0.0, 0.0, 0.0, 0.0, 0.0]], [[0.0, 0.0, 0.0, 0.0, 0.0, 0.0, 0.0, 0.0, 0.0, 0.0, 0.0, 0.0, 0.0, 0.0, 0.0, 0.0, 0.0, 0.0, 0.0, 0.0, 0.0, 0.0, 0.0, 0.0, 0.0, 0.0, 0.0, 0.0], [0.0, 0.0, 0.0, 0.0, 0.0, 0.0, 0.0, 0.0, 0.0, 0.0, 0.0, 0.0, 0.0, 0.0, 0.0, 0.0, 0.0, 0.0, 0.0, 0.0, 0.0, 0.0, 0.0, 0.0, 0.0, 0.0, 0.0, 0.0], [0.0, 0.0, 0.0, 0.0, 0.0, 0.0, 0.0, 0.0, 0.0, 0.0, 0.0, 0.0, 0.0, 0.0, 0.0, 0.0, 0.0, 0.0, 0.0, 0.0, 0.0, 0.0, 0.0, 0.0, 0.0, 0.0, 0.0, 0.0], [0.0, 0.0, 0.0, 0.0, 0.0, 0.0, 0.0, 0.0, 0.0, 0.0, 0.0, 0.0, 0.0, 0.0, 0.0, 0.0, 0.0, 0.0, 0.0, 0.0, 0.0, 0.0, 0.0, 0.0, 0.0, 0.0, 0.0, 0.0], [0.0, 0.0, 0.0, 0.0, 0.0, 0.0, 0.0, 0.0, 0.0, 0.0, 0.0, 0.0, 0.0, 0.0, 0.0, 0.0, 0.0, 0.0, 0.0, 0.0, 0.0, 0.0, 0.0, 0.0, 0.0, 0.0, 0.0, 0.0], [0.0, 0.0, 0.0, 0.0, 0.0, 0.0, 0.0, 0.0, 0.0, 0.0, 0.0, 0.0, 0.0, 0.0, 0.0, 0.0, 0.0, 0.0, 0.0, 0.0, 0.0, 0.0, 0.0, 0.0, 0.0, 0.0, 0.0, 0.0]], [[0.0, 0.0, 0.0, 0.0, 0.0, 0.0, 0.0, 0.0, 0.0, 0.0, 0.0, 0.0, 0.0, 0.0, 0.0, 0.0, 0.0, 0.0, 0.0, 0.0, 0.0, 0.0, 0.0, 0.0, 0.0, 0.0, 0.0, 0.0], [0.0, 0.0, 0.0, 0.0, 0.0, 0.0, 0.0, 0.0, 0.0, 0.0, 0.0, 0.0, 0.0, 0.0, 0.0, 0.0, 0.0, 0.0, 0.0, 0.0, 0.0, 0.0, 0.0, 0.0, 0.0, 0.0, 0.0, 0.0], [0.0, 0.0, 0.0, 0.0, 0.0, 0.0, 0.0, 0.0, 0.0, 0.0, 0.0, 0.0, 0.0, 0.0, 0.0, 0.0, 0.0, 0.0, 0.0, 0.0, 0.0, 0.0, 0.0, 0.0, 0.0, 0.0, 0.0, 0.0], [0.0, 0.0, 0.0, 0.0, 0.0, 0.0, 0.0, 0.0, 0.0, 0.0, 0.0, 0.0, 0.0, 0.0, 0.0, 0.0, 0.0, 0.0, 0.0, 0.0, 0.0, 0.0, 0.0, 0.0, 0.0, 0.0, 0.0, 0.0], [0.0, 0.0, 0.0, 0.0, 0.0, 0.0, 0.0, 0.0, 0.0, 0.0, 0.0, 0.0, 0.0, 0.0, 0.0, 0.0, 0.0, 0.0, 0.0, 0.0, 0.0, 0.0, 0.0, 0.0, 0.0, 0.0, 0.0, 0.0], [0.0, 0.0, 0.0, 0.0, 0.0, 0.0, 0.0, 0.0, 0.0, 0.0, 0.0, 0.0, 0.0, 0.0, 0.0, 0.0, 0.0, 0.0, 0.0, 0.0, 0.0, 0.0, 0.0, 0.0, 0.0, 0.0, 0.0, 0.0]], [[0.0, 0.0, 0.0, 0.0, 0.0, 0.0, 0.0, 0.0, 0.0, 0.0, 0.0, 0.0, 0.0, 0.0, 0.0, 0.0, 0.0, 0.0, 0.0, 0.0, 0.0, 0.0, 0.0, 0.0, 0.0, 0.0, 0.0, 0.0], [0.0, 0.0, 0.0, 0.0, 0.0, 0.0, 0.0, 0.0, 0.0, 0.0, 0.0, 0.0, 0.0, 0.0, 0.0, 0.0, 0.0, 0.0, 0.0, 0.0, 0.0, 0.0, 0.0, 0.0, 0.0, 0.0, 0.0, 0.0], [0.0, 0.0, 0.0, 0.0, 0.0, 0.0, 0.0, 0.0, 0.0, 0.0, 0.0, 0.0, 0.0, 0.0, 0.0, 0.0, 0.0, 0.0, 0.0, 0.0, 0.0, 0.0, 0.0, 0.0, 0.0, 0.0, 0.0, 0.0], [0.0, 0.0, 0.0, 0.0, 0.0, 0.0, 0.0, 0.0, 0.0, 0.0, 0.0, 0.0, 0.0, 0.0, 0.0, 0.0, 0.0, 0.0, 0.0, 0.0, 0.0, 0.0, 0.0, 0.0, 0.0, 0.0, 0.0, 0.0], [0.0, 0.0, 0.0, 0.0, 0.0, 0.0, 0.0, 0.0, 0.0, 0.0, 0.0, 0.0, 0.0, 0.0, 0.0, 0.0, 0.0, 0.0, 0.0, 0.0, 0.0, 0.0, 0.0, 0.0, 0.0, 0.0, 0.0, 0.0], [0.0, 0.0, 0.0, 0.0, 0.0, 0.0, 0.0, 0.0, 0.0, 0.0, 0.0, 0.0, 0.0, 0.0, 0.0, 0.0, 0.0, 0.0, 0.0, 0.0, 0.0, 0.0, 0.0, 0.0, 0.0, 0.0, 0.0, 0.0]], [[0.0, 0.0, 0.0, 0.0, 0.0, 0.0, 0.0, 0.0, 0.0, 0.0, 0.0, 0.0, 0.0, 0.0, 0.0, 0.0, 0.0, 0.0, 0.0, 0.0, 0.0, 0.0, 0.0, 0.0, 0.0, 0.0, 0.0, 0.0], [0.0, 0.0, 0.0, 0.0, 0.0, 0.0, 0.0, 0.0, 0.0, 0.0, 0.0, 0.0, 0.0, 0.0, 0.0, 0.0, 0.0, 0.0, 0.0, 0.0, 0.0, 0.0, 0.0, 0.0, 0.0, 0.0, 0.0, 0.0], [0.0, 0.0, 0.0, 0.0, 0.0, 0.0, 0.0, 0.0, 0.0, 0.0, 0.0, 0.0, 0.0, 0.0, 0.0, 0.0, 0.0, 0.0, 0.0, 0.0, 0.0, 0.0, 0.0, 0.0, 0.0, 0.0, 0.0, 0.0], [0.0, 0.0, 0.0, 0.0, 0.0, 0.0, 0.0, 0.0, 0.0, 0.0, 0.0, 0.0, 0.0, 0.0, 0.0, 0.0, 0.0, 0.0, 0.0, 0.0, 0.0, 0.0, 0.0, 0.0, 0.0, 0.0, 0.0, 0.0], [0.0, 0.0, 0.0, 0.0, 0.0, 0.0, 0.0, 0.0, 0.0, 0.0, 0.0, 0.0, 0.0, 0.0, 0.0, 0.0, 0.0, 0.0, 0.0, 0.0, 0.0, 0.0, 0.0, 0.0, 0.0, 0.0, 0.0, 0.0], [0.0, 0.0, 0.0, 0.0, 0.0, 0.0, 0.0, 0.0, 0.0, 0.0, 0.0, 0.0, 0.0, 0.0, 0.0, 0.0, 0.0, 0.0, 0.0, 0.0, 0.0, 0.0, 0.0, 0.0, 0.0, 0.0, 0.0, 0.0]], [[0.0, 0.0, 0.0, 0.0, 0.0, 0.0, 0.0, 0.0, 0.0, 0.0, 0.0, 0.0, 0.0, 0.0, 0.0, 0.0, 0.0, 0.0, 0.0, 0.0, 0.0, 0.0, 0.0, 0.0, 0.0, 0.0, 0.0, 0.0], [0.0, 0.0, 0.0, 0.0, 0.0, 0.0, 0.0, 0.0, 0.0, 0.0, 0.0, 0.0, 0.0, 0.0, 0.0, 0.0, 0.0, 0.0, 0.0, 0.0, 0.0, 0.0, 0.0, 0.0, 0.0, 0.0, 0.0, 0.0], [0.0, 0.0, 0.0, 0.0, 0.0, 0.0, 0.0, 0.0, 0.0, 0.0, 0.0, 0.0, 0.0, 0.0, 0.0, 0.0, 0.0, 0.0, 0.0, 0.0, 0.0, 0.0, 0.0, 0.0, 0.0, 0.0, 0.0, 0.0], [0.0, 0.0, 0.0, 0.0, 0.0, 0.0, 0.0, 0.0, 0.0, 0.0, 0.0, 0.0, 0.0, 0.0, 0.0, 0.0, 0.0, 0.0, 0.0, 0.0, 0.0, 0.0, 0.0, 0.0, 0.0, 0.0, 0.0, 0.0], [0.0, 0.0, 0.0, 0.0, 0.0, 0.0, 0.0, 0.0, 0.0, 0.0, 0.0, 0.0, 0.0, 0.0, 0.0, 0.0, 0.0, 0.0, 0.0, 0.0, 0.0, 0.0, 0.0, 0.0, 0.0, 0.0, 0.0, 0.0], [0.0, 0.0, 0.0, 0.0, 0.0, 0.0, 0.0, 0.0, 0.0, 0.0, 0.0, 0.0, 0.0, 0.0, 0.0, 0.0, 0.0, 0.0, 0.0, 0.0, 0.0, 0.0, 0.0, 0.0, 0.0, 0.0, 0.0, 0.0]]];
t = [[99999999.0, 7.529618525463102, 9.496634996020259, 8.19270861215628, 7.801455171095084, 8.572110219564792, 10.700365069580476, 13.485177428699657, 5.1086948949826505, 8.925167522173009, 14.79159785247355, 10.303206052364846, 12.045069816394289, 8.566181695514882, 13.915233292784798, 7.961478462182031, 11.231035152347513, 6.238367550600962, 11.875132096305716, 7.348355617272713, 5.1164273974480405, 6.51220185071264, 12.860129947373624, 12.823755644211294, 14.348984253761735, 6.954756561633176, 13.267591680336064, 14.17136861285818, 11.47118661531077, 9.835712629630924], [7.529618525463102, 99999999.0, 11.582637713898913, 9.28749135849947, 14.24104162769529, 9.279334004564271, 6.233307687541744, 7.0007609729386395, 7.62512796417441, 11.485096558482278, 6.337308765050864, 7.173248931547098, 9.392374407232609, 10.896366417757468, 8.203095153967801, 7.07153582632995, 5.786515058615934, 5.387584383220723, 8.986935840286558, 6.344848937405984, 6.08838996837914, 11.224662448141954, 11.597850204190665, 5.2520833373269795, 7.897529177668502, 14.714393673630068, 7.635435494906395, 9.61602619635912, 6.239699378335972, 5.162022772181216], [9.496634996020259, 11.582637713898913, 99999999.0, 14.253459402031785, 5.112096726741111, 14.5006721990206, 10.7326302045542, 6.982879850747333, 14.58995333662256, 10.287575492032298, 5.797684641654216, 5.308563899739218, 8.219575673869747, 12.6891875239289, 12.884692183393602, 8.979400100316708, 10.75126709132739, 14.141223472955712, 13.238508099217627, 9.127905205054256, 8.265110192550166, 7.306587647024331, 7.535599283604278, 11.069687641880837, 11.566529107279875, 8.9581481226192, 5.576044959670573, 8.925826047486465, 6.899943602505184, 11.62180716591335], [8.19270861215628, 9.28749135849947, 14.253459402031785, 99999999.0, 6.247714154377726, 9.020821639435697, 9.92134236159126, 11.195509566368433, 12.394972803995229, 12.374746657081344, 12.949514681905367, 11.748445750509777, 5.296829435438458, 7.753178068415219, 6.33059641339261, 14.407391663969399, 13.394424988983916, 8.493721096407697, 9.602484629064609, 12.542515443861529, 10.127126651607329, 7.578006093537114, 10.828514169151713, 7.498610298310915, 13.861185014581153, 10.997973910378585, 14.342987590928526, 7.98360079417979, 11.238470581299534, 14.329936675841935], [7.801455171095084, 14.24104162769529, 5.112096726741111, 6.247714154377726, 99999999.0, 7.68684476894495, 6.581021713534156, 12.585845196261346, 9.501117019521649, 10.164190086692106, 10.351752216574504, 5.182110135055922, 6.014035276749031, 7.340165175270675, 10.076224645211052, 11.416811483403983, 9.129116641794598, 9.105647133969493, 13.95107628476438, 14.989764671148775, 6.195732507161483, 12.637853219029891, 9.077857362839726, 12.553249006960076, 11.16411135759455, 11.200345620898709, 13.416611232028758, 6.811733908355759, 14.17284237217672, 5.130463959044908], [8.572110219564792, 9.279334004564271, 14.5006721990206, 9.020821639435697, 7.68684476894495, 99999999.0, 13.466217458113746, 12.73684468397701, 6.7149560678541755, 9.958880102039265, 7.514398008866028, 8.034986153967257, 7.349399413428368, 8.815743054577334, 5.0265906908878035, 14.276210272352781, 10.466114926406517, 9.168459435070673, 13.443136854406184, 12.027709459143502, 10.423333192051235, 11.836433194185886, 10.996358434539697, 10.899499881981122, 14.922062620825983, 8.382173731133339, 5.054963179789702, 8.8801959068867, 12.96612133195495, 10.384267402858102], [10.700365069580476, 6.233307687541744, 10.7326302045542, 9.92134236159126, 6.581021713534156, 13.466217458113746, 99999999.0, 14.034495346206988, 10.770511699257806, 5.509169527374382, 9.473250894828361, 14.019642015996615, 12.530036310020698, 6.335958387280943, 13.68499578315827, 11.626181457121376, 14.826162524102287, 10.281516733924338, 11.647557280003877, 5.943390938565223, 11.774070160652201, 12.47521898870863, 6.459033122143318, 9.627930776503476, 11.512154867823085, 7.399439857360149, 9.891777277361403, 12.618255058694585, 8.901666522730256, 5.161555418097844], [13.485177428699657, 7.0007609729386395, 6.982879850747333, 11.195509566368433, 12.585845196261346, 12.73684468397701, 14.034495346206988, 99999999.0, 5.679205006029388, 12.341012093766132, 13.084837662064746, 8.979257653524755, 13.222292336618285, 12.782196655191402, 14.320425192994357, 8.13711591366951, 5.895396734651008, 9.37792885209169, 14.648927624130353, 7.928195247273137, 8.235338318912955, 8.989097166996705, 7.81874628071858, 5.3314284452184815, 9.364368431257603, 5.01811264248166, 14.625352962716773, 12.429205577953951, 6.351055558190114, 5.52863375922737], [5.1086948949826505, 7.62512796417441, 14.58995333662256, 12.394972803995229, 9.501117019521649, 6.7149560678541755, 10.770511699257806, 5.679205006029388, 99999999.0, 8.061352268578139, 6.470418761010814, 6.617677628843706, 11.580129136179016, 14.585658504314678, 13.620373668329123, 10.329474803533792, 5.525158114896033, 14.549818086030498, 13.722652211537788, 5.3737548444611125, 13.730236288041892, 10.967998990901432, 10.59072596778247, 11.162194238557412, 10.58499890850082, 6.747322329948454, 5.027486445028204, 12.8130365716698, 10.853034763117861, 11.584633857600933], [8.925167522173009, 11.485096558482278, 10.287575492032298, 12.374746657081344, 10.164190086692106, 9.958880102039265, 5.509169527374382, 12.341012093766132, 8.061352268578139, 99999999.0, 12.281612880593837, 6.678060906986415, 5.309823596409266, 9.358276757185852, 6.669396334315322, 12.38131768371111, 8.53454283153582, 6.904070938388955, 6.840081539544802, 7.162049075588758, 12.364534190665147, 5.598981519352399, 9.030290175768684, 13.862392702821223, 7.666967963408688, 9.859743625068589, 5.732490692120339, 7.650444954572554, 5.078045350184807, 12.048199806866384], [14.79159785247355, 6.337308765050864, 5.797684641654216, 12.949514681905367, 10.351752216574504, 7.514398008866028, 9.473250894828361, 13.084837662064746, 6.470418761010814, 12.281612880593837, 99999999.0, 8.318137662493392, 9.424395305322419, 6.037408796721937, 13.216164884493143, 10.83085309824051, 12.557802926710208, 13.127943345443, 12.263873752787902, 13.122973126009132, 8.034391521524089, 9.000813025267812, 12.07745733231996, 12.530412878918899, 5.063402716552979, 9.722437790562736, 12.221542215318864, 14.137116412979548, 6.592535056577881, 11.314798382834798], [10.303206052364846, 7.173248931547098, 5.308563899739218, 11.748445750509777, 5.182110135055922, 8.034986153967257, 14.019642015996615, 8.979257653524755, 6.617677628843706, 6.678060906986415, 8.318137662493392, 99999999.0, 10.767728663160966, 13.792870835952941, 13.04293226170095, 13.598790111283312, 10.826412732997774, 12.824286342844406, 8.212032636227638, 13.299191519715526, 5.594750276481126, 7.084434782911391, 6.322125835704502, 7.010757876756088, 13.901021926514423, 13.692775971995882, 7.354146100486112, 9.619539390209617, 5.101017474753516, 8.903047749897542], [12.045069816394289, 9.392374407232609, 8.219575673869747, 5.296829435438458, 6.014035276749031, 7.349399413428368, 12.530036310020698, 13.222292336618285, 11.580129136179016, 5.309823596409266, 9.424395305322419, 10.767728663160966, 99999999.0, 9.236896823259999, 6.896038794144048, 12.030294953006667, 12.652128102218136, 10.182914110860523, 9.554523958372858, 5.8201622203938586, 6.864933702063722, 10.584651848095415, 6.722840874371144, 5.686095531270516, 14.440090398171275, 9.708591596239767, 6.753308896471168, 9.938143776961198, 9.44858516497562, 14.513875857388514], [8.566181695514882, 10.896366417757468, 12.6891875239289, 7.753178068415219, 7.340165175270675, 8.815743054577334, 6.335958387280943, 12.782196655191402, 14.585658504314678, 9.358276757185852, 6.037408796721937, 13.792870835952941, 9.236896823259999, 99999999.0, 8.41225828298916, 12.191028439040288, 10.871850499985188, 13.944437573259117, 9.868061781573875, 5.52064921507851, 14.616363860186873, 14.0924365564078, 9.488081858187625, 14.364498004528436, 14.181859145865186, 9.462126595929622, 6.952015684673487, 7.517493433888468, 9.171622220142645, 13.956372872065518], [13.915233292784798, 8.203095153967801, 12.884692183393602, 6.33059641339261, 10.076224645211052, 5.0265906908878035, 13.68499578315827, 14.320425192994357, 13.620373668329123, 6.669396334315322, 13.216164884493143, 13.04293226170095, 6.896038794144048, 8.41225828298916, 99999999.0, 6.366357751000895, 13.04613316765153, 10.965589418629165, 9.701158544617575, 9.15161959196416, 14.257278671727377, 10.786854525517533, 7.057228876205834, 11.835200113505142, 6.880121709105973, 14.932703629341663, 5.258072025804562, 5.705715397749098, 8.291947886907009, 8.355879375396931], [7.961478462182031, 7.07153582632995, 8.979400100316708, 14.407391663969399, 11.416811483403983, 14.276210272352781, 11.626181457121376, 8.13711591366951, 10.329474803533792, 12.38131768371111, 10.83085309824051, 13.598790111283312, 12.030294953006667, 12.191028439040288, 6.366357751000895, 99999999.0, 5.945059263203242, 10.493619004835727, 13.084885801659563, 9.59603219802751, 10.325295762110413, 7.156004687711468, 11.090389459456846, 12.142620065564607, 6.7338940883359575, 14.017916882680606, 10.481133991718961, 10.601051187789693, 5.412002783802924, 10.07551375030887], [11.231035152347513, 5.786515058615934, 10.75126709132739, 13.394424988983916, 9.129116641794598, 10.466114926406517, 14.826162524102287, 5.895396734651008, 5.525158114896033, 8.53454283153582, 12.557802926710208, 10.826412732997774, 12.652128102218136, 10.871850499985188, 13.04613316765153, 5.945059263203242, 99999999.0, 7.55677117085879, 8.48074818910291, 14.989338596740762, 9.356761006050835, 10.363642249355525, 7.346292929449031, 12.730421057524559, 9.958258705987067, 5.1049578338191, 5.604731696402075, 7.959907815457111, 11.006869415086113, 6.801204030306334], [6.238367550600962, 5.387584383220723, 14.141223472955712, 8.493721096407697, 9.105647133969493, 9.168459435070673, 10.281516733924338, 9.37792885209169, 14.549818086030498, 6.904070938388955, 13.127943345443, 12.824286342844406, 10.182914110860523, 13.944437573259117, 10.965589418629165, 10.493619004835727, 7.55677117085879, 99999999.0, 5.099374415604812, 10.258639136236964, 5.396066967758456, 14.043000532472274, 9.212732974035772, 6.333969420490489, 13.907578534344802, 9.759087864546629, 14.004325475395872, 8.31678840837529, 12.533598805824191, 14.96043473505415], [11.875132096305716, 8.986935840286558, 13.238508099217627, 9.602484629064609, 13.95107628476438, 13.443136854406184, 11.647557280003877, 14.648927624130353, 13.722652211537788, 6.840081539544802, 12.263873752787902, 8.212032636227638, 9.554523958372858, 9.868061781573875, 9.701158544617575, 13.084885801659563, 8.48074818910291, 5.099374415604812, 99999999.0, 5.701876492732948, 5.309473277871863, 7.424248521506335, 5.974524726340689, 9.246104350101142, 7.697693656693771, 6.415921247757041, 8.987243108895797, 7.145619991244303, 6.41343500853941, 7.973214215548431], [7.348355617272713, 6.344848937405984, 9.127905205054256, 12.542515443861529, 14.989764671148775, 12.027709459143502, 5.943390938565223, 7.928195247273137, 5.3737548444611125, 7.162049075588758, 13.122973126009132, 13.299191519715526, 5.8201622203938586, 5.52064921507851, 9.15161959196416, 9.59603219802751, 14.989338596740762, 10.258639136236964, 5.701876492732948, 99999999.0, 6.788054602519209, 5.775136243907978, 5.692865363653601, 13.248773173531788, 6.87748389364963, 5.249476806551881, 11.356787791749403, 6.708757747112475, 5.364612698082114, 13.832388358568238], [5.1164273974480405, 6.08838996837914, 8.265110192550166, 10.127126651607329, 6.195732507161483, 10.423333192051235, 11.774070160652201, 8.235338318912955, 13.730236288041892, 12.364534190665147, 8.034391521524089, 5.594750276481126, 6.864933702063722, 14.616363860186873, 14.257278671727377, 10.325295762110413, 9.356761006050835, 5.396066967758456, 5.309473277871863, 6.788054602519209, 99999999.0, 10.992214380591786, 9.526288739996035, 14.84386773331531, 12.323005402099486, 8.765330075986574, 10.514290798738248, 10.95597484359907, 8.863892329142221, 6.406357124157247], [6.51220185071264, 11.224662448141954, 7.306587647024331, 7.578006093537114, 12.637853219029891, 11.836433194185886, 12.47521898870863, 8.989097166996705, 10.967998990901432, 5.598981519352399, 9.000813025267812, 7.084434782911391, 10.584651848095415, 14.0924365564078, 10.786854525517533, 7.156004687711468, 10.363642249355525, 14.043000532472274, 7.424248521506335, 5.775136243907978, 10.992214380591786, 99999999.0, 11.534618106270017, 8.386990556930558, 11.45468770267689, 7.244138689262526, 7.132413832423516, 14.579852346479793, 11.271229894712615, 5.9804203559899], [12.860129947373624, 11.597850204190665, 7.535599283604278, 10.828514169151713, 9.077857362839726, 10.996358434539697, 6.459033122143318, 7.81874628071858, 10.59072596778247, 9.030290175768684, 12.07745733231996, 6.322125835704502, 6.722840874371144, 9.488081858187625, 7.057228876205834, 11.090389459456846, 7.346292929449031, 9.212732974035772, 5.974524726340689, 5.692865363653601, 9.526288739996035, 11.534618106270017, 99999999.0, 11.625368632306365, 10.346142914233493, 14.882868980945052, 11.212768761289826, 8.973722665219086, 10.578691241591281, 8.594487344837182], [12.823755644211294, 5.2520833373269795, 11.069687641880837, 7.498610298310915, 12.553249006960076, 10.899499881981122, 9.627930776503476, 5.3314284452184815, 11.162194238557412, 13.862392702821223, 12.530412878918899, 7.010757876756088, 5.686095531270516, 14.364498004528436, 11.835200113505142, 12.142620065564607, 12.730421057524559, 6.333969420490489, 9.246104350101142, 13.248773173531788, 14.84386773331531, 8.386990556930558, 11.625368632306365, 99999999.0, 12.109836497350614, 8.197666300258886, 13.695206407290357, 13.654127048253436, 10.418879781265058, 7.482734255836463], [14.348984253761735, 7.897529177668502, 11.566529107279875, 13.861185014581153, 11.16411135759455, 14.922062620825983, 11.512154867823085, 9.364368431257603, 10.58499890850082, 7.666967963408688, 5.063402716552979, 13.901021926514423, 14.440090398171275, 14.181859145865186, 6.880121709105973, 6.7338940883359575, 9.958258705987067, 13.907578534344802, 7.697693656693771, 6.87748389364963, 12.323005402099486, 11.45468770267689, 10.346142914233493, 12.109836497350614, 99999999.0, 7.453290985108101, 10.051767733634577, 12.010263875901384, 11.200596003804261, 14.895392437789516], [6.954756561633176, 14.714393673630068, 8.9581481226192, 10.997973910378585, 11.200345620898709, 8.382173731133339, 7.399439857360149, 5.01811264248166, 6.747322329948454, 9.859743625068589, 9.722437790562736, 13.692775971995882, 9.708591596239767, 9.462126595929622, 14.932703629341663, 14.017916882680606, 5.1049578338191, 9.759087864546629, 6.415921247757041, 5.249476806551881, 8.765330075986574, 7.244138689262526, 14.882868980945052, 8.197666300258886, 7.453290985108101, 99999999.0, 11.458120547348834, 14.564683303934473, 12.219600106995829, 8.064162163345845], [13.267591680336064, 7.635435494906395, 5.576044959670573, 14.342987590928526, 13.416611232028758, 5.054963179789702, 9.891777277361403, 14.625352962716773, 5.027486445028204, 5.732490692120339, 12.221542215318864, 7.354146100486112, 6.753308896471168, 6.952015684673487, 5.258072025804562, 10.481133991718961, 5.604731696402075, 14.004325475395872, 8.987243108895797, 11.356787791749403, 10.514290798738248, 7.132413832423516, 11.212768761289826, 13.695206407290357, 10.051767733634577, 11.458120547348834, 99999999.0, 7.807117340161066, 8.532168311286918, 11.997088193343618], [14.17136861285818, 9.61602619635912, 8.925826047486465, 7.98360079417979, 6.811733908355759, 8.8801959068867, 12.618255058694585, 12.429205577953951, 12.8130365716698, 7.650444954572554, 14.137116412979548, 9.619539390209617, 9.938143776961198, 7.517493433888468, 5.705715397749098, 10.601051187789693, 7.959907815457111, 8.31678840837529, 7.145619991244303, 6.708757747112475, 10.95597484359907, 14.579852346479793, 8.973722665219086, 13.654127048253436, 12.010263875901384, 14.564683303934473, 7.807117340161066, 99999999.0, 10.798518247280938, 11.875604640650856], [11.47118661531077, 6.239699378335972, 6.899943602505184, 11.238470581299534, 14.17284237217672, 12.96612133195495, 8.901666522730256, 6.351055558190114, 10.853034763117861, 5.078045350184807, 6.592535056577881, 5.101017474753516, 9.44858516497562, 9.171622220142645, 8.291947886907009, 5.412002783802924, 11.006869415086113, 12.533598805824191, 6.41343500853941, 5.364612698082114, 8.863892329142221, 11.271229894712615, 10.578691241591281, 10.418879781265058, 11.200596003804261, 12.219600106995829, 8.532168311286918, 10.798518247280938, 99999999.0, 13.033215798744118], [9.835712629630924, 5.162022772181216, 11.62180716591335, 14.329936675841935, 5.130463959044908, 10.384267402858102, 5.161555418097844, 5.52863375922737, 11.584633857600933, 12.048199806866384, 11.314798382834798, 8.903047749897542, 14.513875857388514, 13.956372872065518, 8.355879375396931, 10.07551375030887, 6.801204030306334, 14.96043473505415, 7.973214215548431, 13.832388358568238, 6.406357124157247, 5.9804203559899, 8.594487344837182, 7.482734255836463, 14.895392437789516, 8.064162163345845, 11.997088193343618, 11.875604640650856, 13.033215798744118, 99999999.0]];
