M = 99999999.0;
numWorkers = 25;
numRoles = 6;
numNodes = 30;
wStart = [0, 10.41275658389557, 49.481960598638196, 29.63005799638168, 3.291796382998227, 34.18398729162038, 28.439799307048457, 6.159686594538608, 31.994965791418974, 24.720951098311936, 43.17051298410287, 35.67642125763176, 14.30315155341816, 23.374804814014123, 25.915827360956346, 52.43892543825192, 36.77921033488366, 1.0145371518860158, 5.937218483336984, 0.4766052116134504, 13.16976982846423, 23.2963471870165, 28.97975176075909, 31.430043356380047, 46.85987488057106, 38.36261134450812, 32.16704386337625, 30.123588661317648, 48.00196672627292, 0];
wEnd = [0, 40.608275624329686, 79.49976193901364, 65.39377890301444, 39.16127172945066, 63.66625972781998, 60.379677356892884, 43.06085612631224, 68.58634964816916, 61.17963318267936, 75.04030780310774, 65.25331897868028, 49.47405265986967, 49.95245626378247, 52.72822781392385, 88.67295994035933, 71.49166972307255, 26.53154239701593, 34.31153240148219, 32.532299502737715, 48.761692263930854, 60.79145866402869, 68.8208567914446, 70.65792196921385, 76.84861043096254, 76.30768987348458, 57.63049811311507, 65.30901372607096, 78.12739374650457, 90];
p = [0, 11.06313572978762, 16.95490461117818, 10.689142191516524, 15.193104108642132, 10.37610158780913, 18.613802614125603, 19.159167977266648, 14.665844368290255, 20.717490405467235, 8.48051335675949, 12.821335750627888, 22.242245490979183, 11.325782251506093, 12.509239458096257, 13.595407039636504, 19.67794810106712, 11.676512484261883, 7.387686605718651, 8.172585242946322, 11.656219721176289, 14.793829090571219, 15.900421357345119, 17.71501735464061, 16.66499977868111, 10.251621941673848, 8.0445044002049, 10.020599327056441, 9.213040411086853, 0];
e = [[0, 1, 0, 1, 0, 0], [0, 1, 0, 1, 0, 0], [1, 0, 0, 1, 0, 0], [1, 0, 0, 1, 0, 0], [0, 1, 0, 1, 0, 0], [1, 0, 0, 1, 0, 0], [1, 1, 0, 0, 0, 0], [0, 1, 1, 0, 0, 0], [1, 0, 0, 0, 0, 1], [0, 1, 0, 0, 0, 1], [0, 1, 0, 0, 0, 1], [1, 1, 0, 0, 0, 0], [0, 1, 0, 0, 1, 0], [1, 1, 0, 0, 0, 0], [0, 1, 0, 0, 0, 1], [0, 1, 1, 0, 0, 0], [1, 1, 0, 0, 0, 0], [0, 1, 0, 0, 0, 0], [0, 1, 0, 0, 0, 0], [1, 1, 0, 0, 0, 0], [0, 1, 0, 0, 1, 0], [0, 1, 0, 0, 0, 1], [0, 1, 0, 0, 1, 0], [1, 0, 0, 0, 0, 0], [0, 1, 0, 0, 0, 0]];
d = [[0, 0, 0, 1, 1, 1, 0, 0, 1, 1, 0, 1, 0, 3, 1, 3, 2, 1, 1, 1, 3, 0, 1, 2, 1, 0, 2, 2], [1, 1, 1, 0, 1, 1, 1, 0, 1, 1, 1, 2, 1, 3, 0, 0, 1, 0, 1, 0, 1, 0, 1, 1, 1, 1, 1, 1], [0, 2, 0, 0, 0, 1, 1, 0, 0, 2, 1, 1, 2, 0, 2, 1, 1, 2, 0, 0, 0, 1, 0, 1, 1, 3, 1, 1], [1, 2, 2, 0, 1, 0, 0, 2, 1, 1, 0, 1, 2, 0, 1, 1, 0, 1, 3, 2, 0, 1, 1, 1, 0, 2, 1, 0], [1, 1, 1, 2, 1, 1, 0, 0, 0, 0, 2, 0, 2, 0, 0, 2, 3, 1, 0, 1, 1, 0, 0, 0, 0, 2, 0, 1], [1, 0, 1, 0, 3, 3, 2, 2, 0, 2, 0, 1, 1, 0, 2, 1, 0, 1, 1, 1, 1, 3, 1, 1, 3, 0, 3, 2]];
r = [1346.2815377962677, 1801.8547544802411, 1586.3982870710547, 1476.1523333852438, 1447.106311647255, 1403.2194041484827, 3512.1698160801475, 982.0099787274626, 3159.272214049702, 1646.497572093112, 762.309677787713, 3173.3914890013407, 781.507337414528, 2410.886953828765, 1362.1632842278989, 2682.5133192975336, 2140.0083608792766, 909.0537180599762, 532.9424956181501, 2242.3160016105626, 2449.6092884946934, 2035.01682778454, 3109.3300319035043, 3150.6738436592914, 1952.2968336085912, 607.0583972020185, 1241.0927586713203, 886.2236591133948];
b = [[[0.0, 0.0, 0.0, 0.0, 0.0, 0.0, 0.0, 0.0, 0.0, 0.0, 0.0, 0.0, 0.0, 0.0, 0.0, 0.0, 0.0, 0.0, 0.0, 0.0, 0.0, 0.0, 0.0, 0.0, 0.0, 0.0, 0.0, 0.0], [0.0, 0.0, 0.0, 0.0, 0.0, 0.0, 0.0, 0.0, 0.0, 0.0, 0.0, 0.0, 0.0, 0.0, 0.0, 0.0, 0.0, 0.0, 0.0, 0.0, 0.0, 0.0, 0.0, 0.0, 0.0, 0.0, 0.0, 0.0], [0.0, 0.0, 0.0, 0.0, 0.0, 0.0, 0.0, 0.0, 0.0, 0.0, 0.0, 0.0, 0.0, 0.0, 0.0, 0.0, 0.0, 0.0, 0.0, 0.0, 0.0, 0.0, 0.0, 0.0, 0.0, 0.0, 0.0, 0.0], [0.0, 0.0, 0.0, 0.0, 0.0, 0.0, 0.0, 0.0, 0.0, 0.0, 0.0, 0.0, 0.0, 0.0, 0.0, 0.0, 0.0, 0.0, 0.0, 0.0, 0.0, 0.0, 0.0, 0.0, 0.0, 0.0, 0.0, 0.0], [0.0, 0.0, 0.0, 0.0, 0.0, 0.0, 0.0, 0.0, 0.0, 0.0, 0.0, 0.0, 0.0, 0.0, 0.0, 0.0, 0.0, 0.0, 0.0, 0.0, 0.0, 0.0, 0.0, 0.0, 0.0, 0.0, 0.0, 0.0], [0.0, 0.0, 0.0, 0.0, 0.0, 0.0, 0.0, 0.0, 0.0, 0.0, 0.0, 0.0, 0.0, 0.0, 0.0, 0.0, 0.0, 0.0, 0.0, 0.0, 0.0, 0.0, 0.0, 0.0, 0.0, 0.0, 0.0, 0.0]], [[0.0, 0.0, 0.0, 0.0, 0.0, 0.0, 0.0, 0.0, 0.0, 0.0, 0.0, 0.0, 0.0, 0.0, 0.0, 0.0, 0.0, 0.0, 0.0, 0.0, 0.0, 0.0, 0.0, 0.0, 0.0, 0.0, 0.0, 0.0], [0.0, 0.0, 0.0, 0.0, 0.0, 0.0, 0.0, 0.0, 0.0, 0.0, 0.0, 0.0, 0.0, 0.0, 0.0, 0.0, 0.0, 0.0, 0.0, 0.0, 0.0, 0.0, 0.0, 0.0, 0.0, 0.0, 0.0, 0.0], [0.0, 0.0, 0.0, 0.0, 0.0, 0.0, 0.0, 0.0, 0.0, 0.0, 0.0, 0.0, 0.0, 0.0, 0.0, 0.0, 0.0, 0.0, 0.0, 0.0, 0.0, 0.0, 0.0, 0.0, 0.0, 0.0, 0.0, 0.0], [0.0, 0.0, 0.0, 0.0, 0.0, 0.0, 0.0, 0.0, 0.0, 0.0, 0.0, 0.0, 0.0, 0.0, 0.0, 0.0, 0.0, 0.0, 0.0, 0.0, 0.0, 0.0, 0.0, 0.0, 0.0, 0.0, 0.0, 0.0], [0.0, 0.0, 0.0, 0.0, 0.0, 0.0, 0.0, 0.0, 0.0, 0.0, 0.0, 0.0, 0.0, 0.0, 0.0, 0.0, 0.0, 0.0, 0.0, 0.0, 0.0, 0.0, 0.0, 0.0, 0.0, 0.0, 0.0, 0.0], [0.0, 0.0, 0.0, 0.0, 0.0, 0.0, 0.0, 0.0, 0.0, 0.0, 0.0, 0.0, 0.0, 0.0, 0.0, 0.0, 0.0, 0.0, 0.0, 0.0, 0.0, 0.0, 0.0, 0.0, 0.0, 0.0, 0.0, 0.0]], [[0.0, 0.0, 0.0, 0.0, 0.0, 0.0, 0.0, 0.0, 0.0, 0.0, 0.0, 0.0, 0.0, 0.0, 0.0, 0.0, 0.0, 0.0, 0.0, 0.0, 0.0, 0.0, 0.0, 0.0, 0.0, 0.0, 0.0, 0.0], [0.0, 0.0, 0.0, 0.0, 0.0, 0.0, 0.0, 0.0, 0.0, 0.0, 0.0, 0.0, 0.0, 0.0, 0.0, 0.0, 0.0, 0.0, 0.0, 0.0, 0.0, 0.0, 0.0, 0.0, 0.0, 0.0, 0.0, 0.0], [0.0, 0.0, 0.0, 0.0, 0.0, 0.0, 0.0, 0.0, 0.0, 0.0, 0.0, 0.0, 0.0, 0.0, 0.0, 0.0, 0.0, 0.0, 0.0, 0.0, 0.0, 0.0, 0.0, 0.0, 0.0, 0.0, 0.0, 0.0], [0.0, 0.0, 0.0, 0.0, 0.0, 0.0, 0.0, 0.0, 0.0, 0.0, 0.0, 0.0, 0.0, 0.0, 0.0, 0.0, 0.0, 0.0, 0.0, 0.0, 0.0, 0.0, 0.0, 0.0, 0.0, 0.0, 0.0, 0.0], [0.0, 0.0, 0.0, 0.0, 0.0, 0.0, 0.0, 0.0, 0.0, 0.0, 0.0, 0.0, 0.0, 0.0, 0.0, 0.0, 0.0, 0.0, 0.0, 0.0, 0.0, 0.0, 0.0, 0.0, 0.0, 0.0, 0.0, 0.0], [0.0, 0.0, 0.0, 0.0, 0.0, 0.0, 0.0, 0.0, 0.0, 0.0, 0.0, 0.0, 0.0, 0.0, 0.0, 0.0, 0.0, 0.0, 0.0, 0.0, 0.0, 0.0, 0.0, 0.0, 0.0, 0.0, 0.0, 0.0]], [[0.0, 0.0, 0.0, 0.0, 0.0, 0.0, 0.0, 0.0, 0.0, 0.0, 0.0, 0.0, 0.0, 0.0, 0.0, 0.0, 0.0, 0.0, 0.0, 0.0, 0.0, 0.0, 0.0, 0.0, 0.0, 0.0, 0.0, 0.0], [0.0, 0.0, 0.0, 0.0, 0.0, 0.0, 0.0, 0.0, 0.0, 0.0, 0.0, 0.0, 0.0, 0.0, 0.0, 0.0, 0.0, 0.0, 0.0, 0.0, 0.0, 0.0, 0.0, 0.0, 0.0, 0.0, 0.0, 0.0], [0.0, 0.0, 0.0, 0.0, 0.0, 0.0, 0.0, 0.0, 0.0, 0.0, 0.0, 0.0, 0.0, 0.0, 0.0, 0.0, 0.0, 0.0, 0.0, 0.0, 0.0, 0.0, 0.0, 0.0, 0.0, 0.0, 0.0, 0.0], [0.0, 0.0, 0.0, 0.0, 0.0, 0.0, 0.0, 0.0, 0.0, 0.0, 0.0, 0.0, 0.0, 0.0, 0.0, 0.0, 0.0, 0.0, 0.0, 0.0, 0.0, 0.0, 0.0, 0.0, 0.0, 0.0, 0.0, 0.0], [0.0, 0.0, 0.0, 0.0, 0.0, 0.0, 0.0, 0.0, 0.0, 0.0, 0.0, 0.0, 0.0, 0.0, 0.0, 0.0, 0.0, 0.0, 0.0, 0.0, 0.0, 0.0, 0.0, 0.0, 0.0, 0.0, 0.0, 0.0], [0.0, 0.0, 0.0, 0.0, 0.0, 0.0, 0.0, 0.0, 0.0, 0.0, 0.0, 0.0, 0.0, 0.0, 0.0, 0.0, 0.0, 0.0, 0.0, 0.0, 0.0, 0.0, 0.0, 0.0, 0.0, 0.0, 0.0, 0.0]], [[0.0, 0.0, 0.0, 0.0, 0.0, 0.0, 0.0, 0.0, 0.0, 0.0, 0.0, 0.0, 0.0, 0.0, 0.0, 0.0, 0.0, 0.0, 0.0, 0.0, 0.0, 0.0, 0.0, 0.0, 0.0, 0.0, 0.0, 0.0], [0.0, 0.0, 0.0, 0.0, 0.0, 0.0, 0.0, 0.0, 0.0, 0.0, 0.0, 0.0, 0.0, 0.0, 0.0, 0.0, 0.0, 0.0, 0.0, 0.0, 0.0, 0.0, 0.0, 0.0, 0.0, 0.0, 0.0, 0.0], [0.0, 0.0, 0.0, 0.0, 0.0, 0.0, 0.0, 0.0, 0.0, 0.0, 0.0, 0.0, 0.0, 0.0, 0.0, 0.0, 0.0, 0.0, 0.0, 0.0, 0.0, 0.0, 0.0, 0.0, 0.0, 0.0, 0.0, 0.0], [0.0, 0.0, 0.0, 0.0, 0.0, 0.0, 0.0, 0.0, 0.0, 0.0, 0.0, 0.0, 0.0, 0.0, 0.0, 0.0, 0.0, 0.0, 0.0, 0.0, 0.0, 0.0, 0.0, 0.0, 0.0, 0.0, 0.0, 0.0], [0.0, 0.0, 0.0, 0.0, 0.0, 0.0, 0.0, 0.0, 0.0, 0.0, 0.0, 0.0, 0.0, 0.0, 0.0, 0.0, 0.0, 0.0, 0.0, 0.0, 0.0, 0.0, 0.0, 0.0, 0.0, 0.0, 0.0, 0.0], [0.0, 0.0, 0.0, 0.0, 0.0, 0.0, 0.0, 0.0, 0.0, 0.0, 0.0, 0.0, 0.0, 0.0, 0.0, 0.0, 0.0, 0.0, 0.0, 0.0, 0.0, 0.0, 0.0, 0.0, 0.0, 0.0, 0.0, 0.0]], [[0.0, 0.0, 0.0, 0.0, 0.0, 0.0, 0.0, 0.0, 0.0, 0.0, 0.0, 0.0, 0.0, 0.0, 0.0, 0.0, 0.0, 0.0, 0.0, 0.0, 0.0, 0.0, 0.0, 0.0, 0.0, 0.0, 0.0, 0.0], [0.0, 0.0, 0.0, 0.0, 0.0, 0.0, 0.0, 0.0, 0.0, 0.0, 0.0, 0.0, 0.0, 0.0, 0.0, 0.0, 0.0, 0.0, 0.0, 0.0, 0.0, 0.0, 0.0, 0.0, 0.0, 0.0, 0.0, 0.0], [0.0, 0.0, 0.0, 0.0, 0.0, 0.0, 0.0, 0.0, 0.0, 0.0, 0.0, 0.0, 0.0, 0.0, 0.0, 0.0, 0.0, 0.0, 0.0, 0.0, 0.0, 0.0, 0.0, 0.0, 0.0, 0.0, 0.0, 0.0], [0.0, 0.0, 0.0, 0.0, 0.0, 0.0, 0.0, 0.0, 0.0, 0.0, 0.0, 0.0, 0.0, 0.0, 0.0, 0.0, 0.0, 0.0, 0.0, 0.0, 0.0, 0.0, 0.0, 0.0, 0.0, 0.0, 0.0, 0.0], [0.0, 0.0, 0.0, 0.0, 0.0, 0.0, 0.0, 0.0, 0.0, 0.0, 0.0, 0.0, 0.0, 0.0, 0.0, 0.0, 0.0, 0.0, 0.0, 0.0, 0.0, 0.0, 0.0, 0.0, 0.0, 0.0, 0.0, 0.0], [0.0, 0.0, 0.0, 0.0, 0.0, 0.0, 0.0, 0.0, 0.0, 0.0, 0.0, 0.0, 0.0, 0.0, 0.0, 0.0, 0.0, 0.0, 0.0, 0.0, 0.0, 0.0, 0.0, 0.0, 0.0, 0.0, 0.0, 0.0]], [[0.0, 0.0, 0.0, 0.0, 0.0, 0.0, 0.0, 0.0, 0.0, 0.0, 0.0, 0.0, 0.0, 0.0, 0.0, 0.0, 0.0, 0.0, 0.0, 0.0, 0.0, 0.0, 0.0, 0.0, 0.0, 0.0, 0.0, 0.0], [0.0, 0.0, 0.0, 0.0, 0.0, 0.0, 0.0, 0.0, 0.0, 0.0, 0.0, 0.0, 0.0, 0.0, 0.0, 0.0, 0.0, 0.0, 0.0, 0.0, 0.0, 0.0, 0.0, 0.0, 0.0, 0.0, 0.0, 0.0], [0.0, 0.0, 0.0, 0.0, 0.0, 0.0, 0.0, 0.0, 0.0, 0.0, 0.0, 0.0, 0.0, 0.0, 0.0, 0.0, 0.0, 0.0, 0.0, 0.0, 0.0, 0.0, 0.0, 0.0, 0.0, 0.0, 0.0, 0.0], [0.0, 0.0, 0.0, 0.0, 0.0, 0.0, 0.0, 0.0, 0.0, 0.0, 0.0, 0.0, 0.0, 0.0, 0.0, 0.0, 0.0, 0.0, 0.0, 0.0, 0.0, 0.0, 0.0, 0.0, 0.0, 0.0, 0.0, 0.0], [0.0, 0.0, 0.0, 0.0, 0.0, 0.0, 0.0, 0.0, 0.0, 0.0, 0.0, 0.0, 0.0, 0.0, 0.0, 0.0, 0.0, 0.0, 0.0, 0.0, 0.0, 0.0, 0.0, 0.0, 0.0, 0.0, 0.0, 0.0], [0.0, 0.0, 0.0, 0.0, 0.0, 0.0, 0.0, 0.0, 0.0, 0.0, 0.0, 0.0, 0.0, 0.0, 0.0, 0.0, 0.0, 0.0, 0.0, 0.0, 0.0, 0.0, 0.0, 0.0, 0.0, 0.0, 0.0, 0.0]], [[0.0, 0.0, 0.0, 0.0, 0.0, 0.0, 0.0, 0.0, 0.0, 0.0, 0.0, 0.0, 0.0, 0.0, 0.0, 0.0, 0.0, 0.0, 0.0, 0.0, 0.0, 0.0, 0.0, 0.0, 0.0, 0.0, 0.0, 0.0], [0.0, 0.0, 0.0, 0.0, 0.0, 0.0, 0.0, 0.0, 0.0, 0.0, 0.0, 0.0, 0.0, 0.0, 0.0, 0.0, 0.0, 0.0, 0.0, 0.0, 0.0, 0.0, 0.0, 0.0, 0.0, 0.0, 0.0, 0.0], [0.0, 0.0, 0.0, 0.0, 0.0, 0.0, 0.0, 0.0, 0.0, 0.0, 0.0, 0.0, 0.0, 0.0, 0.0, 0.0, 0.0, 0.0, 0.0, 0.0, 0.0, 0.0, 0.0, 0.0, 0.0, 0.0, 0.0, 0.0], [0.0, 0.0, 0.0, 0.0, 0.0, 0.0, 0.0, 0.0, 0.0, 0.0, 0.0, 0.0, 0.0, 0.0, 0.0, 0.0, 0.0, 0.0, 0.0, 0.0, 0.0, 0.0, 0.0, 0.0, 0.0, 0.0, 0.0, 0.0], [0.0, 0.0, 0.0, 0.0, 0.0, 0.0, 0.0, 0.0, 0.0, 0.0, 0.0, 0.0, 0.0, 0.0, 0.0, 0.0, 0.0, 0.0, 0.0, 0.0, 0.0, 0.0, 0.0, 0.0, 0.0, 0.0, 0.0, 0.0], [0.0, 0.0, 0.0, 0.0, 0.0, 0.0, 0.0, 0.0, 0.0, 0.0, 0.0, 0.0, 0.0, 0.0, 0.0, 0.0, 0.0, 0.0, 0.0, 0.0, 0.0, 0.0, 0.0, 0.0, 0.0, 0.0, 0.0, 0.0]], [[0.0, 0.0, 0.0, 0.0, 0.0, 0.0, 0.0, 0.0, 0.0, 0.0, 0.0, 0.0, 0.0, 0.0, 0.0, 0.0, 0.0, 0.0, 0.0, 0.0, 0.0, 0.0, 0.0, 0.0, 0.0, 0.0, 0.0, 0.0], [0.0, 0.0, 0.0, 0.0, 0.0, 0.0, 0.0, 0.0, 0.0, 0.0, 0.0, 0.0, 0.0, 0.0, 0.0, 0.0, 0.0, 0.0, 0.0, 0.0, 0.0, 0.0, 0.0, 0.0, 0.0, 0.0, 0.0, 0.0], [0.0, 0.0, 0.0, 0.0, 0.0, 0.0, 0.0, 0.0, 0.0, 0.0, 0.0, 0.0, 0.0, 0.0, 0.0, 0.0, 0.0, 0.0, 0.0, 0.0, 0.0, 0.0, 0.0, 0.0, 0.0, 0.0, 0.0, 0.0], [0.0, 0.0, 0.0, 0.0, 0.0, 0.0, 0.0, 0.0, 0.0, 0.0, 0.0, 0.0, 0.0, 0.0, 0.0, 0.0, 0.0, 0.0, 0.0, 0.0, 0.0, 0.0, 0.0, 0.0, 0.0, 0.0, 0.0, 0.0], [0.0, 0.0, 0.0, 0.0, 0.0, 0.0, 0.0, 0.0, 0.0, 0.0, 0.0, 0.0, 0.0, 0.0, 0.0, 0.0, 0.0, 0.0, 0.0, 0.0, 0.0, 0.0, 0.0, 0.0, 0.0, 0.0, 0.0, 0.0], [0.0, 0.0, 0.0, 0.0, 0.0, 0.0, 0.0, 0.0, 0.0, 0.0, 0.0, 0.0, 0.0, 0.0, 0.0, 0.0, 0.0, 0.0, 0.0, 0.0, 0.0, 0.0, 0.0, 0.0, 0.0, 0.0, 0.0, 0.0]], [[0.0, 0.0, 0.0, 0.0, 0.0, 0.0, 0.0, 0.0, 0.0, 0.0, 0.0, 0.0, 0.0, 0.0, 0.0, 0.0, 0.0, 0.0, 0.0, 0.0, 0.0, 0.0, 0.0, 0.0, 0.0, 0.0, 0.0, 0.0], [0.0, 0.0, 0.0, 0.0, 0.0, 0.0, 0.0, 0.0, 0.0, 0.0, 0.0, 0.0, 0.0, 0.0, 0.0, 0.0, 0.0, 0.0, 0.0, 0.0, 0.0, 0.0, 0.0, 0.0, 0.0, 0.0, 0.0, 0.0], [0.0, 0.0, 0.0, 0.0, 0.0, 0.0, 0.0, 0.0, 0.0, 0.0, 0.0, 0.0, 0.0, 0.0, 0.0, 0.0, 0.0, 0.0, 0.0, 0.0, 0.0, 0.0, 0.0, 0.0, 0.0, 0.0, 0.0, 0.0], [0.0, 0.0, 0.0, 0.0, 0.0, 0.0, 0.0, 0.0, 0.0, 0.0, 0.0, 0.0, 0.0, 0.0, 0.0, 0.0, 0.0, 0.0, 0.0, 0.0, 0.0, 0.0, 0.0, 0.0, 0.0, 0.0, 0.0, 0.0], [0.0, 0.0, 0.0, 0.0, 0.0, 0.0, 0.0, 0.0, 0.0, 0.0, 0.0, 0.0, 0.0, 0.0, 0.0, 0.0, 0.0, 0.0, 0.0, 0.0, 0.0, 0.0, 0.0, 0.0, 0.0, 0.0, 0.0, 0.0], [0.0, 0.0, 0.0, 0.0, 0.0, 0.0, 0.0, 0.0, 0.0, 0.0, 0.0, 0.0, 0.0, 0.0, 0.0, 0.0, 0.0, 0.0, 0.0, 0.0, 0.0, 0.0, 0.0, 0.0, 0.0, 0.0, 0.0, 0.0]], [[0.0, 0.0, 0.0, 0.0, 0.0, 0.0, 0.0, 0.0, 0.0, 0.0, 0.0, 0.0, 0.0, 0.0, 0.0, 0.0, 0.0, 0.0, 0.0, 0.0, 0.0, 0.0, 0.0, 0.0, 0.0, 0.0, 0.0, 0.0], [0.0, 0.0, 0.0, 0.0, 0.0, 0.0, 0.0, 0.0, 0.0, 0.0, 0.0, 0.0, 0.0, 0.0, 0.0, 0.0, 0.0, 0.0, 0.0, 0.0, 0.0, 0.0, 0.0, 0.0, 0.0, 0.0, 0.0, 0.0], [0.0, 0.0, 0.0, 0.0, 0.0, 0.0, 0.0, 0.0, 0.0, 0.0, 0.0, 0.0, 0.0, 0.0, 0.0, 0.0, 0.0, 0.0, 0.0, 0.0, 0.0, 0.0, 0.0, 0.0, 0.0, 0.0, 0.0, 0.0], [0.0, 0.0, 0.0, 0.0, 0.0, 0.0, 0.0, 0.0, 0.0, 0.0, 0.0, 0.0, 0.0, 0.0, 0.0, 0.0, 0.0, 0.0, 0.0, 0.0, 0.0, 0.0, 0.0, 0.0, 0.0, 0.0, 0.0, 0.0], [0.0, 0.0, 0.0, 0.0, 0.0, 0.0, 0.0, 0.0, 0.0, 0.0, 0.0, 0.0, 0.0, 0.0, 0.0, 0.0, 0.0, 0.0, 0.0, 0.0, 0.0, 0.0, 0.0, 0.0, 0.0, 0.0, 0.0, 0.0], [0.0, 0.0, 0.0, 0.0, 0.0, 0.0, 0.0, 0.0, 0.0, 0.0, 0.0, 0.0, 0.0, 0.0, 0.0, 0.0, 0.0, 0.0, 0.0, 0.0, 0.0, 0.0, 0.0, 0.0, 0.0, 0.0, 0.0, 0.0]], [[0.0, 0.0, 0.0, 0.0, 0.0, 0.0, 0.0, 0.0, 0.0, 0.0, 0.0, 0.0, 0.0, 0.0, 0.0, 0.0, 0.0, 0.0, 0.0, 0.0, 0.0, 0.0, 0.0, 0.0, 0.0, 0.0, 0.0, 0.0], [0.0, 0.0, 0.0, 0.0, 0.0, 0.0, 0.0, 0.0, 0.0, 0.0, 0.0, 0.0, 0.0, 0.0, 0.0, 0.0, 0.0, 0.0, 0.0, 0.0, 0.0, 0.0, 0.0, 0.0, 0.0, 0.0, 0.0, 0.0], [0.0, 0.0, 0.0, 0.0, 0.0, 0.0, 0.0, 0.0, 0.0, 0.0, 0.0, 0.0, 0.0, 0.0, 0.0, 0.0, 0.0, 0.0, 0.0, 0.0, 0.0, 0.0, 0.0, 0.0, 0.0, 0.0, 0.0, 0.0], [0.0, 0.0, 0.0, 0.0, 0.0, 0.0, 0.0, 0.0, 0.0, 0.0, 0.0, 0.0, 0.0, 0.0, 0.0, 0.0, 0.0, 0.0, 0.0, 0.0, 0.0, 0.0, 0.0, 0.0, 0.0, 0.0, 0.0, 0.0], [0.0, 0.0, 0.0, 0.0, 0.0, 0.0, 0.0, 0.0, 0.0, 0.0, 0.0, 0.0, 0.0, 0.0, 0.0, 0.0, 0.0, 0.0, 0.0, 0.0, 0.0, 0.0, 0.0, 0.0, 0.0, 0.0, 0.0, 0.0], [0.0, 0.0, 0.0, 0.0, 0.0, 0.0, 0.0, 0.0, 0.0, 0.0, 0.0, 0.0, 0.0, 0.0, 0.0, 0.0, 0.0, 0.0, 0.0, 0.0, 0.0, 0.0, 0.0, 0.0, 0.0, 0.0, 0.0, 0.0]], [[0.0, 0.0, 0.0, 0.0, 0.0, 0.0, 0.0, 0.0, 0.0, 0.0, 0.0, 0.0, 0.0, 0.0, 0.0, 0.0, 0.0, 0.0, 0.0, 0.0, 0.0, 0.0, 0.0, 0.0, 0.0, 0.0, 0.0, 0.0], [0.0, 0.0, 0.0, 0.0, 0.0, 0.0, 0.0, 0.0, 0.0, 0.0, 0.0, 0.0, 0.0, 0.0, 0.0, 0.0, 0.0, 0.0, 0.0, 0.0, 0.0, 0.0, 0.0, 0.0, 0.0, 0.0, 0.0, 0.0], [0.0, 0.0, 0.0, 0.0, 0.0, 0.0, 0.0, 0.0, 0.0, 0.0, 0.0, 0.0, 0.0, 0.0, 0.0, 0.0, 0.0, 0.0, 0.0, 0.0, 0.0, 0.0, 0.0, 0.0, 0.0, 0.0, 0.0, 0.0], [0.0, 0.0, 0.0, 0.0, 0.0, 0.0, 0.0, 0.0, 0.0, 0.0, 0.0, 0.0, 0.0, 0.0, 0.0, 0.0, 0.0, 0.0, 0.0, 0.0, 0.0, 0.0, 0.0, 0.0, 0.0, 0.0, 0.0, 0.0], [0.0, 0.0, 0.0, 0.0, 0.0, 0.0, 0.0, 0.0, 0.0, 0.0, 0.0, 0.0, 0.0, 0.0, 0.0, 0.0, 0.0, 0.0, 0.0, 0.0, 0.0, 0.0, 0.0, 0.0, 0.0, 0.0, 0.0, 0.0], [0.0, 0.0, 0.0, 0.0, 0.0, 0.0, 0.0, 0.0, 0.0, 0.0, 0.0, 0.0, 0.0, 0.0, 0.0, 0.0, 0.0, 0.0, 0.0, 0.0, 0.0, 0.0, 0.0, 0.0, 0.0, 0.0, 0.0, 0.0]], [[0.0, 0.0, 0.0, 0.0, 0.0, 0.0, 0.0, 0.0, 0.0, 0.0, 0.0, 0.0, 0.0, 0.0, 0.0, 0.0, 0.0, 0.0, 0.0, 0.0, 0.0, 0.0, 0.0, 0.0, 0.0, 0.0, 0.0, 0.0], [0.0, 0.0, 0.0, 0.0, 0.0, 0.0, 0.0, 0.0, 0.0, 0.0, 0.0, 0.0, 0.0, 0.0, 0.0, 0.0, 0.0, 0.0, 0.0, 0.0, 0.0, 0.0, 0.0, 0.0, 0.0, 0.0, 0.0, 0.0], [0.0, 0.0, 0.0, 0.0, 0.0, 0.0, 0.0, 0.0, 0.0, 0.0, 0.0, 0.0, 0.0, 0.0, 0.0, 0.0, 0.0, 0.0, 0.0, 0.0, 0.0, 0.0, 0.0, 0.0, 0.0, 0.0, 0.0, 0.0], [0.0, 0.0, 0.0, 0.0, 0.0, 0.0, 0.0, 0.0, 0.0, 0.0, 0.0, 0.0, 0.0, 0.0, 0.0, 0.0, 0.0, 0.0, 0.0, 0.0, 0.0, 0.0, 0.0, 0.0, 0.0, 0.0, 0.0, 0.0], [0.0, 0.0, 0.0, 0.0, 0.0, 0.0, 0.0, 0.0, 0.0, 0.0, 0.0, 0.0, 0.0, 0.0, 0.0, 0.0, 0.0, 0.0, 0.0, 0.0, 0.0, 0.0, 0.0, 0.0, 0.0, 0.0, 0.0, 0.0], [0.0, 0.0, 0.0, 0.0, 0.0, 0.0, 0.0, 0.0, 0.0, 0.0, 0.0, 0.0, 0.0, 0.0, 0.0, 0.0, 0.0, 0.0, 0.0, 0.0, 0.0, 0.0, 0.0, 0.0, 0.0, 0.0, 0.0, 0.0]], [[0.0, 0.0, 0.0, 0.0, 0.0, 0.0, 0.0, 0.0, 0.0, 0.0, 0.0, 0.0, 0.0, 0.0, 0.0, 0.0, 0.0, 0.0, 0.0, 0.0, 0.0, 0.0, 0.0, 0.0, 0.0, 0.0, 0.0, 0.0], [0.0, 0.0, 0.0, 0.0, 0.0, 0.0, 0.0, 0.0, 0.0, 0.0, 0.0, 0.0, 0.0, 0.0, 0.0, 0.0, 0.0, 0.0, 0.0, 0.0, 0.0, 0.0, 0.0, 0.0, 0.0, 0.0, 0.0, 0.0], [0.0, 0.0, 0.0, 0.0, 0.0, 0.0, 0.0, 0.0, 0.0, 0.0, 0.0, 0.0, 0.0, 0.0, 0.0, 0.0, 0.0, 0.0, 0.0, 0.0, 0.0, 0.0, 0.0, 0.0, 0.0, 0.0, 0.0, 0.0], [0.0, 0.0, 0.0, 0.0, 0.0, 0.0, 0.0, 0.0, 0.0, 0.0, 0.0, 0.0, 0.0, 0.0, 0.0, 0.0, 0.0, 0.0, 0.0, 0.0, 0.0, 0.0, 0.0, 0.0, 0.0, 0.0, 0.0, 0.0], [0.0, 0.0, 0.0, 0.0, 0.0, 0.0, 0.0, 0.0, 0.0, 0.0, 0.0, 0.0, 0.0, 0.0, 0.0, 0.0, 0.0, 0.0, 0.0, 0.0, 0.0, 0.0, 0.0, 0.0, 0.0, 0.0, 0.0, 0.0], [0.0, 0.0, 0.0, 0.0, 0.0, 0.0, 0.0, 0.0, 0.0, 0.0, 0.0, 0.0, 0.0, 0.0, 0.0, 0.0, 0.0, 0.0, 0.0, 0.0, 0.0, 0.0, 0.0, 0.0, 0.0, 0.0, 0.0, 0.0]], [[0.0, 0.0, 0.0, 0.0, 0.0, 0.0, 0.0, 0.0, 0.0, 0.0, 0.0, 0.0, 0.0, 0.0, 0.0, 0.0, 0.0, 0.0, 0.0, 0.0, 0.0, 0.0, 0.0, 0.0, 0.0, 0.0, 0.0, 0.0], [0.0, 0.0, 0.0, 0.0, 0.0, 0.0, 0.0, 0.0, 0.0, 0.0, 0.0, 0.0, 0.0, 0.0, 0.0, 0.0, 0.0, 0.0, 0.0, 0.0, 0.0, 0.0, 0.0, 0.0, 0.0, 0.0, 0.0, 0.0], [0.0, 0.0, 0.0, 0.0, 0.0, 0.0, 0.0, 0.0, 0.0, 0.0, 0.0, 0.0, 0.0, 0.0, 0.0, 0.0, 0.0, 0.0, 0.0, 0.0, 0.0, 0.0, 0.0, 0.0, 0.0, 0.0, 0.0, 0.0], [0.0, 0.0, 0.0, 0.0, 0.0, 0.0, 0.0, 0.0, 0.0, 0.0, 0.0, 0.0, 0.0, 0.0, 0.0, 0.0, 0.0, 0.0, 0.0, 0.0, 0.0, 0.0, 0.0, 0.0, 0.0, 0.0, 0.0, 0.0], [0.0, 0.0, 0.0, 0.0, 0.0, 0.0, 0.0, 0.0, 0.0, 0.0, 0.0, 0.0, 0.0, 0.0, 0.0, 0.0, 0.0, 0.0, 0.0, 0.0, 0.0, 0.0, 0.0, 0.0, 0.0, 0.0, 0.0, 0.0], [0.0, 0.0, 0.0, 0.0, 0.0, 0.0, 0.0, 0.0, 0.0, 0.0, 0.0, 0.0, 0.0, 0.0, 0.0, 0.0, 0.0, 0.0, 0.0, 0.0, 0.0, 0.0, 0.0, 0.0, 0.0, 0.0, 0.0, 0.0]], [[0.0, 0.0, 0.0, 0.0, 0.0, 0.0, 0.0, 0.0, 0.0, 0.0, 0.0, 0.0, 0.0, 0.0, 0.0, 0.0, 0.0, 0.0, 0.0, 0.0, 0.0, 0.0, 0.0, 0.0, 0.0, 0.0, 0.0, 0.0], [0.0, 0.0, 0.0, 0.0, 0.0, 0.0, 0.0, 0.0, 0.0, 0.0, 0.0, 0.0, 0.0, 0.0, 0.0, 0.0, 0.0, 0.0, 0.0, 0.0, 0.0, 0.0, 0.0, 0.0, 0.0, 0.0, 0.0, 0.0], [0.0, 0.0, 0.0, 0.0, 0.0, 0.0, 0.0, 0.0, 0.0, 0.0, 0.0, 0.0, 0.0, 0.0, 0.0, 0.0, 0.0, 0.0, 0.0, 0.0, 0.0, 0.0, 0.0, 0.0, 0.0, 0.0, 0.0, 0.0], [0.0, 0.0, 0.0, 0.0, 0.0, 0.0, 0.0, 0.0, 0.0, 0.0, 0.0, 0.0, 0.0, 0.0, 0.0, 0.0, 0.0, 0.0, 0.0, 0.0, 0.0, 0.0, 0.0, 0.0, 0.0, 0.0, 0.0, 0.0], [0.0, 0.0, 0.0, 0.0, 0.0, 0.0, 0.0, 0.0, 0.0, 0.0, 0.0, 0.0, 0.0, 0.0, 0.0, 0.0, 0.0, 0.0, 0.0, 0.0, 0.0, 0.0, 0.0, 0.0, 0.0, 0.0, 0.0, 0.0], [0.0, 0.0, 0.0, 0.0, 0.0, 0.0, 0.0, 0.0, 0.0, 0.0, 0.0, 0.0, 0.0, 0.0, 0.0, 0.0, 0.0, 0.0, 0.0, 0.0, 0.0, 0.0, 0.0, 0.0, 0.0, 0.0, 0.0, 0.0]], [[0.0, 0.0, 0.0, 0.0, 0.0, 0.0, 0.0, 0.0, 0.0, 0.0, 0.0, 0.0, 0.0, 0.0, 0.0, 0.0, 0.0, 0.0, 0.0, 0.0, 0.0, 0.0, 0.0, 0.0, 0.0, 0.0, 0.0, 0.0], [0.0, 0.0, 0.0, 0.0, 0.0, 0.0, 0.0, 0.0, 0.0, 0.0, 0.0, 0.0, 0.0, 0.0, 0.0, 0.0, 0.0, 0.0, 0.0, 0.0, 0.0, 0.0, 0.0, 0.0, 0.0, 0.0, 0.0, 0.0], [0.0, 0.0, 0.0, 0.0, 0.0, 0.0, 0.0, 0.0, 0.0, 0.0, 0.0, 0.0, 0.0, 0.0, 0.0, 0.0, 0.0, 0.0, 0.0, 0.0, 0.0, 0.0, 0.0, 0.0, 0.0, 0.0, 0.0, 0.0], [0.0, 0.0, 0.0, 0.0, 0.0, 0.0, 0.0, 0.0, 0.0, 0.0, 0.0, 0.0, 0.0, 0.0, 0.0, 0.0, 0.0, 0.0, 0.0, 0.0, 0.0, 0.0, 0.0, 0.0, 0.0, 0.0, 0.0, 0.0], [0.0, 0.0, 0.0, 0.0, 0.0, 0.0, 0.0, 0.0, 0.0, 0.0, 0.0, 0.0, 0.0, 0.0, 0.0, 0.0, 0.0, 0.0, 0.0, 0.0, 0.0, 0.0, 0.0, 0.0, 0.0, 0.0, 0.0, 0.0], [0.0, 0.0, 0.0, 0.0, 0.0, 0.0, 0.0, 0.0, 0.0, 0.0, 0.0, 0.0, 0.0, 0.0, 0.0, 0.0, 0.0, 0.0, 0.0, 0.0, 0.0, 0.0, 0.0, 0.0, 0.0, 0.0, 0.0, 0.0]], [[0.0, 0.0, 0.0, 0.0, 0.0, 0.0, 0.0, 0.0, 0.0, 0.0, 0.0, 0.0, 0.0, 0.0, 0.0, 0.0, 0.0, 0.0, 0.0, 0.0, 0.0, 0.0, 0.0, 0.0, 0.0, 0.0, 0.0, 0.0], [0.0, 0.0, 0.0, 0.0, 0.0, 0.0, 0.0, 0.0, 0.0, 0.0, 0.0, 0.0, 0.0, 0.0, 0.0, 0.0, 0.0, 0.0, 0.0, 0.0, 0.0, 0.0, 0.0, 0.0, 0.0, 0.0, 0.0, 0.0], [0.0, 0.0, 0.0, 0.0, 0.0, 0.0, 0.0, 0.0, 0.0, 0.0, 0.0, 0.0, 0.0, 0.0, 0.0, 0.0, 0.0, 0.0, 0.0, 0.0, 0.0, 0.0, 0.0, 0.0, 0.0, 0.0, 0.0, 0.0], [0.0, 0.0, 0.0, 0.0, 0.0, 0.0, 0.0, 0.0, 0.0, 0.0, 0.0, 0.0, 0.0, 0.0, 0.0, 0.0, 0.0, 0.0, 0.0, 0.0, 0.0, 0.0, 0.0, 0.0, 0.0, 0.0, 0.0, 0.0], [0.0, 0.0, 0.0, 0.0, 0.0, 0.0, 0.0, 0.0, 0.0, 0.0, 0.0, 0.0, 0.0, 0.0, 0.0, 0.0, 0.0, 0.0, 0.0, 0.0, 0.0, 0.0, 0.0, 0.0, 0.0, 0.0, 0.0, 0.0], [0.0, 0.0, 0.0, 0.0, 0.0, 0.0, 0.0, 0.0, 0.0, 0.0, 0.0, 0.0, 0.0, 0.0, 0.0, 0.0, 0.0, 0.0, 0.0, 0.0, 0.0, 0.0, 0.0, 0.0, 0.0, 0.0, 0.0, 0.0]], [[0.0, 0.0, 0.0, 0.0, 0.0, 0.0, 0.0, 0.0, 0.0, 0.0, 0.0, 0.0, 0.0, 0.0, 0.0, 0.0, 0.0, 0.0, 0.0, 0.0, 0.0, 0.0, 0.0, 0.0, 0.0, 0.0, 0.0, 0.0], [0.0, 0.0, 0.0, 0.0, 0.0, 0.0, 0.0, 0.0, 0.0, 0.0, 0.0, 0.0, 0.0, 0.0, 0.0, 0.0, 0.0, 0.0, 0.0, 0.0, 0.0, 0.0, 0.0, 0.0, 0.0, 0.0, 0.0, 0.0], [0.0, 0.0, 0.0, 0.0, 0.0, 0.0, 0.0, 0.0, 0.0, 0.0, 0.0, 0.0, 0.0, 0.0, 0.0, 0.0, 0.0, 0.0, 0.0, 0.0, 0.0, 0.0, 0.0, 0.0, 0.0, 0.0, 0.0, 0.0], [0.0, 0.0, 0.0, 0.0, 0.0, 0.0, 0.0, 0.0, 0.0, 0.0, 0.0, 0.0, 0.0, 0.0, 0.0, 0.0, 0.0, 0.0, 0.0, 0.0, 0.0, 0.0, 0.0, 0.0, 0.0, 0.0, 0.0, 0.0], [0.0, 0.0, 0.0, 0.0, 0.0, 0.0, 0.0, 0.0, 0.0, 0.0, 0.0, 0.0, 0.0, 0.0, 0.0, 0.0, 0.0, 0.0, 0.0, 0.0, 0.0, 0.0, 0.0, 0.0, 0.0, 0.0, 0.0, 0.0], [0.0, 0.0, 0.0, 0.0, 0.0, 0.0, 0.0, 0.0, 0.0, 0.0, 0.0, 0.0, 0.0, 0.0, 0.0, 0.0, 0.0, 0.0, 0.0, 0.0, 0.0, 0.0, 0.0, 0.0, 0.0, 0.0, 0.0, 0.0]], [[0.0, 0.0, 0.0, 0.0, 0.0, 0.0, 0.0, 0.0, 0.0, 0.0, 0.0, 0.0, 0.0, 0.0, 0.0, 0.0, 0.0, 0.0, 0.0, 0.0, 0.0, 0.0, 0.0, 0.0, 0.0, 0.0, 0.0, 0.0], [0.0, 0.0, 0.0, 0.0, 0.0, 0.0, 0.0, 0.0, 0.0, 0.0, 0.0, 0.0, 0.0, 0.0, 0.0, 0.0, 0.0, 0.0, 0.0, 0.0, 0.0, 0.0, 0.0, 0.0, 0.0, 0.0, 0.0, 0.0], [0.0, 0.0, 0.0, 0.0, 0.0, 0.0, 0.0, 0.0, 0.0, 0.0, 0.0, 0.0, 0.0, 0.0, 0.0, 0.0, 0.0, 0.0, 0.0, 0.0, 0.0, 0.0, 0.0, 0.0, 0.0, 0.0, 0.0, 0.0], [0.0, 0.0, 0.0, 0.0, 0.0, 0.0, 0.0, 0.0, 0.0, 0.0, 0.0, 0.0, 0.0, 0.0, 0.0, 0.0, 0.0, 0.0, 0.0, 0.0, 0.0, 0.0, 0.0, 0.0, 0.0, 0.0, 0.0, 0.0], [0.0, 0.0, 0.0, 0.0, 0.0, 0.0, 0.0, 0.0, 0.0, 0.0, 0.0, 0.0, 0.0, 0.0, 0.0, 0.0, 0.0, 0.0, 0.0, 0.0, 0.0, 0.0, 0.0, 0.0, 0.0, 0.0, 0.0, 0.0], [0.0, 0.0, 0.0, 0.0, 0.0, 0.0, 0.0, 0.0, 0.0, 0.0, 0.0, 0.0, 0.0, 0.0, 0.0, 0.0, 0.0, 0.0, 0.0, 0.0, 0.0, 0.0, 0.0, 0.0, 0.0, 0.0, 0.0, 0.0]], [[0.0, 0.0, 0.0, 0.0, 0.0, 0.0, 0.0, 0.0, 0.0, 0.0, 0.0, 0.0, 0.0, 0.0, 0.0, 0.0, 0.0, 0.0, 0.0, 0.0, 0.0, 0.0, 0.0, 0.0, 0.0, 0.0, 0.0, 0.0], [0.0, 0.0, 0.0, 0.0, 0.0, 0.0, 0.0, 0.0, 0.0, 0.0, 0.0, 0.0, 0.0, 0.0, 0.0, 0.0, 0.0, 0.0, 0.0, 0.0, 0.0, 0.0, 0.0, 0.0, 0.0, 0.0, 0.0, 0.0], [0.0, 0.0, 0.0, 0.0, 0.0, 0.0, 0.0, 0.0, 0.0, 0.0, 0.0, 0.0, 0.0, 0.0, 0.0, 0.0, 0.0, 0.0, 0.0, 0.0, 0.0, 0.0, 0.0, 0.0, 0.0, 0.0, 0.0, 0.0], [0.0, 0.0, 0.0, 0.0, 0.0, 0.0, 0.0, 0.0, 0.0, 0.0, 0.0, 0.0, 0.0, 0.0, 0.0, 0.0, 0.0, 0.0, 0.0, 0.0, 0.0, 0.0, 0.0, 0.0, 0.0, 0.0, 0.0, 0.0], [0.0, 0.0, 0.0, 0.0, 0.0, 0.0, 0.0, 0.0, 0.0, 0.0, 0.0, 0.0, 0.0, 0.0, 0.0, 0.0, 0.0, 0.0, 0.0, 0.0, 0.0, 0.0, 0.0, 0.0, 0.0, 0.0, 0.0, 0.0], [0.0, 0.0, 0.0, 0.0, 0.0, 0.0, 0.0, 0.0, 0.0, 0.0, 0.0, 0.0, 0.0, 0.0, 0.0, 0.0, 0.0, 0.0, 0.0, 0.0, 0.0, 0.0, 0.0, 0.0, 0.0, 0.0, 0.0, 0.0]], [[0.0, 0.0, 0.0, 0.0, 0.0, 0.0, 0.0, 0.0, 0.0, 0.0, 0.0, 0.0, 0.0, 0.0, 0.0, 0.0, 0.0, 0.0, 0.0, 0.0, 0.0, 0.0, 0.0, 0.0, 0.0, 0.0, 0.0, 0.0], [0.0, 0.0, 0.0, 0.0, 0.0, 0.0, 0.0, 0.0, 0.0, 0.0, 0.0, 0.0, 0.0, 0.0, 0.0, 0.0, 0.0, 0.0, 0.0, 0.0, 0.0, 0.0, 0.0, 0.0, 0.0, 0.0, 0.0, 0.0], [0.0, 0.0, 0.0, 0.0, 0.0, 0.0, 0.0, 0.0, 0.0, 0.0, 0.0, 0.0, 0.0, 0.0, 0.0, 0.0, 0.0, 0.0, 0.0, 0.0, 0.0, 0.0, 0.0, 0.0, 0.0, 0.0, 0.0, 0.0], [0.0, 0.0, 0.0, 0.0, 0.0, 0.0, 0.0, 0.0, 0.0, 0.0, 0.0, 0.0, 0.0, 0.0, 0.0, 0.0, 0.0, 0.0, 0.0, 0.0, 0.0, 0.0, 0.0, 0.0, 0.0, 0.0, 0.0, 0.0], [0.0, 0.0, 0.0, 0.0, 0.0, 0.0, 0.0, 0.0, 0.0, 0.0, 0.0, 0.0, 0.0, 0.0, 0.0, 0.0, 0.0, 0.0, 0.0, 0.0, 0.0, 0.0, 0.0, 0.0, 0.0, 0.0, 0.0, 0.0], [0.0, 0.0, 0.0, 0.0, 0.0, 0.0, 0.0, 0.0, 0.0, 0.0, 0.0, 0.0, 0.0, 0.0, 0.0, 0.0, 0.0, 0.0, 0.0, 0.0, 0.0, 0.0, 0.0, 0.0, 0.0, 0.0, 0.0, 0.0]], [[0.0, 0.0, 0.0, 0.0, 0.0, 0.0, 0.0, 0.0, 0.0, 0.0, 0.0, 0.0, 0.0, 0.0, 0.0, 0.0, 0.0, 0.0, 0.0, 0.0, 0.0, 0.0, 0.0, 0.0, 0.0, 0.0, 0.0, 0.0], [0.0, 0.0, 0.0, 0.0, 0.0, 0.0, 0.0, 0.0, 0.0, 0.0, 0.0, 0.0, 0.0, 0.0, 0.0, 0.0, 0.0, 0.0, 0.0, 0.0, 0.0, 0.0, 0.0, 0.0, 0.0, 0.0, 0.0, 0.0], [0.0, 0.0, 0.0, 0.0, 0.0, 0.0, 0.0, 0.0, 0.0, 0.0, 0.0, 0.0, 0.0, 0.0, 0.0, 0.0, 0.0, 0.0, 0.0, 0.0, 0.0, 0.0, 0.0, 0.0, 0.0, 0.0, 0.0, 0.0], [0.0, 0.0, 0.0, 0.0, 0.0, 0.0, 0.0, 0.0, 0.0, 0.0, 0.0, 0.0, 0.0, 0.0, 0.0, 0.0, 0.0, 0.0, 0.0, 0.0, 0.0, 0.0, 0.0, 0.0, 0.0, 0.0, 0.0, 0.0], [0.0, 0.0, 0.0, 0.0, 0.0, 0.0, 0.0, 0.0, 0.0, 0.0, 0.0, 0.0, 0.0, 0.0, 0.0, 0.0, 0.0, 0.0, 0.0, 0.0, 0.0, 0.0, 0.0, 0.0, 0.0, 0.0, 0.0, 0.0], [0.0, 0.0, 0.0, 0.0, 0.0, 0.0, 0.0, 0.0, 0.0, 0.0, 0.0, 0.0, 0.0, 0.0, 0.0, 0.0, 0.0, 0.0, 0.0, 0.0, 0.0, 0.0, 0.0, 0.0, 0.0, 0.0, 0.0, 0.0]], [[0.0, 0.0, 0.0, 0.0, 0.0, 0.0, 0.0, 0.0, 0.0, 0.0, 0.0, 0.0, 0.0, 0.0, 0.0, 0.0, 0.0, 0.0, 0.0, 0.0, 0.0, 0.0, 0.0, 0.0, 0.0, 0.0, 0.0, 0.0], [0.0, 0.0, 0.0, 0.0, 0.0, 0.0, 0.0, 0.0, 0.0, 0.0, 0.0, 0.0, 0.0, 0.0, 0.0, 0.0, 0.0, 0.0, 0.0, 0.0, 0.0, 0.0, 0.0, 0.0, 0.0, 0.0, 0.0, 0.0], [0.0, 0.0, 0.0, 0.0, 0.0, 0.0, 0.0, 0.0, 0.0, 0.0, 0.0, 0.0, 0.0, 0.0, 0.0, 0.0, 0.0, 0.0, 0.0, 0.0, 0.0, 0.0, 0.0, 0.0, 0.0, 0.0, 0.0, 0.0], [0.0, 0.0, 0.0, 0.0, 0.0, 0.0, 0.0, 0.0, 0.0, 0.0, 0.0, 0.0, 0.0, 0.0, 0.0, 0.0, 0.0, 0.0, 0.0, 0.0, 0.0, 0.0, 0.0, 0.0, 0.0, 0.0, 0.0, 0.0], [0.0, 0.0, 0.0, 0.0, 0.0, 0.0, 0.0, 0.0, 0.0, 0.0, 0.0, 0.0, 0.0, 0.0, 0.0, 0.0, 0.0, 0.0, 0.0, 0.0, 0.0, 0.0, 0.0, 0.0, 0.0, 0.0, 0.0, 0.0], [0.0, 0.0, 0.0, 0.0, 0.0, 0.0, 0.0, 0.0, 0.0, 0.0, 0.0, 0.0, 0.0, 0.0, 0.0, 0.0, 0.0, 0.0, 0.0, 0.0, 0.0, 0.0, 0.0, 0.0, 0.0, 0.0, 0.0, 0.0]]];
t = [[99999999.0, 6.284246434635805, 13.516001142675723, 8.896525844866954, 8.331816015402879, 12.972444051643535, 14.66291047855839, 9.124714247665008, 11.445931761462857, 5.458514224133722, 7.802663437714551, 5.642477115040231, 10.801528246741555, 8.268098222724696, 14.801545493285612, 7.544136113939417, 13.740942260921202, 6.135607881433591, 9.190250686770668, 14.224716332903803, 7.773144498116183, 6.997241096067395, 7.248532178275601, 14.914830045666719, 6.800059443708707, 9.299139841714446, 6.234180977622829, 12.820890768591813, 14.815383603844504, 7.558360761333253], [6.284246434635805, 99999999.0, 14.314831549103873, 10.875443181310708, 8.34481273815367, 8.59129543103709, 6.338629880630812, 6.711953038275514, 11.663906390914468, 10.332247190761894, 7.283178834140264, 12.733651870507874, 14.924724012338606, 14.077677853455596, 5.47319744680133, 10.608665844415748, 10.347261932208442, 5.60997506844196, 14.597979387043026, 9.61912939974388, 7.626003074264348, 7.785816393030388, 12.882439938654157, 12.897479224131462, 10.883603028808324, 10.579092140953389, 7.565546860003119, 8.964500291823601, 8.487767162644015, 6.852042428633727], [13.516001142675723, 14.314831549103873, 99999999.0, 5.595533620548979, 5.3876424831317395, 12.417033697890124, 8.672335562235595, 5.51647854708502, 14.873177812866473, 7.12982712388929, 8.20330912594648, 12.664101512425365, 12.801221883269793, 14.630121073258328, 5.891351179149268, 10.029423570749856, 13.339406230322211, 9.460291060235404, 5.962429840653346, 14.65761062827903, 11.026884961708836, 13.979681639531764, 7.424491910856594, 14.63011248889513, 13.274397948262836, 9.935154014111902, 8.571167503974793, 12.196613049338236, 9.339620334413862, 5.073121634293275], [8.896525844866954, 10.875443181310708, 5.595533620548979, 99999999.0, 11.08558887189377, 13.899325696152404, 14.176380612482719, 13.80996768085894, 13.015841929781816, 7.951968464623599, 5.742804806533801, 7.50622754574096, 13.29583560159657, 12.458341126652858, 7.115738385454215, 12.531646487221568, 5.001340176532096, 6.349784600005951, 14.44038060513777, 10.411732272844487, 9.287387928913514, 9.072920371394728, 7.26384162111173, 13.645991439888945, 6.377951709714988, 5.373875296545738, 14.877252655499825, 12.758614264987909, 9.785572197838587, 10.170074916399514], [8.331816015402879, 8.34481273815367, 5.3876424831317395, 11.08558887189377, 99999999.0, 12.332340292470487, 7.2032639724105145, 6.761561961801207, 11.25355956016403, 6.251517905077063, 6.0177590313746325, 7.276238324064202, 10.079332898112893, 8.452555155281964, 7.498989420558823, 14.104503005904288, 6.367864948820717, 12.594772694857674, 11.672646520415139, 7.483320528518108, 13.885501344188482, 8.334755892270639, 11.710666215582059, 11.098246666207935, 14.159971749195108, 9.838028741656297, 10.077080566952173, 9.682720351016492, 5.4279247338006495, 7.9272981890562715], [12.972444051643535, 8.59129543103709, 12.417033697890124, 13.899325696152404, 12.332340292470487, 99999999.0, 6.4337846741031335, 10.181435100848129, 9.488265163194924, 7.291964584607262, 12.724538588298623, 5.82097832102731, 6.190156497395004, 5.669621774577147, 9.598523534068544, 6.276772583317238, 12.495866319534832, 8.596507509223287, 7.824884419114837, 14.464137915813179, 11.80553193398241, 10.441642675395045, 8.778032667692301, 7.497414862434519, 8.729004471633566, 14.476968779528775, 11.27152438043575, 12.251475360191584, 8.718610895029036, 12.828812149497221], [14.66291047855839, 6.338629880630812, 8.672335562235595, 14.176380612482719, 7.2032639724105145, 6.4337846741031335, 99999999.0, 14.5620417074424, 12.636780212199817, 10.278026169436938, 9.159335011626283, 10.912429360857544, 6.025895843476493, 11.278988983826412, 10.100827300419624, 9.173965583526806, 9.662783960727646, 11.967677633430359, 5.5473543510434995, 5.265376541104408, 14.305905696992586, 12.128619449838121, 5.255412113821565, 6.8085986243945325, 13.369747116239525, 5.477062947052033, 9.516545812402777, 7.278796871722021, 10.380459087885239, 8.952638837817354], [9.124714247665008, 6.711953038275514, 5.51647854708502, 13.80996768085894, 6.761561961801207, 10.181435100848129, 14.5620417074424, 99999999.0, 10.2344459393197, 10.440682072050008, 6.529726486710917, 8.059482286649354, 6.884316926354304, 6.709625931783485, 10.691991278601396, 13.203535694587105, 13.79453185948512, 10.86234532892293, 7.030632138689347, 8.291536946265635, 13.640429971973902, 7.903425077682088, 8.948649485937972, 13.659651031812615, 9.04406212742506, 8.389629171461193, 5.863365744626371, 8.117666511144527, 5.900603247857084, 10.862739196796017], [11.445931761462857, 11.663906390914468, 14.873177812866473, 13.015841929781816, 11.25355956016403, 9.488265163194924, 12.636780212199817, 10.2344459393197, 99999999.0, 14.980939819932736, 11.951188628741512, 12.629175429780998, 14.295760269141448, 10.065703807491616, 12.053302556976309, 12.656400070922535, 7.081912684498596, 5.907060070396977, 11.618333273734883, 7.39364222866639, 9.318928040207243, 13.70805729396969, 11.666166844544467, 6.753515244709117, 14.448603775429271, 11.89050602726601, 12.044784903133477, 8.58794661685943, 11.707588260113623, 10.029683801368906], [5.458514224133722, 10.332247190761894, 7.12982712388929, 7.951968464623599, 6.251517905077063, 7.291964584607262, 10.278026169436938, 10.440682072050008, 14.980939819932736, 99999999.0, 10.004009016547071, 10.83704999329081, 11.04395852392146, 8.4417835906387, 10.430974894729658, 12.616446440084978, 13.219411997471896, 9.380567605802677, 6.932249666899878, 11.363479690267837, 7.452367215923847, 6.760232797677298, 13.694014741214733, 5.20763047779368, 14.056100841175185, 10.839860172993241, 8.470944080201633, 5.863600256875474, 8.580123042103128, 12.060868503242137], [7.802663437714551, 7.283178834140264, 8.20330912594648, 5.742804806533801, 6.0177590313746325, 12.724538588298623, 9.159335011626283, 6.529726486710917, 11.951188628741512, 10.004009016547071, 99999999.0, 8.50400056578513, 10.879333453280461, 6.827379748202418, 13.11684348273639, 12.501217779949364, 6.488306851979764, 13.033567714647535, 14.198153696535622, 14.877312632282313, 9.15868740818821, 14.422511984259383, 5.77960255458941, 14.096297076169385, 10.120912367554721, 6.361611961251916, 9.046851127423022, 14.091223033174597, 13.781193127984144, 6.096399087421798], [5.642477115040231, 12.733651870507874, 12.664101512425365, 7.50622754574096, 7.276238324064202, 5.82097832102731, 10.912429360857544, 8.059482286649354, 12.629175429780998, 10.83704999329081, 8.50400056578513, 99999999.0, 11.731084033213284, 11.7685066805008, 13.638419691212922, 7.158349382845191, 9.198328129607894, 7.322979981413865, 14.174977845434789, 12.10072509433106, 5.15734805788319, 12.671478176364452, 6.244642242163069, 5.326242299033317, 14.836626206104702, 11.126976567628862, 9.19105030587196, 12.856889793203212, 11.132738341444536, 10.270185874953649], [10.801528246741555, 14.924724012338606, 12.801221883269793, 13.29583560159657, 10.079332898112893, 6.190156497395004, 6.025895843476493, 6.884316926354304, 14.295760269141448, 11.04395852392146, 10.879333453280461, 11.731084033213284, 99999999.0, 9.559606428640095, 9.543449187741917, 6.677502914242787, 10.813312528725092, 6.327419370754509, 12.342288828371414, 12.572911850762083, 13.546143559927772, 7.93336827029216, 12.664520508280862, 13.44228979658992, 9.608027115231614, 11.453344489852284, 7.497602551431957, 5.259119101914398, 8.509975830058458, 12.33835846657128], [8.268098222724696, 14.077677853455596, 14.630121073258328, 12.458341126652858, 8.452555155281964, 5.669621774577147, 11.278988983826412, 6.709625931783485, 10.065703807491616, 8.4417835906387, 6.827379748202418, 11.7685066805008, 9.559606428640095, 99999999.0, 9.810865782722285, 13.656313730540106, 14.553426181266628, 13.257857594055293, 11.929312341636283, 7.789488190320272, 11.441639195657821, 9.371587868923804, 5.598728623429508, 12.940122443851381, 7.278081164037439, 8.462373466425245, 8.057774270311292, 6.848764536363118, 12.464254533066711, 10.308438496789773], [14.801545493285612, 5.47319744680133, 5.891351179149268, 7.115738385454215, 7.498989420558823, 9.598523534068544, 10.100827300419624, 10.691991278601396, 12.053302556976309, 10.430974894729658, 13.11684348273639, 13.638419691212922, 9.543449187741917, 9.810865782722285, 99999999.0, 14.157978374576686, 10.028380130588062, 7.546618951787795, 6.742911960247077, 14.619586052328508, 14.187000098516565, 11.487480227338196, 9.860272920878309, 11.769321903132141, 10.285656534380358, 13.552945062460433, 7.472342114106492, 5.249730444768932, 14.77230059330573, 14.376192326107518], [7.544136113939417, 10.608665844415748, 10.029423570749856, 12.531646487221568, 14.104503005904288, 6.276772583317238, 9.173965583526806, 13.203535694587105, 12.656400070922535, 12.616446440084978, 12.501217779949364, 7.158349382845191, 6.677502914242787, 13.656313730540106, 14.157978374576686, 99999999.0, 12.259691996944653, 10.672155849982907, 13.005723545002345, 6.526370701909547, 12.214394323324369, 14.356832473140223, 8.322714442112957, 6.7007477217127756, 14.332213702226554, 10.126466222979289, 10.465171540316344, 10.417041587617247, 12.838398709029235, 7.515655821362108], [13.740942260921202, 10.347261932208442, 13.339406230322211, 5.001340176532096, 6.367864948820717, 12.495866319534832, 9.662783960727646, 13.79453185948512, 7.081912684498596, 13.219411997471896, 6.488306851979764, 9.198328129607894, 10.813312528725092, 14.553426181266628, 10.028380130588062, 12.259691996944653, 99999999.0, 5.850421160645297, 12.258837572411041, 5.763051129115821, 5.581907490455638, 7.942361339346845, 12.688884901664695, 8.870749041887738, 6.838417895102152, 11.83500342363837, 6.5384990739008755, 6.541058619330715, 11.969606587229501, 6.882973490626698], [6.135607881433591, 5.60997506844196, 9.460291060235404, 6.349784600005951, 12.594772694857674, 8.596507509223287, 11.967677633430359, 10.86234532892293, 5.907060070396977, 9.380567605802677, 13.033567714647535, 7.322979981413865, 6.327419370754509, 13.257857594055293, 7.546618951787795, 10.672155849982907, 5.850421160645297, 99999999.0, 7.690663947708622, 8.234955521706539, 8.093951299691328, 5.014145416578644, 11.227322248536504, 7.40202533526198, 11.1974490018313, 7.416505510528417, 10.364736887059566, 11.50019544821495, 8.492700980257858, 13.372512608496267], [9.190250686770668, 14.597979387043026, 5.962429840653346, 14.44038060513777, 11.672646520415139, 7.824884419114837, 5.5473543510434995, 7.030632138689347, 11.618333273734883, 6.932249666899878, 14.198153696535622, 14.174977845434789, 12.342288828371414, 11.929312341636283, 6.742911960247077, 13.005723545002345, 12.258837572411041, 7.690663947708622, 99999999.0, 13.129379268795955, 13.132841644257203, 10.956388923701443, 12.089793982861037, 6.803952825835408, 12.855251413718438, 14.531193369308868, 14.117467106134526, 7.184972433893616, 12.954584603082555, 9.198667869080452], [14.224716332903803, 9.61912939974388, 14.65761062827903, 10.411732272844487, 7.483320528518108, 14.464137915813179, 5.265376541104408, 8.291536946265635, 7.39364222866639, 11.363479690267837, 14.877312632282313, 12.10072509433106, 12.572911850762083, 7.789488190320272, 14.619586052328508, 6.526370701909547, 5.763051129115821, 8.234955521706539, 13.129379268795955, 99999999.0, 10.268494580903436, 12.524691493376851, 14.626115777563752, 14.044927332310184, 12.64013046822107, 5.502870806045939, 9.077894239836251, 7.71845612584157, 7.841643757322117, 11.912092311490603], [7.773144498116183, 7.626003074264348, 11.026884961708836, 9.287387928913514, 13.885501344188482, 11.80553193398241, 14.305905696992586, 13.640429971973902, 9.318928040207243, 7.452367215923847, 9.15868740818821, 5.15734805788319, 13.546143559927772, 11.441639195657821, 14.187000098516565, 12.214394323324369, 5.581907490455638, 8.093951299691328, 13.132841644257203, 10.268494580903436, 99999999.0, 11.894223272896376, 8.881994077911859, 9.665302455289007, 7.721723099151433, 12.01265828571271, 5.753809120635841, 11.568051310144948, 10.25348602618244, 7.221250455341265], [6.997241096067395, 7.785816393030388, 13.979681639531764, 9.072920371394728, 8.334755892270639, 10.441642675395045, 12.128619449838121, 7.903425077682088, 13.70805729396969, 6.760232797677298, 14.422511984259383, 12.671478176364452, 7.93336827029216, 9.371587868923804, 11.487480227338196, 14.356832473140223, 7.942361339346845, 5.014145416578644, 10.956388923701443, 12.524691493376851, 11.894223272896376, 99999999.0, 11.684648597352588, 8.939207013959114, 7.662025862865354, 10.34139553859142, 14.809780439440928, 12.331354470293796, 8.036746783758204, 6.776086473558772], [7.248532178275601, 12.882439938654157, 7.424491910856594, 7.26384162111173, 11.710666215582059, 8.778032667692301, 5.255412113821565, 8.948649485937972, 11.666166844544467, 13.694014741214733, 5.77960255458941, 6.244642242163069, 12.664520508280862, 5.598728623429508, 9.860272920878309, 8.322714442112957, 12.688884901664695, 11.227322248536504, 12.089793982861037, 14.626115777563752, 8.881994077911859, 11.684648597352588, 99999999.0, 8.0351796665479, 10.1334635834911, 6.980489177762146, 8.767661518039105, 14.41254920054159, 14.593704647958827, 13.164414746338712], [14.914830045666719, 12.897479224131462, 14.63011248889513, 13.645991439888945, 11.098246666207935, 7.497414862434519, 6.8085986243945325, 13.659651031812615, 6.753515244709117, 5.20763047779368, 14.096297076169385, 5.326242299033317, 13.44228979658992, 12.940122443851381, 11.769321903132141, 6.7007477217127756, 8.870749041887738, 7.40202533526198, 6.803952825835408, 14.044927332310184, 9.665302455289007, 8.939207013959114, 8.0351796665479, 99999999.0, 7.285607533666583, 11.991371178061039, 6.166213952971706, 12.886244915677612, 13.213567434805269, 6.637588705947747], [6.800059443708707, 10.883603028808324, 13.274397948262836, 6.377951709714988, 14.159971749195108, 8.729004471633566, 13.369747116239525, 9.04406212742506, 14.448603775429271, 14.056100841175185, 10.120912367554721, 14.836626206104702, 9.608027115231614, 7.278081164037439, 10.285656534380358, 14.332213702226554, 6.838417895102152, 11.1974490018313, 12.855251413718438, 12.64013046822107, 7.721723099151433, 7.662025862865354, 10.1334635834911, 7.285607533666583, 99999999.0, 10.454921486019117, 13.343494558123352, 11.186280163666215, 6.121271124549389, 12.701047867503945], [9.299139841714446, 10.579092140953389, 9.935154014111902, 5.373875296545738, 9.838028741656297, 14.476968779528775, 5.477062947052033, 8.389629171461193, 11.89050602726601, 10.839860172993241, 6.361611961251916, 11.126976567628862, 11.453344489852284, 8.462373466425245, 13.552945062460433, 10.126466222979289, 11.83500342363837, 7.416505510528417, 14.531193369308868, 5.502870806045939, 12.01265828571271, 10.34139553859142, 6.980489177762146, 11.991371178061039, 10.454921486019117, 99999999.0, 12.104511770849811, 9.055982153723644, 10.377709001095688, 10.744050089598375], [6.234180977622829, 7.565546860003119, 8.571167503974793, 14.877252655499825, 10.077080566952173, 11.27152438043575, 9.516545812402777, 5.863365744626371, 12.044784903133477, 8.470944080201633, 9.046851127423022, 9.19105030587196, 7.497602551431957, 8.057774270311292, 7.472342114106492, 10.465171540316344, 6.5384990739008755, 10.364736887059566, 14.117467106134526, 9.077894239836251, 5.753809120635841, 14.809780439440928, 8.767661518039105, 6.166213952971706, 13.343494558123352, 12.104511770849811, 99999999.0, 12.956499932891589, 11.094631375165937, 10.865211031019262], [12.820890768591813, 8.964500291823601, 12.196613049338236, 12.758614264987909, 9.682720351016492, 12.251475360191584, 7.278796871722021, 8.117666511144527, 8.58794661685943, 5.863600256875474, 14.091223033174597, 12.856889793203212, 5.259119101914398, 6.848764536363118, 5.249730444768932, 10.417041587617247, 6.541058619330715, 11.50019544821495, 7.184972433893616, 7.71845612584157, 11.568051310144948, 12.331354470293796, 14.41254920054159, 12.886244915677612, 11.186280163666215, 9.055982153723644, 12.956499932891589, 99999999.0, 13.680320796262889, 5.04389395195573], [14.815383603844504, 8.487767162644015, 9.339620334413862, 9.785572197838587, 5.4279247338006495, 8.718610895029036, 10.380459087885239, 5.900603247857084, 11.707588260113623, 8.580123042103128, 13.781193127984144, 11.132738341444536, 8.509975830058458, 12.464254533066711, 14.77230059330573, 12.838398709029235, 11.969606587229501, 8.492700980257858, 12.954584603082555, 7.841643757322117, 10.25348602618244, 8.036746783758204, 14.593704647958827, 13.213567434805269, 6.121271124549389, 10.377709001095688, 11.094631375165937, 13.680320796262889, 99999999.0, 12.145425633380905], [7.558360761333253, 6.852042428633727, 5.073121634293275, 10.170074916399514, 7.9272981890562715, 12.828812149497221, 8.952638837817354, 10.862739196796017, 10.029683801368906, 12.060868503242137, 6.096399087421798, 10.270185874953649, 12.33835846657128, 10.308438496789773, 14.376192326107518, 7.515655821362108, 6.882973490626698, 13.372512608496267, 9.198667869080452, 11.912092311490603, 7.221250455341265, 6.776086473558772, 13.164414746338712, 6.637588705947747, 12.701047867503945, 10.744050089598375, 10.865211031019262, 5.04389395195573, 12.145425633380905, 99999999.0]];
