M = 99999999.0;
numWorkers = 25;
numRoles = 6;
numNodes = 30;
wStart = [0, 27.296446805586612, 22.80536976565803, 14.486210819483501, 29.071488645739596, 31.55648460647356, 57.18002175424423, 43.77962985633835, 40.51678211752324, 47.51827586080789, 32.73932519847687, 43.11907049854526, 14.355741002298426, 51.914865270826375, 52.996188966911284, 45.88413025057184, 48.203545367137565, 32.00555462532682, 50.45935314569834, 32.73882596492169, 24.144531505473136, 44.07547329892093, 24.571011934692372, 59.965029220579524, 49.2467690565149, 45.09255918976778, 28.099606861692195, 15.152383938620403, 22.163659839811675, 0];
wEnd = [0, 56.8944016830635, 59.86326500022997, 49.63084387306764, 56.05287381382825, 67.43969416533616, 86.8838758779089, 80.34288405644301, 71.56704602948727, 80.64468500542989, 61.06325559649028, 78.74832728903633, 42.03902160249264, 77.69280548468117, 83.95697754002455, 84.46423049253717, 82.22345321319138, 68.57947921353079, 83.0580202909864, 64.67353127159487, 59.41760188604299, 76.30474238973059, 56.67937515221135, 89.75855939166863, 88.61302593214252, 81.86164913654743, 62.115741710293804, 44.26769927605846, 52.146427700483486, 90];
p = [0, 12.459135616856132, 16.0720445371256, 15.905783964117402, 10.99211532591849, 20.514160167286263, 18.40066138578024, 9.690031077607411, 8.82565872458742, 19.47717193591478, 14.97484594032132, 13.002837177708447, 14.86931366142682, 9.12614741700359, 19.64623808687827, 22.638722457078146, 20.21619636869013, 19.697998420901293, 15.453412879167228, 16.099228114818445, 13.994226610221322, 12.409447166305899, 19.66009993142327, 15.808797781220305, 20.46298904308487, 22.377469026994067, 12.265024692134455, 17.65727776710647, 15.413467776111036, 0];
e = [[0, 0, 1, 0, 0, 1], [1, 0, 0, 1, 0, 0], [1, 1, 0, 0, 0, 0], [1, 1, 0, 0, 0, 0], [1, 0, 0, 1, 0, 0], [0, 1, 0, 0, 1, 0], [1, 0, 0, 0, 0, 1], [1, 1, 0, 0, 0, 0], [1, 0, 0, 1, 0, 0], [1, 1, 0, 0, 0, 0], [0, 1, 0, 1, 0, 0], [0, 1, 1, 0, 0, 0], [0, 1, 0, 0, 0, 1], [0, 1, 0, 0, 0, 0], [0, 1, 0, 0, 0, 0], [0, 1, 0, 1, 0, 0], [0, 1, 0, 0, 0, 1], [0, 1, 0, 1, 0, 0], [0, 1, 0, 0, 0, 1], [0, 1, 0, 0, 0, 0], [0, 1, 0, 0, 1, 0], [1, 1, 0, 0, 0, 0], [1, 1, 0, 0, 0, 0], [0, 1, 0, 0, 1, 0], [0, 1, 0, 0, 0, 0]];
d = [[0, 2, 0, 1, 2, 1, 3, 2, 1, 1, 0, 0, 0, 1, 1, 0, 1, 2, 0, 1, 2, 2, 0, 1, 1, 1, 0, 1], [0, 1, 1, 2, 1, 0, 0, 0, 1, 2, 1, 3, 1, 0, 1, 1, 1, 0, 2, 2, 0, 1, 4, 0, 1, 1, 2, 0], [1, 0, 1, 0, 1, 2, 3, 3, 1, 0, 0, 0, 2, 1, 0, 0, 0, 1, 0, 1, 0, 0, 1, 0, 0, 0, 3, 2], [1, 3, 1, 0, 1, 0, 0, 0, 1, 2, 1, 2, 2, 0, 2, 1, 0, 0, 0, 0, 0, 2, 1, 2, 0, 1, 1, 2], [1, 2, 3, 2, 0, 0, 1, 1, 2, 0, 3, 0, 0, 0, 0, 0, 1, 0, 1, 3, 0, 2, 0, 1, 1, 0, 0, 2], [1, 0, 0, 0, 2, 0, 0, 1, 2, 0, 0, 0, 0, 2, 1, 1, 0, 0, 1, 1, 1, 1, 1, 0, 2, 4, 1, 0]];
r = [2063.4428419427877, 1139.5552321933123, 1740.1263512834976, 663.9916057744048, 2320.914713881653, 3649.1892086255975, 806.0556924574167, 819.7241453928838, 2704.423639592731, 1519.0654118293512, 2321.100776221806, 1301.0305337112582, 1576.3432733498573, 3904.2598659472606, 4016.752058018771, 2632.1850695971984, 2605.063398125995, 2229.4026525084546, 3034.4393995914907, 2749.9429094535526, 741.213896676108, 1121.069718199381, 2708.483019647541, 3915.7096949627835, 3523.1760473040536, 1841.1681577112338, 1285.434576180108, 1669.8894936911765];
b = [[[0.0, 0.0, 0.0, 0.0, 0.0, 0.0, 0.0, 0.0, 0.0, 0.0, 0.0, 0.0, 0.0, 0.0, 0.0, 0.0, 0.0, 0.0, 0.0, 0.0, 0.0, 0.0, 0.0, 0.0, 0.0, 0.0, 0.0, 0.0], [0.0, 0.0, 0.0, 0.0, 0.0, 0.0, 0.0, 0.0, 0.0, 0.0, 0.0, 0.0, 0.0, 0.0, 0.0, 0.0, 0.0, 0.0, 0.0, 0.0, 0.0, 0.0, 0.0, 0.0, 0.0, 0.0, 0.0, 0.0], [0.0, 0.0, 0.0, 0.0, 0.0, 0.0, 0.0, 0.0, 0.0, 0.0, 0.0, 0.0, 0.0, 0.0, 0.0, 0.0, 0.0, 0.0, 0.0, 0.0, 0.0, 0.0, 0.0, 0.0, 0.0, 0.0, 0.0, 0.0], [0.0, 0.0, 0.0, 0.0, 0.0, 0.0, 0.0, 0.0, 0.0, 0.0, 0.0, 0.0, 0.0, 0.0, 0.0, 0.0, 0.0, 0.0, 0.0, 0.0, 0.0, 0.0, 0.0, 0.0, 0.0, 0.0, 0.0, 0.0], [0.0, 0.0, 0.0, 0.0, 0.0, 0.0, 0.0, 0.0, 0.0, 0.0, 0.0, 0.0, 0.0, 0.0, 0.0, 0.0, 0.0, 0.0, 0.0, 0.0, 0.0, 0.0, 0.0, 0.0, 0.0, 0.0, 0.0, 0.0], [0.0, 0.0, 0.0, 0.0, 0.0, 0.0, 0.0, 0.0, 0.0, 0.0, 0.0, 0.0, 0.0, 0.0, 0.0, 0.0, 0.0, 0.0, 0.0, 0.0, 0.0, 0.0, 0.0, 0.0, 0.0, 0.0, 0.0, 0.0]], [[0.0, 0.0, 0.0, 0.0, 0.0, 0.0, 0.0, 0.0, 0.0, 0.0, 0.0, 0.0, 0.0, 0.0, 0.0, 0.0, 0.0, 0.0, 0.0, 0.0, 0.0, 0.0, 0.0, 0.0, 0.0, 0.0, 0.0, 0.0], [0.0, 0.0, 0.0, 0.0, 0.0, 0.0, 0.0, 0.0, 0.0, 0.0, 0.0, 0.0, 0.0, 0.0, 0.0, 0.0, 0.0, 0.0, 0.0, 0.0, 0.0, 0.0, 0.0, 0.0, 0.0, 0.0, 0.0, 0.0], [0.0, 0.0, 0.0, 0.0, 0.0, 0.0, 0.0, 0.0, 0.0, 0.0, 0.0, 0.0, 0.0, 0.0, 0.0, 0.0, 0.0, 0.0, 0.0, 0.0, 0.0, 0.0, 0.0, 0.0, 0.0, 0.0, 0.0, 0.0], [0.0, 0.0, 0.0, 0.0, 0.0, 0.0, 0.0, 0.0, 0.0, 0.0, 0.0, 0.0, 0.0, 0.0, 0.0, 0.0, 0.0, 0.0, 0.0, 0.0, 0.0, 0.0, 0.0, 0.0, 0.0, 0.0, 0.0, 0.0], [0.0, 0.0, 0.0, 0.0, 0.0, 0.0, 0.0, 0.0, 0.0, 0.0, 0.0, 0.0, 0.0, 0.0, 0.0, 0.0, 0.0, 0.0, 0.0, 0.0, 0.0, 0.0, 0.0, 0.0, 0.0, 0.0, 0.0, 0.0], [0.0, 0.0, 0.0, 0.0, 0.0, 0.0, 0.0, 0.0, 0.0, 0.0, 0.0, 0.0, 0.0, 0.0, 0.0, 0.0, 0.0, 0.0, 0.0, 0.0, 0.0, 0.0, 0.0, 0.0, 0.0, 0.0, 0.0, 0.0]], [[0.0, 0.0, 0.0, 0.0, 0.0, 0.0, 0.0, 0.0, 0.0, 0.0, 0.0, 0.0, 0.0, 0.0, 0.0, 0.0, 0.0, 0.0, 0.0, 0.0, 0.0, 0.0, 0.0, 0.0, 0.0, 0.0, 0.0, 0.0], [0.0, 0.0, 0.0, 0.0, 0.0, 0.0, 0.0, 0.0, 0.0, 0.0, 0.0, 0.0, 0.0, 0.0, 0.0, 0.0, 0.0, 0.0, 0.0, 0.0, 0.0, 0.0, 0.0, 0.0, 0.0, 0.0, 0.0, 0.0], [0.0, 0.0, 0.0, 0.0, 0.0, 0.0, 0.0, 0.0, 0.0, 0.0, 0.0, 0.0, 0.0, 0.0, 0.0, 0.0, 0.0, 0.0, 0.0, 0.0, 0.0, 0.0, 0.0, 0.0, 0.0, 0.0, 0.0, 0.0], [0.0, 0.0, 0.0, 0.0, 0.0, 0.0, 0.0, 0.0, 0.0, 0.0, 0.0, 0.0, 0.0, 0.0, 0.0, 0.0, 0.0, 0.0, 0.0, 0.0, 0.0, 0.0, 0.0, 0.0, 0.0, 0.0, 0.0, 0.0], [0.0, 0.0, 0.0, 0.0, 0.0, 0.0, 0.0, 0.0, 0.0, 0.0, 0.0, 0.0, 0.0, 0.0, 0.0, 0.0, 0.0, 0.0, 0.0, 0.0, 0.0, 0.0, 0.0, 0.0, 0.0, 0.0, 0.0, 0.0], [0.0, 0.0, 0.0, 0.0, 0.0, 0.0, 0.0, 0.0, 0.0, 0.0, 0.0, 0.0, 0.0, 0.0, 0.0, 0.0, 0.0, 0.0, 0.0, 0.0, 0.0, 0.0, 0.0, 0.0, 0.0, 0.0, 0.0, 0.0]], [[0.0, 0.0, 0.0, 0.0, 0.0, 0.0, 0.0, 0.0, 0.0, 0.0, 0.0, 0.0, 0.0, 0.0, 0.0, 0.0, 0.0, 0.0, 0.0, 0.0, 0.0, 0.0, 0.0, 0.0, 0.0, 0.0, 0.0, 0.0], [0.0, 0.0, 0.0, 0.0, 0.0, 0.0, 0.0, 0.0, 0.0, 0.0, 0.0, 0.0, 0.0, 0.0, 0.0, 0.0, 0.0, 0.0, 0.0, 0.0, 0.0, 0.0, 0.0, 0.0, 0.0, 0.0, 0.0, 0.0], [0.0, 0.0, 0.0, 0.0, 0.0, 0.0, 0.0, 0.0, 0.0, 0.0, 0.0, 0.0, 0.0, 0.0, 0.0, 0.0, 0.0, 0.0, 0.0, 0.0, 0.0, 0.0, 0.0, 0.0, 0.0, 0.0, 0.0, 0.0], [0.0, 0.0, 0.0, 0.0, 0.0, 0.0, 0.0, 0.0, 0.0, 0.0, 0.0, 0.0, 0.0, 0.0, 0.0, 0.0, 0.0, 0.0, 0.0, 0.0, 0.0, 0.0, 0.0, 0.0, 0.0, 0.0, 0.0, 0.0], [0.0, 0.0, 0.0, 0.0, 0.0, 0.0, 0.0, 0.0, 0.0, 0.0, 0.0, 0.0, 0.0, 0.0, 0.0, 0.0, 0.0, 0.0, 0.0, 0.0, 0.0, 0.0, 0.0, 0.0, 0.0, 0.0, 0.0, 0.0], [0.0, 0.0, 0.0, 0.0, 0.0, 0.0, 0.0, 0.0, 0.0, 0.0, 0.0, 0.0, 0.0, 0.0, 0.0, 0.0, 0.0, 0.0, 0.0, 0.0, 0.0, 0.0, 0.0, 0.0, 0.0, 0.0, 0.0, 0.0]], [[0.0, 0.0, 0.0, 0.0, 0.0, 0.0, 0.0, 0.0, 0.0, 0.0, 0.0, 0.0, 0.0, 0.0, 0.0, 0.0, 0.0, 0.0, 0.0, 0.0, 0.0, 0.0, 0.0, 0.0, 0.0, 0.0, 0.0, 0.0], [0.0, 0.0, 0.0, 0.0, 0.0, 0.0, 0.0, 0.0, 0.0, 0.0, 0.0, 0.0, 0.0, 0.0, 0.0, 0.0, 0.0, 0.0, 0.0, 0.0, 0.0, 0.0, 0.0, 0.0, 0.0, 0.0, 0.0, 0.0], [0.0, 0.0, 0.0, 0.0, 0.0, 0.0, 0.0, 0.0, 0.0, 0.0, 0.0, 0.0, 0.0, 0.0, 0.0, 0.0, 0.0, 0.0, 0.0, 0.0, 0.0, 0.0, 0.0, 0.0, 0.0, 0.0, 0.0, 0.0], [0.0, 0.0, 0.0, 0.0, 0.0, 0.0, 0.0, 0.0, 0.0, 0.0, 0.0, 0.0, 0.0, 0.0, 0.0, 0.0, 0.0, 0.0, 0.0, 0.0, 0.0, 0.0, 0.0, 0.0, 0.0, 0.0, 0.0, 0.0], [0.0, 0.0, 0.0, 0.0, 0.0, 0.0, 0.0, 0.0, 0.0, 0.0, 0.0, 0.0, 0.0, 0.0, 0.0, 0.0, 0.0, 0.0, 0.0, 0.0, 0.0, 0.0, 0.0, 0.0, 0.0, 0.0, 0.0, 0.0], [0.0, 0.0, 0.0, 0.0, 0.0, 0.0, 0.0, 0.0, 0.0, 0.0, 0.0, 0.0, 0.0, 0.0, 0.0, 0.0, 0.0, 0.0, 0.0, 0.0, 0.0, 0.0, 0.0, 0.0, 0.0, 0.0, 0.0, 0.0]], [[0.0, 0.0, 0.0, 0.0, 0.0, 0.0, 0.0, 0.0, 0.0, 0.0, 0.0, 0.0, 0.0, 0.0, 0.0, 0.0, 0.0, 0.0, 0.0, 0.0, 0.0, 0.0, 0.0, 0.0, 0.0, 0.0, 0.0, 0.0], [0.0, 0.0, 0.0, 0.0, 0.0, 0.0, 0.0, 0.0, 0.0, 0.0, 0.0, 0.0, 0.0, 0.0, 0.0, 0.0, 0.0, 0.0, 0.0, 0.0, 0.0, 0.0, 0.0, 0.0, 0.0, 0.0, 0.0, 0.0], [0.0, 0.0, 0.0, 0.0, 0.0, 0.0, 0.0, 0.0, 0.0, 0.0, 0.0, 0.0, 0.0, 0.0, 0.0, 0.0, 0.0, 0.0, 0.0, 0.0, 0.0, 0.0, 0.0, 0.0, 0.0, 0.0, 0.0, 0.0], [0.0, 0.0, 0.0, 0.0, 0.0, 0.0, 0.0, 0.0, 0.0, 0.0, 0.0, 0.0, 0.0, 0.0, 0.0, 0.0, 0.0, 0.0, 0.0, 0.0, 0.0, 0.0, 0.0, 0.0, 0.0, 0.0, 0.0, 0.0], [0.0, 0.0, 0.0, 0.0, 0.0, 0.0, 0.0, 0.0, 0.0, 0.0, 0.0, 0.0, 0.0, 0.0, 0.0, 0.0, 0.0, 0.0, 0.0, 0.0, 0.0, 0.0, 0.0, 0.0, 0.0, 0.0, 0.0, 0.0], [0.0, 0.0, 0.0, 0.0, 0.0, 0.0, 0.0, 0.0, 0.0, 0.0, 0.0, 0.0, 0.0, 0.0, 0.0, 0.0, 0.0, 0.0, 0.0, 0.0, 0.0, 0.0, 0.0, 0.0, 0.0, 0.0, 0.0, 0.0]], [[0.0, 0.0, 0.0, 0.0, 0.0, 0.0, 0.0, 0.0, 0.0, 0.0, 0.0, 0.0, 0.0, 0.0, 0.0, 0.0, 0.0, 0.0, 0.0, 0.0, 0.0, 0.0, 0.0, 0.0, 0.0, 0.0, 0.0, 0.0], [0.0, 0.0, 0.0, 0.0, 0.0, 0.0, 0.0, 0.0, 0.0, 0.0, 0.0, 0.0, 0.0, 0.0, 0.0, 0.0, 0.0, 0.0, 0.0, 0.0, 0.0, 0.0, 0.0, 0.0, 0.0, 0.0, 0.0, 0.0], [0.0, 0.0, 0.0, 0.0, 0.0, 0.0, 0.0, 0.0, 0.0, 0.0, 0.0, 0.0, 0.0, 0.0, 0.0, 0.0, 0.0, 0.0, 0.0, 0.0, 0.0, 0.0, 0.0, 0.0, 0.0, 0.0, 0.0, 0.0], [0.0, 0.0, 0.0, 0.0, 0.0, 0.0, 0.0, 0.0, 0.0, 0.0, 0.0, 0.0, 0.0, 0.0, 0.0, 0.0, 0.0, 0.0, 0.0, 0.0, 0.0, 0.0, 0.0, 0.0, 0.0, 0.0, 0.0, 0.0], [0.0, 0.0, 0.0, 0.0, 0.0, 0.0, 0.0, 0.0, 0.0, 0.0, 0.0, 0.0, 0.0, 0.0, 0.0, 0.0, 0.0, 0.0, 0.0, 0.0, 0.0, 0.0, 0.0, 0.0, 0.0, 0.0, 0.0, 0.0], [0.0, 0.0, 0.0, 0.0, 0.0, 0.0, 0.0, 0.0, 0.0, 0.0, 0.0, 0.0, 0.0, 0.0, 0.0, 0.0, 0.0, 0.0, 0.0, 0.0, 0.0, 0.0, 0.0, 0.0, 0.0, 0.0, 0.0, 0.0]], [[0.0, 0.0, 0.0, 0.0, 0.0, 0.0, 0.0, 0.0, 0.0, 0.0, 0.0, 0.0, 0.0, 0.0, 0.0, 0.0, 0.0, 0.0, 0.0, 0.0, 0.0, 0.0, 0.0, 0.0, 0.0, 0.0, 0.0, 0.0], [0.0, 0.0, 0.0, 0.0, 0.0, 0.0, 0.0, 0.0, 0.0, 0.0, 0.0, 0.0, 0.0, 0.0, 0.0, 0.0, 0.0, 0.0, 0.0, 0.0, 0.0, 0.0, 0.0, 0.0, 0.0, 0.0, 0.0, 0.0], [0.0, 0.0, 0.0, 0.0, 0.0, 0.0, 0.0, 0.0, 0.0, 0.0, 0.0, 0.0, 0.0, 0.0, 0.0, 0.0, 0.0, 0.0, 0.0, 0.0, 0.0, 0.0, 0.0, 0.0, 0.0, 0.0, 0.0, 0.0], [0.0, 0.0, 0.0, 0.0, 0.0, 0.0, 0.0, 0.0, 0.0, 0.0, 0.0, 0.0, 0.0, 0.0, 0.0, 0.0, 0.0, 0.0, 0.0, 0.0, 0.0, 0.0, 0.0, 0.0, 0.0, 0.0, 0.0, 0.0], [0.0, 0.0, 0.0, 0.0, 0.0, 0.0, 0.0, 0.0, 0.0, 0.0, 0.0, 0.0, 0.0, 0.0, 0.0, 0.0, 0.0, 0.0, 0.0, 0.0, 0.0, 0.0, 0.0, 0.0, 0.0, 0.0, 0.0, 0.0], [0.0, 0.0, 0.0, 0.0, 0.0, 0.0, 0.0, 0.0, 0.0, 0.0, 0.0, 0.0, 0.0, 0.0, 0.0, 0.0, 0.0, 0.0, 0.0, 0.0, 0.0, 0.0, 0.0, 0.0, 0.0, 0.0, 0.0, 0.0]], [[0.0, 0.0, 0.0, 0.0, 0.0, 0.0, 0.0, 0.0, 0.0, 0.0, 0.0, 0.0, 0.0, 0.0, 0.0, 0.0, 0.0, 0.0, 0.0, 0.0, 0.0, 0.0, 0.0, 0.0, 0.0, 0.0, 0.0, 0.0], [0.0, 0.0, 0.0, 0.0, 0.0, 0.0, 0.0, 0.0, 0.0, 0.0, 0.0, 0.0, 0.0, 0.0, 0.0, 0.0, 0.0, 0.0, 0.0, 0.0, 0.0, 0.0, 0.0, 0.0, 0.0, 0.0, 0.0, 0.0], [0.0, 0.0, 0.0, 0.0, 0.0, 0.0, 0.0, 0.0, 0.0, 0.0, 0.0, 0.0, 0.0, 0.0, 0.0, 0.0, 0.0, 0.0, 0.0, 0.0, 0.0, 0.0, 0.0, 0.0, 0.0, 0.0, 0.0, 0.0], [0.0, 0.0, 0.0, 0.0, 0.0, 0.0, 0.0, 0.0, 0.0, 0.0, 0.0, 0.0, 0.0, 0.0, 0.0, 0.0, 0.0, 0.0, 0.0, 0.0, 0.0, 0.0, 0.0, 0.0, 0.0, 0.0, 0.0, 0.0], [0.0, 0.0, 0.0, 0.0, 0.0, 0.0, 0.0, 0.0, 0.0, 0.0, 0.0, 0.0, 0.0, 0.0, 0.0, 0.0, 0.0, 0.0, 0.0, 0.0, 0.0, 0.0, 0.0, 0.0, 0.0, 0.0, 0.0, 0.0], [0.0, 0.0, 0.0, 0.0, 0.0, 0.0, 0.0, 0.0, 0.0, 0.0, 0.0, 0.0, 0.0, 0.0, 0.0, 0.0, 0.0, 0.0, 0.0, 0.0, 0.0, 0.0, 0.0, 0.0, 0.0, 0.0, 0.0, 0.0]], [[0.0, 0.0, 0.0, 0.0, 0.0, 0.0, 0.0, 0.0, 0.0, 0.0, 0.0, 0.0, 0.0, 0.0, 0.0, 0.0, 0.0, 0.0, 0.0, 0.0, 0.0, 0.0, 0.0, 0.0, 0.0, 0.0, 0.0, 0.0], [0.0, 0.0, 0.0, 0.0, 0.0, 0.0, 0.0, 0.0, 0.0, 0.0, 0.0, 0.0, 0.0, 0.0, 0.0, 0.0, 0.0, 0.0, 0.0, 0.0, 0.0, 0.0, 0.0, 0.0, 0.0, 0.0, 0.0, 0.0], [0.0, 0.0, 0.0, 0.0, 0.0, 0.0, 0.0, 0.0, 0.0, 0.0, 0.0, 0.0, 0.0, 0.0, 0.0, 0.0, 0.0, 0.0, 0.0, 0.0, 0.0, 0.0, 0.0, 0.0, 0.0, 0.0, 0.0, 0.0], [0.0, 0.0, 0.0, 0.0, 0.0, 0.0, 0.0, 0.0, 0.0, 0.0, 0.0, 0.0, 0.0, 0.0, 0.0, 0.0, 0.0, 0.0, 0.0, 0.0, 0.0, 0.0, 0.0, 0.0, 0.0, 0.0, 0.0, 0.0], [0.0, 0.0, 0.0, 0.0, 0.0, 0.0, 0.0, 0.0, 0.0, 0.0, 0.0, 0.0, 0.0, 0.0, 0.0, 0.0, 0.0, 0.0, 0.0, 0.0, 0.0, 0.0, 0.0, 0.0, 0.0, 0.0, 0.0, 0.0], [0.0, 0.0, 0.0, 0.0, 0.0, 0.0, 0.0, 0.0, 0.0, 0.0, 0.0, 0.0, 0.0, 0.0, 0.0, 0.0, 0.0, 0.0, 0.0, 0.0, 0.0, 0.0, 0.0, 0.0, 0.0, 0.0, 0.0, 0.0]], [[0.0, 0.0, 0.0, 0.0, 0.0, 0.0, 0.0, 0.0, 0.0, 0.0, 0.0, 0.0, 0.0, 0.0, 0.0, 0.0, 0.0, 0.0, 0.0, 0.0, 0.0, 0.0, 0.0, 0.0, 0.0, 0.0, 0.0, 0.0], [0.0, 0.0, 0.0, 0.0, 0.0, 0.0, 0.0, 0.0, 0.0, 0.0, 0.0, 0.0, 0.0, 0.0, 0.0, 0.0, 0.0, 0.0, 0.0, 0.0, 0.0, 0.0, 0.0, 0.0, 0.0, 0.0, 0.0, 0.0], [0.0, 0.0, 0.0, 0.0, 0.0, 0.0, 0.0, 0.0, 0.0, 0.0, 0.0, 0.0, 0.0, 0.0, 0.0, 0.0, 0.0, 0.0, 0.0, 0.0, 0.0, 0.0, 0.0, 0.0, 0.0, 0.0, 0.0, 0.0], [0.0, 0.0, 0.0, 0.0, 0.0, 0.0, 0.0, 0.0, 0.0, 0.0, 0.0, 0.0, 0.0, 0.0, 0.0, 0.0, 0.0, 0.0, 0.0, 0.0, 0.0, 0.0, 0.0, 0.0, 0.0, 0.0, 0.0, 0.0], [0.0, 0.0, 0.0, 0.0, 0.0, 0.0, 0.0, 0.0, 0.0, 0.0, 0.0, 0.0, 0.0, 0.0, 0.0, 0.0, 0.0, 0.0, 0.0, 0.0, 0.0, 0.0, 0.0, 0.0, 0.0, 0.0, 0.0, 0.0], [0.0, 0.0, 0.0, 0.0, 0.0, 0.0, 0.0, 0.0, 0.0, 0.0, 0.0, 0.0, 0.0, 0.0, 0.0, 0.0, 0.0, 0.0, 0.0, 0.0, 0.0, 0.0, 0.0, 0.0, 0.0, 0.0, 0.0, 0.0]], [[0.0, 0.0, 0.0, 0.0, 0.0, 0.0, 0.0, 0.0, 0.0, 0.0, 0.0, 0.0, 0.0, 0.0, 0.0, 0.0, 0.0, 0.0, 0.0, 0.0, 0.0, 0.0, 0.0, 0.0, 0.0, 0.0, 0.0, 0.0], [0.0, 0.0, 0.0, 0.0, 0.0, 0.0, 0.0, 0.0, 0.0, 0.0, 0.0, 0.0, 0.0, 0.0, 0.0, 0.0, 0.0, 0.0, 0.0, 0.0, 0.0, 0.0, 0.0, 0.0, 0.0, 0.0, 0.0, 0.0], [0.0, 0.0, 0.0, 0.0, 0.0, 0.0, 0.0, 0.0, 0.0, 0.0, 0.0, 0.0, 0.0, 0.0, 0.0, 0.0, 0.0, 0.0, 0.0, 0.0, 0.0, 0.0, 0.0, 0.0, 0.0, 0.0, 0.0, 0.0], [0.0, 0.0, 0.0, 0.0, 0.0, 0.0, 0.0, 0.0, 0.0, 0.0, 0.0, 0.0, 0.0, 0.0, 0.0, 0.0, 0.0, 0.0, 0.0, 0.0, 0.0, 0.0, 0.0, 0.0, 0.0, 0.0, 0.0, 0.0], [0.0, 0.0, 0.0, 0.0, 0.0, 0.0, 0.0, 0.0, 0.0, 0.0, 0.0, 0.0, 0.0, 0.0, 0.0, 0.0, 0.0, 0.0, 0.0, 0.0, 0.0, 0.0, 0.0, 0.0, 0.0, 0.0, 0.0, 0.0], [0.0, 0.0, 0.0, 0.0, 0.0, 0.0, 0.0, 0.0, 0.0, 0.0, 0.0, 0.0, 0.0, 0.0, 0.0, 0.0, 0.0, 0.0, 0.0, 0.0, 0.0, 0.0, 0.0, 0.0, 0.0, 0.0, 0.0, 0.0]], [[0.0, 0.0, 0.0, 0.0, 0.0, 0.0, 0.0, 0.0, 0.0, 0.0, 0.0, 0.0, 0.0, 0.0, 0.0, 0.0, 0.0, 0.0, 0.0, 0.0, 0.0, 0.0, 0.0, 0.0, 0.0, 0.0, 0.0, 0.0], [0.0, 0.0, 0.0, 0.0, 0.0, 0.0, 0.0, 0.0, 0.0, 0.0, 0.0, 0.0, 0.0, 0.0, 0.0, 0.0, 0.0, 0.0, 0.0, 0.0, 0.0, 0.0, 0.0, 0.0, 0.0, 0.0, 0.0, 0.0], [0.0, 0.0, 0.0, 0.0, 0.0, 0.0, 0.0, 0.0, 0.0, 0.0, 0.0, 0.0, 0.0, 0.0, 0.0, 0.0, 0.0, 0.0, 0.0, 0.0, 0.0, 0.0, 0.0, 0.0, 0.0, 0.0, 0.0, 0.0], [0.0, 0.0, 0.0, 0.0, 0.0, 0.0, 0.0, 0.0, 0.0, 0.0, 0.0, 0.0, 0.0, 0.0, 0.0, 0.0, 0.0, 0.0, 0.0, 0.0, 0.0, 0.0, 0.0, 0.0, 0.0, 0.0, 0.0, 0.0], [0.0, 0.0, 0.0, 0.0, 0.0, 0.0, 0.0, 0.0, 0.0, 0.0, 0.0, 0.0, 0.0, 0.0, 0.0, 0.0, 0.0, 0.0, 0.0, 0.0, 0.0, 0.0, 0.0, 0.0, 0.0, 0.0, 0.0, 0.0], [0.0, 0.0, 0.0, 0.0, 0.0, 0.0, 0.0, 0.0, 0.0, 0.0, 0.0, 0.0, 0.0, 0.0, 0.0, 0.0, 0.0, 0.0, 0.0, 0.0, 0.0, 0.0, 0.0, 0.0, 0.0, 0.0, 0.0, 0.0]], [[0.0, 0.0, 0.0, 0.0, 0.0, 0.0, 0.0, 0.0, 0.0, 0.0, 0.0, 0.0, 0.0, 0.0, 0.0, 0.0, 0.0, 0.0, 0.0, 0.0, 0.0, 0.0, 0.0, 0.0, 0.0, 0.0, 0.0, 0.0], [0.0, 0.0, 0.0, 0.0, 0.0, 0.0, 0.0, 0.0, 0.0, 0.0, 0.0, 0.0, 0.0, 0.0, 0.0, 0.0, 0.0, 0.0, 0.0, 0.0, 0.0, 0.0, 0.0, 0.0, 0.0, 0.0, 0.0, 0.0], [0.0, 0.0, 0.0, 0.0, 0.0, 0.0, 0.0, 0.0, 0.0, 0.0, 0.0, 0.0, 0.0, 0.0, 0.0, 0.0, 0.0, 0.0, 0.0, 0.0, 0.0, 0.0, 0.0, 0.0, 0.0, 0.0, 0.0, 0.0], [0.0, 0.0, 0.0, 0.0, 0.0, 0.0, 0.0, 0.0, 0.0, 0.0, 0.0, 0.0, 0.0, 0.0, 0.0, 0.0, 0.0, 0.0, 0.0, 0.0, 0.0, 0.0, 0.0, 0.0, 0.0, 0.0, 0.0, 0.0], [0.0, 0.0, 0.0, 0.0, 0.0, 0.0, 0.0, 0.0, 0.0, 0.0, 0.0, 0.0, 0.0, 0.0, 0.0, 0.0, 0.0, 0.0, 0.0, 0.0, 0.0, 0.0, 0.0, 0.0, 0.0, 0.0, 0.0, 0.0], [0.0, 0.0, 0.0, 0.0, 0.0, 0.0, 0.0, 0.0, 0.0, 0.0, 0.0, 0.0, 0.0, 0.0, 0.0, 0.0, 0.0, 0.0, 0.0, 0.0, 0.0, 0.0, 0.0, 0.0, 0.0, 0.0, 0.0, 0.0]], [[0.0, 0.0, 0.0, 0.0, 0.0, 0.0, 0.0, 0.0, 0.0, 0.0, 0.0, 0.0, 0.0, 0.0, 0.0, 0.0, 0.0, 0.0, 0.0, 0.0, 0.0, 0.0, 0.0, 0.0, 0.0, 0.0, 0.0, 0.0], [0.0, 0.0, 0.0, 0.0, 0.0, 0.0, 0.0, 0.0, 0.0, 0.0, 0.0, 0.0, 0.0, 0.0, 0.0, 0.0, 0.0, 0.0, 0.0, 0.0, 0.0, 0.0, 0.0, 0.0, 0.0, 0.0, 0.0, 0.0], [0.0, 0.0, 0.0, 0.0, 0.0, 0.0, 0.0, 0.0, 0.0, 0.0, 0.0, 0.0, 0.0, 0.0, 0.0, 0.0, 0.0, 0.0, 0.0, 0.0, 0.0, 0.0, 0.0, 0.0, 0.0, 0.0, 0.0, 0.0], [0.0, 0.0, 0.0, 0.0, 0.0, 0.0, 0.0, 0.0, 0.0, 0.0, 0.0, 0.0, 0.0, 0.0, 0.0, 0.0, 0.0, 0.0, 0.0, 0.0, 0.0, 0.0, 0.0, 0.0, 0.0, 0.0, 0.0, 0.0], [0.0, 0.0, 0.0, 0.0, 0.0, 0.0, 0.0, 0.0, 0.0, 0.0, 0.0, 0.0, 0.0, 0.0, 0.0, 0.0, 0.0, 0.0, 0.0, 0.0, 0.0, 0.0, 0.0, 0.0, 0.0, 0.0, 0.0, 0.0], [0.0, 0.0, 0.0, 0.0, 0.0, 0.0, 0.0, 0.0, 0.0, 0.0, 0.0, 0.0, 0.0, 0.0, 0.0, 0.0, 0.0, 0.0, 0.0, 0.0, 0.0, 0.0, 0.0, 0.0, 0.0, 0.0, 0.0, 0.0]], [[0.0, 0.0, 0.0, 0.0, 0.0, 0.0, 0.0, 0.0, 0.0, 0.0, 0.0, 0.0, 0.0, 0.0, 0.0, 0.0, 0.0, 0.0, 0.0, 0.0, 0.0, 0.0, 0.0, 0.0, 0.0, 0.0, 0.0, 0.0], [0.0, 0.0, 0.0, 0.0, 0.0, 0.0, 0.0, 0.0, 0.0, 0.0, 0.0, 0.0, 0.0, 0.0, 0.0, 0.0, 0.0, 0.0, 0.0, 0.0, 0.0, 0.0, 0.0, 0.0, 0.0, 0.0, 0.0, 0.0], [0.0, 0.0, 0.0, 0.0, 0.0, 0.0, 0.0, 0.0, 0.0, 0.0, 0.0, 0.0, 0.0, 0.0, 0.0, 0.0, 0.0, 0.0, 0.0, 0.0, 0.0, 0.0, 0.0, 0.0, 0.0, 0.0, 0.0, 0.0], [0.0, 0.0, 0.0, 0.0, 0.0, 0.0, 0.0, 0.0, 0.0, 0.0, 0.0, 0.0, 0.0, 0.0, 0.0, 0.0, 0.0, 0.0, 0.0, 0.0, 0.0, 0.0, 0.0, 0.0, 0.0, 0.0, 0.0, 0.0], [0.0, 0.0, 0.0, 0.0, 0.0, 0.0, 0.0, 0.0, 0.0, 0.0, 0.0, 0.0, 0.0, 0.0, 0.0, 0.0, 0.0, 0.0, 0.0, 0.0, 0.0, 0.0, 0.0, 0.0, 0.0, 0.0, 0.0, 0.0], [0.0, 0.0, 0.0, 0.0, 0.0, 0.0, 0.0, 0.0, 0.0, 0.0, 0.0, 0.0, 0.0, 0.0, 0.0, 0.0, 0.0, 0.0, 0.0, 0.0, 0.0, 0.0, 0.0, 0.0, 0.0, 0.0, 0.0, 0.0]], [[0.0, 0.0, 0.0, 0.0, 0.0, 0.0, 0.0, 0.0, 0.0, 0.0, 0.0, 0.0, 0.0, 0.0, 0.0, 0.0, 0.0, 0.0, 0.0, 0.0, 0.0, 0.0, 0.0, 0.0, 0.0, 0.0, 0.0, 0.0], [0.0, 0.0, 0.0, 0.0, 0.0, 0.0, 0.0, 0.0, 0.0, 0.0, 0.0, 0.0, 0.0, 0.0, 0.0, 0.0, 0.0, 0.0, 0.0, 0.0, 0.0, 0.0, 0.0, 0.0, 0.0, 0.0, 0.0, 0.0], [0.0, 0.0, 0.0, 0.0, 0.0, 0.0, 0.0, 0.0, 0.0, 0.0, 0.0, 0.0, 0.0, 0.0, 0.0, 0.0, 0.0, 0.0, 0.0, 0.0, 0.0, 0.0, 0.0, 0.0, 0.0, 0.0, 0.0, 0.0], [0.0, 0.0, 0.0, 0.0, 0.0, 0.0, 0.0, 0.0, 0.0, 0.0, 0.0, 0.0, 0.0, 0.0, 0.0, 0.0, 0.0, 0.0, 0.0, 0.0, 0.0, 0.0, 0.0, 0.0, 0.0, 0.0, 0.0, 0.0], [0.0, 0.0, 0.0, 0.0, 0.0, 0.0, 0.0, 0.0, 0.0, 0.0, 0.0, 0.0, 0.0, 0.0, 0.0, 0.0, 0.0, 0.0, 0.0, 0.0, 0.0, 0.0, 0.0, 0.0, 0.0, 0.0, 0.0, 0.0], [0.0, 0.0, 0.0, 0.0, 0.0, 0.0, 0.0, 0.0, 0.0, 0.0, 0.0, 0.0, 0.0, 0.0, 0.0, 0.0, 0.0, 0.0, 0.0, 0.0, 0.0, 0.0, 0.0, 0.0, 0.0, 0.0, 0.0, 0.0]], [[0.0, 0.0, 0.0, 0.0, 0.0, 0.0, 0.0, 0.0, 0.0, 0.0, 0.0, 0.0, 0.0, 0.0, 0.0, 0.0, 0.0, 0.0, 0.0, 0.0, 0.0, 0.0, 0.0, 0.0, 0.0, 0.0, 0.0, 0.0], [0.0, 0.0, 0.0, 0.0, 0.0, 0.0, 0.0, 0.0, 0.0, 0.0, 0.0, 0.0, 0.0, 0.0, 0.0, 0.0, 0.0, 0.0, 0.0, 0.0, 0.0, 0.0, 0.0, 0.0, 0.0, 0.0, 0.0, 0.0], [0.0, 0.0, 0.0, 0.0, 0.0, 0.0, 0.0, 0.0, 0.0, 0.0, 0.0, 0.0, 0.0, 0.0, 0.0, 0.0, 0.0, 0.0, 0.0, 0.0, 0.0, 0.0, 0.0, 0.0, 0.0, 0.0, 0.0, 0.0], [0.0, 0.0, 0.0, 0.0, 0.0, 0.0, 0.0, 0.0, 0.0, 0.0, 0.0, 0.0, 0.0, 0.0, 0.0, 0.0, 0.0, 0.0, 0.0, 0.0, 0.0, 0.0, 0.0, 0.0, 0.0, 0.0, 0.0, 0.0], [0.0, 0.0, 0.0, 0.0, 0.0, 0.0, 0.0, 0.0, 0.0, 0.0, 0.0, 0.0, 0.0, 0.0, 0.0, 0.0, 0.0, 0.0, 0.0, 0.0, 0.0, 0.0, 0.0, 0.0, 0.0, 0.0, 0.0, 0.0], [0.0, 0.0, 0.0, 0.0, 0.0, 0.0, 0.0, 0.0, 0.0, 0.0, 0.0, 0.0, 0.0, 0.0, 0.0, 0.0, 0.0, 0.0, 0.0, 0.0, 0.0, 0.0, 0.0, 0.0, 0.0, 0.0, 0.0, 0.0]], [[0.0, 0.0, 0.0, 0.0, 0.0, 0.0, 0.0, 0.0, 0.0, 0.0, 0.0, 0.0, 0.0, 0.0, 0.0, 0.0, 0.0, 0.0, 0.0, 0.0, 0.0, 0.0, 0.0, 0.0, 0.0, 0.0, 0.0, 0.0], [0.0, 0.0, 0.0, 0.0, 0.0, 0.0, 0.0, 0.0, 0.0, 0.0, 0.0, 0.0, 0.0, 0.0, 0.0, 0.0, 0.0, 0.0, 0.0, 0.0, 0.0, 0.0, 0.0, 0.0, 0.0, 0.0, 0.0, 0.0], [0.0, 0.0, 0.0, 0.0, 0.0, 0.0, 0.0, 0.0, 0.0, 0.0, 0.0, 0.0, 0.0, 0.0, 0.0, 0.0, 0.0, 0.0, 0.0, 0.0, 0.0, 0.0, 0.0, 0.0, 0.0, 0.0, 0.0, 0.0], [0.0, 0.0, 0.0, 0.0, 0.0, 0.0, 0.0, 0.0, 0.0, 0.0, 0.0, 0.0, 0.0, 0.0, 0.0, 0.0, 0.0, 0.0, 0.0, 0.0, 0.0, 0.0, 0.0, 0.0, 0.0, 0.0, 0.0, 0.0], [0.0, 0.0, 0.0, 0.0, 0.0, 0.0, 0.0, 0.0, 0.0, 0.0, 0.0, 0.0, 0.0, 0.0, 0.0, 0.0, 0.0, 0.0, 0.0, 0.0, 0.0, 0.0, 0.0, 0.0, 0.0, 0.0, 0.0, 0.0], [0.0, 0.0, 0.0, 0.0, 0.0, 0.0, 0.0, 0.0, 0.0, 0.0, 0.0, 0.0, 0.0, 0.0, 0.0, 0.0, 0.0, 0.0, 0.0, 0.0, 0.0, 0.0, 0.0, 0.0, 0.0, 0.0, 0.0, 0.0]], [[0.0, 0.0, 0.0, 0.0, 0.0, 0.0, 0.0, 0.0, 0.0, 0.0, 0.0, 0.0, 0.0, 0.0, 0.0, 0.0, 0.0, 0.0, 0.0, 0.0, 0.0, 0.0, 0.0, 0.0, 0.0, 0.0, 0.0, 0.0], [0.0, 0.0, 0.0, 0.0, 0.0, 0.0, 0.0, 0.0, 0.0, 0.0, 0.0, 0.0, 0.0, 0.0, 0.0, 0.0, 0.0, 0.0, 0.0, 0.0, 0.0, 0.0, 0.0, 0.0, 0.0, 0.0, 0.0, 0.0], [0.0, 0.0, 0.0, 0.0, 0.0, 0.0, 0.0, 0.0, 0.0, 0.0, 0.0, 0.0, 0.0, 0.0, 0.0, 0.0, 0.0, 0.0, 0.0, 0.0, 0.0, 0.0, 0.0, 0.0, 0.0, 0.0, 0.0, 0.0], [0.0, 0.0, 0.0, 0.0, 0.0, 0.0, 0.0, 0.0, 0.0, 0.0, 0.0, 0.0, 0.0, 0.0, 0.0, 0.0, 0.0, 0.0, 0.0, 0.0, 0.0, 0.0, 0.0, 0.0, 0.0, 0.0, 0.0, 0.0], [0.0, 0.0, 0.0, 0.0, 0.0, 0.0, 0.0, 0.0, 0.0, 0.0, 0.0, 0.0, 0.0, 0.0, 0.0, 0.0, 0.0, 0.0, 0.0, 0.0, 0.0, 0.0, 0.0, 0.0, 0.0, 0.0, 0.0, 0.0], [0.0, 0.0, 0.0, 0.0, 0.0, 0.0, 0.0, 0.0, 0.0, 0.0, 0.0, 0.0, 0.0, 0.0, 0.0, 0.0, 0.0, 0.0, 0.0, 0.0, 0.0, 0.0, 0.0, 0.0, 0.0, 0.0, 0.0, 0.0]], [[0.0, 0.0, 0.0, 0.0, 0.0, 0.0, 0.0, 0.0, 0.0, 0.0, 0.0, 0.0, 0.0, 0.0, 0.0, 0.0, 0.0, 0.0, 0.0, 0.0, 0.0, 0.0, 0.0, 0.0, 0.0, 0.0, 0.0, 0.0], [0.0, 0.0, 0.0, 0.0, 0.0, 0.0, 0.0, 0.0, 0.0, 0.0, 0.0, 0.0, 0.0, 0.0, 0.0, 0.0, 0.0, 0.0, 0.0, 0.0, 0.0, 0.0, 0.0, 0.0, 0.0, 0.0, 0.0, 0.0], [0.0, 0.0, 0.0, 0.0, 0.0, 0.0, 0.0, 0.0, 0.0, 0.0, 0.0, 0.0, 0.0, 0.0, 0.0, 0.0, 0.0, 0.0, 0.0, 0.0, 0.0, 0.0, 0.0, 0.0, 0.0, 0.0, 0.0, 0.0], [0.0, 0.0, 0.0, 0.0, 0.0, 0.0, 0.0, 0.0, 0.0, 0.0, 0.0, 0.0, 0.0, 0.0, 0.0, 0.0, 0.0, 0.0, 0.0, 0.0, 0.0, 0.0, 0.0, 0.0, 0.0, 0.0, 0.0, 0.0], [0.0, 0.0, 0.0, 0.0, 0.0, 0.0, 0.0, 0.0, 0.0, 0.0, 0.0, 0.0, 0.0, 0.0, 0.0, 0.0, 0.0, 0.0, 0.0, 0.0, 0.0, 0.0, 0.0, 0.0, 0.0, 0.0, 0.0, 0.0], [0.0, 0.0, 0.0, 0.0, 0.0, 0.0, 0.0, 0.0, 0.0, 0.0, 0.0, 0.0, 0.0, 0.0, 0.0, 0.0, 0.0, 0.0, 0.0, 0.0, 0.0, 0.0, 0.0, 0.0, 0.0, 0.0, 0.0, 0.0]], [[0.0, 0.0, 0.0, 0.0, 0.0, 0.0, 0.0, 0.0, 0.0, 0.0, 0.0, 0.0, 0.0, 0.0, 0.0, 0.0, 0.0, 0.0, 0.0, 0.0, 0.0, 0.0, 0.0, 0.0, 0.0, 0.0, 0.0, 0.0], [0.0, 0.0, 0.0, 0.0, 0.0, 0.0, 0.0, 0.0, 0.0, 0.0, 0.0, 0.0, 0.0, 0.0, 0.0, 0.0, 0.0, 0.0, 0.0, 0.0, 0.0, 0.0, 0.0, 0.0, 0.0, 0.0, 0.0, 0.0], [0.0, 0.0, 0.0, 0.0, 0.0, 0.0, 0.0, 0.0, 0.0, 0.0, 0.0, 0.0, 0.0, 0.0, 0.0, 0.0, 0.0, 0.0, 0.0, 0.0, 0.0, 0.0, 0.0, 0.0, 0.0, 0.0, 0.0, 0.0], [0.0, 0.0, 0.0, 0.0, 0.0, 0.0, 0.0, 0.0, 0.0, 0.0, 0.0, 0.0, 0.0, 0.0, 0.0, 0.0, 0.0, 0.0, 0.0, 0.0, 0.0, 0.0, 0.0, 0.0, 0.0, 0.0, 0.0, 0.0], [0.0, 0.0, 0.0, 0.0, 0.0, 0.0, 0.0, 0.0, 0.0, 0.0, 0.0, 0.0, 0.0, 0.0, 0.0, 0.0, 0.0, 0.0, 0.0, 0.0, 0.0, 0.0, 0.0, 0.0, 0.0, 0.0, 0.0, 0.0], [0.0, 0.0, 0.0, 0.0, 0.0, 0.0, 0.0, 0.0, 0.0, 0.0, 0.0, 0.0, 0.0, 0.0, 0.0, 0.0, 0.0, 0.0, 0.0, 0.0, 0.0, 0.0, 0.0, 0.0, 0.0, 0.0, 0.0, 0.0]], [[0.0, 0.0, 0.0, 0.0, 0.0, 0.0, 0.0, 0.0, 0.0, 0.0, 0.0, 0.0, 0.0, 0.0, 0.0, 0.0, 0.0, 0.0, 0.0, 0.0, 0.0, 0.0, 0.0, 0.0, 0.0, 0.0, 0.0, 0.0], [0.0, 0.0, 0.0, 0.0, 0.0, 0.0, 0.0, 0.0, 0.0, 0.0, 0.0, 0.0, 0.0, 0.0, 0.0, 0.0, 0.0, 0.0, 0.0, 0.0, 0.0, 0.0, 0.0, 0.0, 0.0, 0.0, 0.0, 0.0], [0.0, 0.0, 0.0, 0.0, 0.0, 0.0, 0.0, 0.0, 0.0, 0.0, 0.0, 0.0, 0.0, 0.0, 0.0, 0.0, 0.0, 0.0, 0.0, 0.0, 0.0, 0.0, 0.0, 0.0, 0.0, 0.0, 0.0, 0.0], [0.0, 0.0, 0.0, 0.0, 0.0, 0.0, 0.0, 0.0, 0.0, 0.0, 0.0, 0.0, 0.0, 0.0, 0.0, 0.0, 0.0, 0.0, 0.0, 0.0, 0.0, 0.0, 0.0, 0.0, 0.0, 0.0, 0.0, 0.0], [0.0, 0.0, 0.0, 0.0, 0.0, 0.0, 0.0, 0.0, 0.0, 0.0, 0.0, 0.0, 0.0, 0.0, 0.0, 0.0, 0.0, 0.0, 0.0, 0.0, 0.0, 0.0, 0.0, 0.0, 0.0, 0.0, 0.0, 0.0], [0.0, 0.0, 0.0, 0.0, 0.0, 0.0, 0.0, 0.0, 0.0, 0.0, 0.0, 0.0, 0.0, 0.0, 0.0, 0.0, 0.0, 0.0, 0.0, 0.0, 0.0, 0.0, 0.0, 0.0, 0.0, 0.0, 0.0, 0.0]], [[0.0, 0.0, 0.0, 0.0, 0.0, 0.0, 0.0, 0.0, 0.0, 0.0, 0.0, 0.0, 0.0, 0.0, 0.0, 0.0, 0.0, 0.0, 0.0, 0.0, 0.0, 0.0, 0.0, 0.0, 0.0, 0.0, 0.0, 0.0], [0.0, 0.0, 0.0, 0.0, 0.0, 0.0, 0.0, 0.0, 0.0, 0.0, 0.0, 0.0, 0.0, 0.0, 0.0, 0.0, 0.0, 0.0, 0.0, 0.0, 0.0, 0.0, 0.0, 0.0, 0.0, 0.0, 0.0, 0.0], [0.0, 0.0, 0.0, 0.0, 0.0, 0.0, 0.0, 0.0, 0.0, 0.0, 0.0, 0.0, 0.0, 0.0, 0.0, 0.0, 0.0, 0.0, 0.0, 0.0, 0.0, 0.0, 0.0, 0.0, 0.0, 0.0, 0.0, 0.0], [0.0, 0.0, 0.0, 0.0, 0.0, 0.0, 0.0, 0.0, 0.0, 0.0, 0.0, 0.0, 0.0, 0.0, 0.0, 0.0, 0.0, 0.0, 0.0, 0.0, 0.0, 0.0, 0.0, 0.0, 0.0, 0.0, 0.0, 0.0], [0.0, 0.0, 0.0, 0.0, 0.0, 0.0, 0.0, 0.0, 0.0, 0.0, 0.0, 0.0, 0.0, 0.0, 0.0, 0.0, 0.0, 0.0, 0.0, 0.0, 0.0, 0.0, 0.0, 0.0, 0.0, 0.0, 0.0, 0.0], [0.0, 0.0, 0.0, 0.0, 0.0, 0.0, 0.0, 0.0, 0.0, 0.0, 0.0, 0.0, 0.0, 0.0, 0.0, 0.0, 0.0, 0.0, 0.0, 0.0, 0.0, 0.0, 0.0, 0.0, 0.0, 0.0, 0.0, 0.0]], [[0.0, 0.0, 0.0, 0.0, 0.0, 0.0, 0.0, 0.0, 0.0, 0.0, 0.0, 0.0, 0.0, 0.0, 0.0, 0.0, 0.0, 0.0, 0.0, 0.0, 0.0, 0.0, 0.0, 0.0, 0.0, 0.0, 0.0, 0.0], [0.0, 0.0, 0.0, 0.0, 0.0, 0.0, 0.0, 0.0, 0.0, 0.0, 0.0, 0.0, 0.0, 0.0, 0.0, 0.0, 0.0, 0.0, 0.0, 0.0, 0.0, 0.0, 0.0, 0.0, 0.0, 0.0, 0.0, 0.0], [0.0, 0.0, 0.0, 0.0, 0.0, 0.0, 0.0, 0.0, 0.0, 0.0, 0.0, 0.0, 0.0, 0.0, 0.0, 0.0, 0.0, 0.0, 0.0, 0.0, 0.0, 0.0, 0.0, 0.0, 0.0, 0.0, 0.0, 0.0], [0.0, 0.0, 0.0, 0.0, 0.0, 0.0, 0.0, 0.0, 0.0, 0.0, 0.0, 0.0, 0.0, 0.0, 0.0, 0.0, 0.0, 0.0, 0.0, 0.0, 0.0, 0.0, 0.0, 0.0, 0.0, 0.0, 0.0, 0.0], [0.0, 0.0, 0.0, 0.0, 0.0, 0.0, 0.0, 0.0, 0.0, 0.0, 0.0, 0.0, 0.0, 0.0, 0.0, 0.0, 0.0, 0.0, 0.0, 0.0, 0.0, 0.0, 0.0, 0.0, 0.0, 0.0, 0.0, 0.0], [0.0, 0.0, 0.0, 0.0, 0.0, 0.0, 0.0, 0.0, 0.0, 0.0, 0.0, 0.0, 0.0, 0.0, 0.0, 0.0, 0.0, 0.0, 0.0, 0.0, 0.0, 0.0, 0.0, 0.0, 0.0, 0.0, 0.0, 0.0]]];
t = [[99999999.0, 14.566592556142249, 12.895670892307773, 5.5150648998950125, 6.992391880129211, 13.062166889585942, 7.03960289526686, 14.432993688010118, 10.639342698787575, 5.775273588983971, 10.28736477645453, 5.963376586362768, 8.824970274924086, 14.599694140894488, 11.336037829685623, 5.439782913188566, 11.443484137967776, 14.667004102881767, 12.500554631601531, 5.4367595915679745, 7.689651315285959, 9.231421545197664, 10.874154597407989, 5.634614575917411, 5.497544697339883, 5.049273178041367, 5.042568139651564, 13.936515882626725, 10.677793712499604, 11.609185040032779], [14.566592556142249, 99999999.0, 7.102378669727663, 9.520170719555367, 13.230324264947397, 7.65534851655455, 10.426936017590004, 9.717557895834751, 12.7712222958123, 11.944875845181503, 12.033313466600282, 9.121868880925632, 11.790837456890035, 13.821274406099866, 5.414250907801092, 5.831765041344505, 8.568669373045484, 12.126247676423723, 11.743193511569388, 6.4196805771962175, 7.6355373008872975, 11.970215094314824, 13.961291573685415, 14.728598440820504, 7.04294307535916, 13.637999273783306, 7.176495144856739, 9.630487976206386, 5.718796037869019, 8.412280332114669], [12.895670892307773, 7.102378669727663, 99999999.0, 13.285652045903655, 6.335900227348961, 12.683848471065732, 5.886702935789161, 11.979734967106591, 7.162291231576922, 5.63698148745794, 10.515955194443706, 9.257553984846087, 6.872538027863289, 5.738663358793693, 11.662069384176768, 13.843196730483863, 7.05705527256373, 14.84196660617627, 10.574711196921644, 10.463729210378252, 9.81523759904632, 12.522799718780647, 8.207758558803073, 13.669778781059437, 9.774285489386498, 14.108976336105115, 9.867115182149357, 9.948503312478346, 12.89220999247386, 6.846941964586638], [5.5150648998950125, 9.520170719555367, 13.285652045903655, 99999999.0, 10.106406290607048, 9.417960389907732, 11.299089286879562, 10.56044664602397, 12.09146933423055, 14.467546532872925, 5.010174436765195, 5.271204334544253, 6.519532368067438, 5.2591902526484, 8.015946379074078, 6.148869749918035, 6.875176236079184, 13.05953193138954, 6.942799652619673, 11.673999307152538, 5.879413609482268, 13.984366526097432, 5.199493832239559, 12.037151449614425, 13.099707890182357, 14.389481880835328, 7.184833810805991, 8.881829273902554, 5.938384738532296, 5.264451972028882], [6.992391880129211, 13.230324264947397, 6.335900227348961, 10.106406290607048, 99999999.0, 5.246075136622097, 10.437754679230903, 10.775298534195382, 12.496972764305303, 10.67594933045785, 14.696921534643701, 8.48425026747757, 8.643397325490064, 13.903952123500744, 7.104149140303493, 9.954311174831401, 12.806794096313203, 12.167917153233464, 10.62091371451184, 5.144816516996053, 5.575788260226338, 7.317930466287478, 11.944026398156447, 6.7783837709983885, 9.69176613727371, 13.03256199722213, 6.061329883670792, 6.40057428555611, 5.1568528749328575, 12.729352993702946], [13.062166889585942, 7.65534851655455, 12.683848471065732, 9.417960389907732, 5.246075136622097, 99999999.0, 9.17305242555324, 10.218125301603248, 8.68531309451387, 11.022000987061062, 6.557465114550972, 11.606629333970634, 12.323480151317547, 6.131332179603536, 11.56178732883403, 8.398401155820563, 7.07508438772663, 11.00441252591522, 11.171455953543685, 9.835497591838077, 14.794048921814476, 8.160929166423003, 6.861221476048463, 14.05392251773405, 9.960438203484246, 5.616595118941065, 5.29507954433422, 13.387678347001525, 7.362400026540103, 8.992932059683813], [7.03960289526686, 10.426936017590004, 5.886702935789161, 11.299089286879562, 10.437754679230903, 9.17305242555324, 99999999.0, 14.865476598427367, 9.773175330224701, 8.241914254325625, 8.2384374046274, 6.145982959268743, 5.108955685436291, 13.306214190209948, 8.248647379578522, 7.909198203237478, 13.24365411213355, 14.981306936293965, 12.374918027669514, 7.291555952184755, 5.788146480678156, 5.948988326856114, 9.776388717569898, 7.622409468196705, 6.92112323735686, 9.163011216475834, 6.040237951883617, 12.551674656920028, 6.056079958227216, 9.60589506438243], [14.432993688010118, 9.717557895834751, 11.979734967106591, 10.56044664602397, 10.775298534195382, 10.218125301603248, 14.865476598427367, 99999999.0, 5.212853889553584, 11.524265622550658, 9.893105561843406, 8.589364190548217, 13.874486283473919, 10.458863224938279, 12.22336205118023, 5.767809540833707, 7.78973549974829, 6.004200219302028, 10.178902414441803, 11.319133680199887, 13.87013260767382, 10.685904139245565, 8.329090212432408, 13.600301093758896, 6.368397108461256, 6.500878758739551, 7.301504766842065, 5.87332055976765, 9.487022865429456, 14.164060298021687], [10.639342698787575, 12.7712222958123, 7.162291231576922, 12.09146933423055, 12.496972764305303, 8.68531309451387, 9.773175330224701, 5.212853889553584, 99999999.0, 12.068241488534944, 8.75892386588076, 7.320475224339709, 11.821113135763433, 7.627242166757564, 8.816928801669679, 13.69867751553357, 10.460847922448899, 9.55627374729673, 9.634002291844704, 8.706104037713152, 14.245412932684417, 12.75796347042185, 14.591399548342723, 8.934060589705375, 8.641533679356328, 14.824128019695106, 11.615172419960327, 10.487788491729878, 9.513312211141834, 5.78212763471178], [5.775273588983971, 11.944875845181503, 5.63698148745794, 14.467546532872925, 10.67594933045785, 11.022000987061062, 8.241914254325625, 11.524265622550658, 12.068241488534944, 99999999.0, 5.746739087037753, 8.78290338637887, 6.0445168523554855, 9.998989030630435, 11.479403361280186, 10.067523191638797, 5.629050281348076, 12.657525185673196, 6.403579201600168, 6.59028073688982, 10.23104330847209, 9.15351141008474, 7.523798776670386, 11.944061966129595, 12.912581604693152, 11.571175603908408, 14.72029966957127, 8.222165520612464, 8.422986205649535, 5.050532030871806], [10.28736477645453, 12.033313466600282, 10.515955194443706, 5.010174436765195, 14.696921534643701, 6.557465114550972, 8.2384374046274, 9.893105561843406, 8.75892386588076, 5.746739087037753, 99999999.0, 7.949611821616166, 8.707471660067512, 5.765703713359294, 8.068220282929321, 12.868867729992054, 7.830247386710122, 5.0251710225748445, 9.006215688967227, 12.506037778006686, 12.50232227099993, 14.162134672183022, 9.979989028535917, 11.96198927827897, 10.225149748130052, 8.618748071889655, 14.169114640790898, 8.717777362597712, 13.300374346363101, 7.217202830237698], [5.963376586362768, 9.121868880925632, 9.257553984846087, 5.271204334544253, 8.48425026747757, 11.606629333970634, 6.145982959268743, 8.589364190548217, 7.320475224339709, 8.78290338637887, 7.949611821616166, 99999999.0, 14.884101632498746, 7.991361703967882, 11.252494133914768, 6.626302284975294, 6.962984777961361, 10.767345986780672, 8.68877628985404, 5.308003593280604, 10.279462992562028, 13.242080851133377, 10.32568387250056, 7.424932630820237, 13.536801901963425, 7.695727499890168, 5.30058056626745, 12.284877123458553, 11.684988959949939, 9.186851885038946], [8.824970274924086, 11.790837456890035, 6.872538027863289, 6.519532368067438, 8.643397325490064, 12.323480151317547, 5.108955685436291, 13.874486283473919, 11.821113135763433, 6.0445168523554855, 8.707471660067512, 14.884101632498746, 99999999.0, 11.040840100109278, 10.884968295262896, 12.274256481723166, 8.728968162073109, 5.1511737622697975, 14.004079589719197, 8.10565217947842, 5.107752842868574, 11.299588838964505, 6.3486154632923055, 13.814693060095466, 9.1693756349873, 10.494192432593046, 14.51209176079004, 8.270371030986928, 5.886156073714729, 5.3264095730703245], [14.599694140894488, 13.821274406099866, 5.738663358793693, 5.2591902526484, 13.903952123500744, 6.131332179603536, 13.306214190209948, 10.458863224938279, 7.627242166757564, 9.998989030630435, 5.765703713359294, 7.991361703967882, 11.040840100109278, 99999999.0, 13.858382328729913, 11.157797277095021, 9.241980499183505, 9.934563412043612, 12.666720486654315, 12.314886674644509, 7.946098438799342, 13.59242572396784, 9.673584635818806, 6.481511164699063, 7.644008580782251, 6.76210566865107, 10.3408412372614, 5.226716920804167, 8.890482149007752, 7.452634861697446], [11.336037829685623, 5.414250907801092, 11.662069384176768, 8.015946379074078, 7.104149140303493, 11.56178732883403, 8.248647379578522, 12.22336205118023, 8.816928801669679, 11.479403361280186, 8.068220282929321, 11.252494133914768, 10.884968295262896, 13.858382328729913, 99999999.0, 6.550055049705266, 6.939394029128676, 9.815152662429053, 10.513600073019822, 7.382537905811263, 11.55005870560261, 8.782724696032698, 12.044820383622318, 10.43907217604703, 12.352439281107259, 12.05782421812902, 13.28123395470156, 7.702600931593862, 9.466613647973029, 7.968483670092766], [5.439782913188566, 5.831765041344505, 13.843196730483863, 6.148869749918035, 9.954311174831401, 8.398401155820563, 7.909198203237478, 5.767809540833707, 13.69867751553357, 10.067523191638797, 12.868867729992054, 6.626302284975294, 12.274256481723166, 11.157797277095021, 6.550055049705266, 99999999.0, 13.570218725251076, 7.273861041556059, 9.472510440603159, 10.728820168274607, 6.1867299522090144, 10.331203886855446, 14.319451893687457, 7.94964186671299, 14.898452798802253, 5.711915194609181, 13.305326320199493, 8.831133277903495, 10.91491713714651, 8.563910964092408], [11.443484137967776, 8.568669373045484, 7.05705527256373, 6.875176236079184, 12.806794096313203, 7.07508438772663, 13.24365411213355, 7.78973549974829, 10.460847922448899, 5.629050281348076, 7.830247386710122, 6.962984777961361, 8.728968162073109, 9.241980499183505, 6.939394029128676, 13.570218725251076, 99999999.0, 8.383637235963747, 10.990124656577605, 9.721939211879285, 14.666266802242799, 9.506426517905773, 10.995160043997384, 6.5750910662873405, 11.379578125352651, 11.445742850119302, 13.866392898434846, 5.196014497143758, 7.051261691113677, 8.68445768359594], [14.667004102881767, 12.126247676423723, 14.84196660617627, 13.05953193138954, 12.167917153233464, 11.00441252591522, 14.981306936293965, 6.004200219302028, 9.55627374729673, 12.657525185673196, 5.0251710225748445, 10.767345986780672, 5.1511737622697975, 9.934563412043612, 9.815152662429053, 7.273861041556059, 8.383637235963747, 99999999.0, 9.62998804912242, 8.814997168346116, 13.519537932055334, 12.446891418216861, 10.401729929608397, 9.736324185372185, 12.365099800656516, 8.213936451337664, 6.594913512006604, 9.772449901511433, 7.977358257466111, 8.489442800957843], [12.500554631601531, 11.743193511569388, 10.574711196921644, 6.942799652619673, 10.62091371451184, 11.171455953543685, 12.374918027669514, 10.178902414441803, 9.634002291844704, 6.403579201600168, 9.006215688967227, 8.68877628985404, 14.004079589719197, 12.666720486654315, 10.513600073019822, 9.472510440603159, 10.990124656577605, 9.62998804912242, 99999999.0, 12.172321775706587, 10.157049938949658, 14.903350477830884, 8.594543400332839, 13.714623888644319, 10.321668682835636, 5.556666411916389, 10.16478130397003, 6.342777772630641, 10.586729390373268, 6.481512318082773], [5.4367595915679745, 6.4196805771962175, 10.463729210378252, 11.673999307152538, 5.144816516996053, 9.835497591838077, 7.291555952184755, 11.319133680199887, 8.706104037713152, 6.59028073688982, 12.506037778006686, 5.308003593280604, 8.10565217947842, 12.314886674644509, 7.382537905811263, 10.728820168274607, 9.721939211879285, 8.814997168346116, 12.172321775706587, 99999999.0, 7.6865152650409785, 11.670861015183503, 5.528059913790894, 14.279459729546089, 10.544278732769452, 8.147790078157119, 7.925302949718209, 8.435525117493482, 6.684850618100784, 14.40528749774294], [7.689651315285959, 7.6355373008872975, 9.81523759904632, 5.879413609482268, 5.575788260226338, 14.794048921814476, 5.788146480678156, 13.87013260767382, 14.245412932684417, 10.23104330847209, 12.50232227099993, 10.279462992562028, 5.107752842868574, 7.946098438799342, 11.55005870560261, 6.1867299522090144, 14.666266802242799, 13.519537932055334, 10.157049938949658, 7.6865152650409785, 99999999.0, 8.21239565678952, 10.649329536097722, 10.818280482256883, 6.519059740161611, 7.767580612542088, 5.422440634585453, 6.4414257507865935, 11.580969135021117, 8.224575767944938], [9.231421545197664, 11.970215094314824, 12.522799718780647, 13.984366526097432, 7.317930466287478, 8.160929166423003, 5.948988326856114, 10.685904139245565, 12.75796347042185, 9.15351141008474, 14.162134672183022, 13.242080851133377, 11.299588838964505, 13.59242572396784, 8.782724696032698, 10.331203886855446, 9.506426517905773, 12.446891418216861, 14.903350477830884, 11.670861015183503, 8.21239565678952, 99999999.0, 13.890296198663735, 6.782006314531355, 12.191257623133081, 7.46928162498876, 11.414384598875642, 14.66213424392515, 7.236243307736483, 13.277275922995322], [10.874154597407989, 13.961291573685415, 8.207758558803073, 5.199493832239559, 11.944026398156447, 6.861221476048463, 9.776388717569898, 8.329090212432408, 14.591399548342723, 7.523798776670386, 9.979989028535917, 10.32568387250056, 6.3486154632923055, 9.673584635818806, 12.044820383622318, 14.319451893687457, 10.995160043997384, 10.401729929608397, 8.594543400332839, 5.528059913790894, 10.649329536097722, 13.890296198663735, 99999999.0, 7.806308028034329, 12.060192501769615, 12.015195627722075, 6.912668381040027, 8.029303935943393, 7.000828893361137, 12.454475607804133], [5.634614575917411, 14.728598440820504, 13.669778781059437, 12.037151449614425, 6.7783837709983885, 14.05392251773405, 7.622409468196705, 13.600301093758896, 8.934060589705375, 11.944061966129595, 11.96198927827897, 7.424932630820237, 13.814693060095466, 6.481511164699063, 10.43907217604703, 7.94964186671299, 6.5750910662873405, 9.736324185372185, 13.714623888644319, 14.279459729546089, 10.818280482256883, 6.782006314531355, 7.806308028034329, 99999999.0, 14.719771143860672, 13.234109923007335, 7.099221209744547, 13.654733914646986, 12.792535829502615, 5.632167063027004], [5.497544697339883, 7.04294307535916, 9.774285489386498, 13.099707890182357, 9.69176613727371, 9.960438203484246, 6.92112323735686, 6.368397108461256, 8.641533679356328, 12.912581604693152, 10.225149748130052, 13.536801901963425, 9.1693756349873, 7.644008580782251, 12.352439281107259, 14.898452798802253, 11.379578125352651, 12.365099800656516, 10.321668682835636, 10.544278732769452, 6.519059740161611, 12.191257623133081, 12.060192501769615, 14.719771143860672, 99999999.0, 8.705324136228253, 9.660657774543624, 5.001489311875471, 6.532162714222164, 11.56755635371562], [5.049273178041367, 13.637999273783306, 14.108976336105115, 14.389481880835328, 13.03256199722213, 5.616595118941065, 9.163011216475834, 6.500878758739551, 14.824128019695106, 11.571175603908408, 8.618748071889655, 7.695727499890168, 10.494192432593046, 6.76210566865107, 12.05782421812902, 5.711915194609181, 11.445742850119302, 8.213936451337664, 5.556666411916389, 8.147790078157119, 7.767580612542088, 7.46928162498876, 12.015195627722075, 13.234109923007335, 8.705324136228253, 99999999.0, 12.062676686957008, 9.130982766567056, 6.693433128250702, 10.202723205319092], [5.042568139651564, 7.176495144856739, 9.867115182149357, 7.184833810805991, 6.061329883670792, 5.29507954433422, 6.040237951883617, 7.301504766842065, 11.615172419960327, 14.72029966957127, 14.169114640790898, 5.30058056626745, 14.51209176079004, 10.3408412372614, 13.28123395470156, 13.305326320199493, 13.866392898434846, 6.594913512006604, 10.16478130397003, 7.925302949718209, 5.422440634585453, 11.414384598875642, 6.912668381040027, 7.099221209744547, 9.660657774543624, 12.062676686957008, 99999999.0, 13.001580190821281, 7.401424627618596, 11.625314070933065], [13.936515882626725, 9.630487976206386, 9.948503312478346, 8.881829273902554, 6.40057428555611, 13.387678347001525, 12.551674656920028, 5.87332055976765, 10.487788491729878, 8.222165520612464, 8.717777362597712, 12.284877123458553, 8.270371030986928, 5.226716920804167, 7.702600931593862, 8.831133277903495, 5.196014497143758, 9.772449901511433, 6.342777772630641, 8.435525117493482, 6.4414257507865935, 14.66213424392515, 8.029303935943393, 13.654733914646986, 5.001489311875471, 9.130982766567056, 13.001580190821281, 99999999.0, 6.705260633100463, 5.457286612963498], [10.677793712499604, 5.718796037869019, 12.89220999247386, 5.938384738532296, 5.1568528749328575, 7.362400026540103, 6.056079958227216, 9.487022865429456, 9.513312211141834, 8.422986205649535, 13.300374346363101, 11.684988959949939, 5.886156073714729, 8.890482149007752, 9.466613647973029, 10.91491713714651, 7.051261691113677, 7.977358257466111, 10.586729390373268, 6.684850618100784, 11.580969135021117, 7.236243307736483, 7.000828893361137, 12.792535829502615, 6.532162714222164, 6.693433128250702, 7.401424627618596, 6.705260633100463, 99999999.0, 12.997993686586106], [11.609185040032779, 8.412280332114669, 6.846941964586638, 5.264451972028882, 12.729352993702946, 8.992932059683813, 9.60589506438243, 14.164060298021687, 5.78212763471178, 5.050532030871806, 7.217202830237698, 9.186851885038946, 5.3264095730703245, 7.452634861697446, 7.968483670092766, 8.563910964092408, 8.68445768359594, 8.489442800957843, 6.481512318082773, 14.40528749774294, 8.224575767944938, 13.277275922995322, 12.454475607804133, 5.632167063027004, 11.56755635371562, 10.202723205319092, 11.625314070933065, 5.457286612963498, 12.997993686586106, 99999999.0]];
