M = 99999999.0;
numWorkers = 25;
numRoles = 6;
numNodes = 30;
wStart = [0, 7.329613330774698, 14.334738447158841, 6.021461379252486, 20.57786887581332, 6.641824936817849, 56.076121900611135, 14.30030810958353, 29.413395525185006, 48.20286786844776, 27.696412780344648, 5.398695342941133, 33.74065401100114, 23.9913985211112, 45.332545502474936, 4.688095720870583, 8.890218305870755, 18.14826033327069, 22.97861465147746, 30.118328889227673, 39.530210600309125, 34.20915015537117, 19.542728016088954, 8.370457761096834, 38.44452626216058, 48.27607374367727, 53.43541993615663, 59.489667231838936, 11.205414062724433, 0];
wEnd = [0, 37.68467393798863, 42.54678864982863, 44.40753105123707, 56.75169387130252, 44.42461550298953, 85.79767849729944, 40.61802720994595, 60.106670508895476, 79.20817164586714, 52.80508738053944, 39.82063836421206, 59.890012254248276, 61.37084916977749, 72.54621635732767, 34.97959920308041, 43.69273764367996, 46.71321790844432, 53.161776256698715, 58.305139686469516, 73.84990918062167, 59.36816803605176, 57.87255070278742, 36.91717932350009, 69.84465665234526, 80.31998480917747, 88.30445047746466, 89.75875925697211, 38.536560284768015, 90];
p = [0, 17.03460197758654, 15.791722193662842, 16.539962897320283, 13.555119903026386, 11.888067901524373, 14.173458322284574, 8.228704309579058, 17.43816123675206, 18.78913186928437, 10.108619137172273, 12.011704113537496, 16.75779273999475, 19.444490874851198, 9.035486145963823, 13.810164805868427, 17.553239016536846, 14.641350696056092, 7.933344322992502, 10.33155622851663, 20.281591288472285, 7.401312966923828, 23.32508989669143, 17.020664298074667, 15.491607634323797, 12.888316921713463, 18.358599899426544, 11.861792743587875, 11.715254146809922, 0];
e = [[0, 1, 0, 0, 1, 0], [0, 1, 0, 1, 0, 0], [0, 1, 0, 0, 0, 1], [1, 1, 0, 0, 0, 0], [1, 1, 0, 0, 0, 0], [1, 1, 0, 0, 0, 0], [1, 0, 0, 0, 0, 1], [1, 0, 0, 0, 1, 0], [0, 1, 1, 0, 0, 0], [1, 1, 0, 0, 0, 0], [1, 0, 0, 0, 1, 0], [0, 1, 0, 1, 0, 0], [0, 1, 0, 0, 0, 1], [0, 1, 0, 1, 0, 0], [0, 1, 0, 1, 0, 0], [0, 1, 0, 1, 0, 0], [1, 1, 0, 0, 0, 0], [1, 1, 0, 0, 0, 0], [0, 1, 1, 0, 0, 0], [0, 1, 0, 1, 0, 0], [0, 1, 0, 0, 0, 1], [0, 1, 0, 0, 0, 0], [1, 0, 0, 0, 0, 0], [0, 0, 0, 0, 0, 1], [0, 1, 0, 0, 0, 0]];
d = [[0, 0, 3, 0, 0, 0, 0, 0, 3, 2, 0, 1, 0, 1, 1, 3, 1, 2, 1, 0, 1, 0, 3, 0, 2, 2, 2, 0], [1, 2, 2, 0, 2, 0, 2, 2, 1, 1, 1, 1, 1, 0, 1, 2, 2, 3, 1, 0, 1, 1, 0, 0, 0, 1, 0, 0], [1, 2, 2, 1, 0, 2, 1, 2, 0, 1, 0, 0, 4, 2, 2, 2, 1, 0, 0, 2, 2, 1, 0, 3, 1, 0, 1, 2], [0, 1, 0, 1, 2, 2, 0, 1, 0, 0, 1, 3, 1, 1, 1, 0, 0, 1, 0, 0, 1, 1, 2, 0, 0, 2, 1, 1], [0, 1, 0, 2, 0, 1, 4, 2, 0, 1, 0, 2, 0, 2, 2, 1, 0, 2, 1, 3, 3, 0, 0, 2, 0, 1, 3, 0], [1, 1, 1, 0, 0, 1, 0, 1, 2, 1, 2, 1, 1, 2, 1, 0, 0, 0, 1, 0, 0, 0, 1, 0, 0, 0, 1, 0]];
r = [1575.2785244067832, 2985.8118768964687, 2942.800058540856, 741.8284638766145, 1696.3417236348407, 974.8182862871895, 1005.1377002171962, 1049.61734420108, 1511.9777667918822, 567.4160185938091, 2066.80437539838, 3177.0844884308135, 2098.1097035618427, 987.2244452969561, 1167.0911423402001, 1236.5603984020647, 907.7328002501226, 1528.2901639338709, 731.5735806158591, 3483.2866158732577, 732.116259113865, 1980.5212363690343, 2983.9348678349147, 1306.4808320544582, 1913.4532525292202, 1468.5464471384491, 1985.8416248069952, 1710.431084196779];
b = [[[0.0, 0.0, 0.0, 0.0, 0.0, 0.0, 0.0, 0.0, 0.0, 0.0, 0.0, 0.0, 0.0, 0.0, 0.0, 0.0, 0.0, 0.0, 0.0, 0.0, 0.0, 0.0, 0.0, 0.0, 0.0, 0.0, 0.0, 0.0], [0.0, 0.0, 0.0, 0.0, 0.0, 0.0, 0.0, 0.0, 0.0, 0.0, 0.0, 0.0, 0.0, 0.0, 0.0, 0.0, 0.0, 0.0, 0.0, 0.0, 0.0, 0.0, 0.0, 0.0, 0.0, 0.0, 0.0, 0.0], [0.0, 0.0, 0.0, 0.0, 0.0, 0.0, 0.0, 0.0, 0.0, 0.0, 0.0, 0.0, 0.0, 0.0, 0.0, 0.0, 0.0, 0.0, 0.0, 0.0, 0.0, 0.0, 0.0, 0.0, 0.0, 0.0, 0.0, 0.0], [0.0, 0.0, 0.0, 0.0, 0.0, 0.0, 0.0, 0.0, 0.0, 0.0, 0.0, 0.0, 0.0, 0.0, 0.0, 0.0, 0.0, 0.0, 0.0, 0.0, 0.0, 0.0, 0.0, 0.0, 0.0, 0.0, 0.0, 0.0], [0.0, 0.0, 0.0, 0.0, 0.0, 0.0, 0.0, 0.0, 0.0, 0.0, 0.0, 0.0, 0.0, 0.0, 0.0, 0.0, 0.0, 0.0, 0.0, 0.0, 0.0, 0.0, 0.0, 0.0, 0.0, 0.0, 0.0, 0.0], [0.0, 0.0, 0.0, 0.0, 0.0, 0.0, 0.0, 0.0, 0.0, 0.0, 0.0, 0.0, 0.0, 0.0, 0.0, 0.0, 0.0, 0.0, 0.0, 0.0, 0.0, 0.0, 0.0, 0.0, 0.0, 0.0, 0.0, 0.0]], [[0.0, 0.0, 0.0, 0.0, 0.0, 0.0, 0.0, 0.0, 0.0, 0.0, 0.0, 0.0, 0.0, 0.0, 0.0, 0.0, 0.0, 0.0, 0.0, 0.0, 0.0, 0.0, 0.0, 0.0, 0.0, 0.0, 0.0, 0.0], [0.0, 0.0, 0.0, 0.0, 0.0, 0.0, 0.0, 0.0, 0.0, 0.0, 0.0, 0.0, 0.0, 0.0, 0.0, 0.0, 0.0, 0.0, 0.0, 0.0, 0.0, 0.0, 0.0, 0.0, 0.0, 0.0, 0.0, 0.0], [0.0, 0.0, 0.0, 0.0, 0.0, 0.0, 0.0, 0.0, 0.0, 0.0, 0.0, 0.0, 0.0, 0.0, 0.0, 0.0, 0.0, 0.0, 0.0, 0.0, 0.0, 0.0, 0.0, 0.0, 0.0, 0.0, 0.0, 0.0], [0.0, 0.0, 0.0, 0.0, 0.0, 0.0, 0.0, 0.0, 0.0, 0.0, 0.0, 0.0, 0.0, 0.0, 0.0, 0.0, 0.0, 0.0, 0.0, 0.0, 0.0, 0.0, 0.0, 0.0, 0.0, 0.0, 0.0, 0.0], [0.0, 0.0, 0.0, 0.0, 0.0, 0.0, 0.0, 0.0, 0.0, 0.0, 0.0, 0.0, 0.0, 0.0, 0.0, 0.0, 0.0, 0.0, 0.0, 0.0, 0.0, 0.0, 0.0, 0.0, 0.0, 0.0, 0.0, 0.0], [0.0, 0.0, 0.0, 0.0, 0.0, 0.0, 0.0, 0.0, 0.0, 0.0, 0.0, 0.0, 0.0, 0.0, 0.0, 0.0, 0.0, 0.0, 0.0, 0.0, 0.0, 0.0, 0.0, 0.0, 0.0, 0.0, 0.0, 0.0]], [[0.0, 0.0, 0.0, 0.0, 0.0, 0.0, 0.0, 0.0, 0.0, 0.0, 0.0, 0.0, 0.0, 0.0, 0.0, 0.0, 0.0, 0.0, 0.0, 0.0, 0.0, 0.0, 0.0, 0.0, 0.0, 0.0, 0.0, 0.0], [0.0, 0.0, 0.0, 0.0, 0.0, 0.0, 0.0, 0.0, 0.0, 0.0, 0.0, 0.0, 0.0, 0.0, 0.0, 0.0, 0.0, 0.0, 0.0, 0.0, 0.0, 0.0, 0.0, 0.0, 0.0, 0.0, 0.0, 0.0], [0.0, 0.0, 0.0, 0.0, 0.0, 0.0, 0.0, 0.0, 0.0, 0.0, 0.0, 0.0, 0.0, 0.0, 0.0, 0.0, 0.0, 0.0, 0.0, 0.0, 0.0, 0.0, 0.0, 0.0, 0.0, 0.0, 0.0, 0.0], [0.0, 0.0, 0.0, 0.0, 0.0, 0.0, 0.0, 0.0, 0.0, 0.0, 0.0, 0.0, 0.0, 0.0, 0.0, 0.0, 0.0, 0.0, 0.0, 0.0, 0.0, 0.0, 0.0, 0.0, 0.0, 0.0, 0.0, 0.0], [0.0, 0.0, 0.0, 0.0, 0.0, 0.0, 0.0, 0.0, 0.0, 0.0, 0.0, 0.0, 0.0, 0.0, 0.0, 0.0, 0.0, 0.0, 0.0, 0.0, 0.0, 0.0, 0.0, 0.0, 0.0, 0.0, 0.0, 0.0], [0.0, 0.0, 0.0, 0.0, 0.0, 0.0, 0.0, 0.0, 0.0, 0.0, 0.0, 0.0, 0.0, 0.0, 0.0, 0.0, 0.0, 0.0, 0.0, 0.0, 0.0, 0.0, 0.0, 0.0, 0.0, 0.0, 0.0, 0.0]], [[0.0, 0.0, 0.0, 0.0, 0.0, 0.0, 0.0, 0.0, 0.0, 0.0, 0.0, 0.0, 0.0, 0.0, 0.0, 0.0, 0.0, 0.0, 0.0, 0.0, 0.0, 0.0, 0.0, 0.0, 0.0, 0.0, 0.0, 0.0], [0.0, 0.0, 0.0, 0.0, 0.0, 0.0, 0.0, 0.0, 0.0, 0.0, 0.0, 0.0, 0.0, 0.0, 0.0, 0.0, 0.0, 0.0, 0.0, 0.0, 0.0, 0.0, 0.0, 0.0, 0.0, 0.0, 0.0, 0.0], [0.0, 0.0, 0.0, 0.0, 0.0, 0.0, 0.0, 0.0, 0.0, 0.0, 0.0, 0.0, 0.0, 0.0, 0.0, 0.0, 0.0, 0.0, 0.0, 0.0, 0.0, 0.0, 0.0, 0.0, 0.0, 0.0, 0.0, 0.0], [0.0, 0.0, 0.0, 0.0, 0.0, 0.0, 0.0, 0.0, 0.0, 0.0, 0.0, 0.0, 0.0, 0.0, 0.0, 0.0, 0.0, 0.0, 0.0, 0.0, 0.0, 0.0, 0.0, 0.0, 0.0, 0.0, 0.0, 0.0], [0.0, 0.0, 0.0, 0.0, 0.0, 0.0, 0.0, 0.0, 0.0, 0.0, 0.0, 0.0, 0.0, 0.0, 0.0, 0.0, 0.0, 0.0, 0.0, 0.0, 0.0, 0.0, 0.0, 0.0, 0.0, 0.0, 0.0, 0.0], [0.0, 0.0, 0.0, 0.0, 0.0, 0.0, 0.0, 0.0, 0.0, 0.0, 0.0, 0.0, 0.0, 0.0, 0.0, 0.0, 0.0, 0.0, 0.0, 0.0, 0.0, 0.0, 0.0, 0.0, 0.0, 0.0, 0.0, 0.0]], [[0.0, 0.0, 0.0, 0.0, 0.0, 0.0, 0.0, 0.0, 0.0, 0.0, 0.0, 0.0, 0.0, 0.0, 0.0, 0.0, 0.0, 0.0, 0.0, 0.0, 0.0, 0.0, 0.0, 0.0, 0.0, 0.0, 0.0, 0.0], [0.0, 0.0, 0.0, 0.0, 0.0, 0.0, 0.0, 0.0, 0.0, 0.0, 0.0, 0.0, 0.0, 0.0, 0.0, 0.0, 0.0, 0.0, 0.0, 0.0, 0.0, 0.0, 0.0, 0.0, 0.0, 0.0, 0.0, 0.0], [0.0, 0.0, 0.0, 0.0, 0.0, 0.0, 0.0, 0.0, 0.0, 0.0, 0.0, 0.0, 0.0, 0.0, 0.0, 0.0, 0.0, 0.0, 0.0, 0.0, 0.0, 0.0, 0.0, 0.0, 0.0, 0.0, 0.0, 0.0], [0.0, 0.0, 0.0, 0.0, 0.0, 0.0, 0.0, 0.0, 0.0, 0.0, 0.0, 0.0, 0.0, 0.0, 0.0, 0.0, 0.0, 0.0, 0.0, 0.0, 0.0, 0.0, 0.0, 0.0, 0.0, 0.0, 0.0, 0.0], [0.0, 0.0, 0.0, 0.0, 0.0, 0.0, 0.0, 0.0, 0.0, 0.0, 0.0, 0.0, 0.0, 0.0, 0.0, 0.0, 0.0, 0.0, 0.0, 0.0, 0.0, 0.0, 0.0, 0.0, 0.0, 0.0, 0.0, 0.0], [0.0, 0.0, 0.0, 0.0, 0.0, 0.0, 0.0, 0.0, 0.0, 0.0, 0.0, 0.0, 0.0, 0.0, 0.0, 0.0, 0.0, 0.0, 0.0, 0.0, 0.0, 0.0, 0.0, 0.0, 0.0, 0.0, 0.0, 0.0]], [[0.0, 0.0, 0.0, 0.0, 0.0, 0.0, 0.0, 0.0, 0.0, 0.0, 0.0, 0.0, 0.0, 0.0, 0.0, 0.0, 0.0, 0.0, 0.0, 0.0, 0.0, 0.0, 0.0, 0.0, 0.0, 0.0, 0.0, 0.0], [0.0, 0.0, 0.0, 0.0, 0.0, 0.0, 0.0, 0.0, 0.0, 0.0, 0.0, 0.0, 0.0, 0.0, 0.0, 0.0, 0.0, 0.0, 0.0, 0.0, 0.0, 0.0, 0.0, 0.0, 0.0, 0.0, 0.0, 0.0], [0.0, 0.0, 0.0, 0.0, 0.0, 0.0, 0.0, 0.0, 0.0, 0.0, 0.0, 0.0, 0.0, 0.0, 0.0, 0.0, 0.0, 0.0, 0.0, 0.0, 0.0, 0.0, 0.0, 0.0, 0.0, 0.0, 0.0, 0.0], [0.0, 0.0, 0.0, 0.0, 0.0, 0.0, 0.0, 0.0, 0.0, 0.0, 0.0, 0.0, 0.0, 0.0, 0.0, 0.0, 0.0, 0.0, 0.0, 0.0, 0.0, 0.0, 0.0, 0.0, 0.0, 0.0, 0.0, 0.0], [0.0, 0.0, 0.0, 0.0, 0.0, 0.0, 0.0, 0.0, 0.0, 0.0, 0.0, 0.0, 0.0, 0.0, 0.0, 0.0, 0.0, 0.0, 0.0, 0.0, 0.0, 0.0, 0.0, 0.0, 0.0, 0.0, 0.0, 0.0], [0.0, 0.0, 0.0, 0.0, 0.0, 0.0, 0.0, 0.0, 0.0, 0.0, 0.0, 0.0, 0.0, 0.0, 0.0, 0.0, 0.0, 0.0, 0.0, 0.0, 0.0, 0.0, 0.0, 0.0, 0.0, 0.0, 0.0, 0.0]], [[0.0, 0.0, 0.0, 0.0, 0.0, 0.0, 0.0, 0.0, 0.0, 0.0, 0.0, 0.0, 0.0, 0.0, 0.0, 0.0, 0.0, 0.0, 0.0, 0.0, 0.0, 0.0, 0.0, 0.0, 0.0, 0.0, 0.0, 0.0], [0.0, 0.0, 0.0, 0.0, 0.0, 0.0, 0.0, 0.0, 0.0, 0.0, 0.0, 0.0, 0.0, 0.0, 0.0, 0.0, 0.0, 0.0, 0.0, 0.0, 0.0, 0.0, 0.0, 0.0, 0.0, 0.0, 0.0, 0.0], [0.0, 0.0, 0.0, 0.0, 0.0, 0.0, 0.0, 0.0, 0.0, 0.0, 0.0, 0.0, 0.0, 0.0, 0.0, 0.0, 0.0, 0.0, 0.0, 0.0, 0.0, 0.0, 0.0, 0.0, 0.0, 0.0, 0.0, 0.0], [0.0, 0.0, 0.0, 0.0, 0.0, 0.0, 0.0, 0.0, 0.0, 0.0, 0.0, 0.0, 0.0, 0.0, 0.0, 0.0, 0.0, 0.0, 0.0, 0.0, 0.0, 0.0, 0.0, 0.0, 0.0, 0.0, 0.0, 0.0], [0.0, 0.0, 0.0, 0.0, 0.0, 0.0, 0.0, 0.0, 0.0, 0.0, 0.0, 0.0, 0.0, 0.0, 0.0, 0.0, 0.0, 0.0, 0.0, 0.0, 0.0, 0.0, 0.0, 0.0, 0.0, 0.0, 0.0, 0.0], [0.0, 0.0, 0.0, 0.0, 0.0, 0.0, 0.0, 0.0, 0.0, 0.0, 0.0, 0.0, 0.0, 0.0, 0.0, 0.0, 0.0, 0.0, 0.0, 0.0, 0.0, 0.0, 0.0, 0.0, 0.0, 0.0, 0.0, 0.0]], [[0.0, 0.0, 0.0, 0.0, 0.0, 0.0, 0.0, 0.0, 0.0, 0.0, 0.0, 0.0, 0.0, 0.0, 0.0, 0.0, 0.0, 0.0, 0.0, 0.0, 0.0, 0.0, 0.0, 0.0, 0.0, 0.0, 0.0, 0.0], [0.0, 0.0, 0.0, 0.0, 0.0, 0.0, 0.0, 0.0, 0.0, 0.0, 0.0, 0.0, 0.0, 0.0, 0.0, 0.0, 0.0, 0.0, 0.0, 0.0, 0.0, 0.0, 0.0, 0.0, 0.0, 0.0, 0.0, 0.0], [0.0, 0.0, 0.0, 0.0, 0.0, 0.0, 0.0, 0.0, 0.0, 0.0, 0.0, 0.0, 0.0, 0.0, 0.0, 0.0, 0.0, 0.0, 0.0, 0.0, 0.0, 0.0, 0.0, 0.0, 0.0, 0.0, 0.0, 0.0], [0.0, 0.0, 0.0, 0.0, 0.0, 0.0, 0.0, 0.0, 0.0, 0.0, 0.0, 0.0, 0.0, 0.0, 0.0, 0.0, 0.0, 0.0, 0.0, 0.0, 0.0, 0.0, 0.0, 0.0, 0.0, 0.0, 0.0, 0.0], [0.0, 0.0, 0.0, 0.0, 0.0, 0.0, 0.0, 0.0, 0.0, 0.0, 0.0, 0.0, 0.0, 0.0, 0.0, 0.0, 0.0, 0.0, 0.0, 0.0, 0.0, 0.0, 0.0, 0.0, 0.0, 0.0, 0.0, 0.0], [0.0, 0.0, 0.0, 0.0, 0.0, 0.0, 0.0, 0.0, 0.0, 0.0, 0.0, 0.0, 0.0, 0.0, 0.0, 0.0, 0.0, 0.0, 0.0, 0.0, 0.0, 0.0, 0.0, 0.0, 0.0, 0.0, 0.0, 0.0]], [[0.0, 0.0, 0.0, 0.0, 0.0, 0.0, 0.0, 0.0, 0.0, 0.0, 0.0, 0.0, 0.0, 0.0, 0.0, 0.0, 0.0, 0.0, 0.0, 0.0, 0.0, 0.0, 0.0, 0.0, 0.0, 0.0, 0.0, 0.0], [0.0, 0.0, 0.0, 0.0, 0.0, 0.0, 0.0, 0.0, 0.0, 0.0, 0.0, 0.0, 0.0, 0.0, 0.0, 0.0, 0.0, 0.0, 0.0, 0.0, 0.0, 0.0, 0.0, 0.0, 0.0, 0.0, 0.0, 0.0], [0.0, 0.0, 0.0, 0.0, 0.0, 0.0, 0.0, 0.0, 0.0, 0.0, 0.0, 0.0, 0.0, 0.0, 0.0, 0.0, 0.0, 0.0, 0.0, 0.0, 0.0, 0.0, 0.0, 0.0, 0.0, 0.0, 0.0, 0.0], [0.0, 0.0, 0.0, 0.0, 0.0, 0.0, 0.0, 0.0, 0.0, 0.0, 0.0, 0.0, 0.0, 0.0, 0.0, 0.0, 0.0, 0.0, 0.0, 0.0, 0.0, 0.0, 0.0, 0.0, 0.0, 0.0, 0.0, 0.0], [0.0, 0.0, 0.0, 0.0, 0.0, 0.0, 0.0, 0.0, 0.0, 0.0, 0.0, 0.0, 0.0, 0.0, 0.0, 0.0, 0.0, 0.0, 0.0, 0.0, 0.0, 0.0, 0.0, 0.0, 0.0, 0.0, 0.0, 0.0], [0.0, 0.0, 0.0, 0.0, 0.0, 0.0, 0.0, 0.0, 0.0, 0.0, 0.0, 0.0, 0.0, 0.0, 0.0, 0.0, 0.0, 0.0, 0.0, 0.0, 0.0, 0.0, 0.0, 0.0, 0.0, 0.0, 0.0, 0.0]], [[0.0, 0.0, 0.0, 0.0, 0.0, 0.0, 0.0, 0.0, 0.0, 0.0, 0.0, 0.0, 0.0, 0.0, 0.0, 0.0, 0.0, 0.0, 0.0, 0.0, 0.0, 0.0, 0.0, 0.0, 0.0, 0.0, 0.0, 0.0], [0.0, 0.0, 0.0, 0.0, 0.0, 0.0, 0.0, 0.0, 0.0, 0.0, 0.0, 0.0, 0.0, 0.0, 0.0, 0.0, 0.0, 0.0, 0.0, 0.0, 0.0, 0.0, 0.0, 0.0, 0.0, 0.0, 0.0, 0.0], [0.0, 0.0, 0.0, 0.0, 0.0, 0.0, 0.0, 0.0, 0.0, 0.0, 0.0, 0.0, 0.0, 0.0, 0.0, 0.0, 0.0, 0.0, 0.0, 0.0, 0.0, 0.0, 0.0, 0.0, 0.0, 0.0, 0.0, 0.0], [0.0, 0.0, 0.0, 0.0, 0.0, 0.0, 0.0, 0.0, 0.0, 0.0, 0.0, 0.0, 0.0, 0.0, 0.0, 0.0, 0.0, 0.0, 0.0, 0.0, 0.0, 0.0, 0.0, 0.0, 0.0, 0.0, 0.0, 0.0], [0.0, 0.0, 0.0, 0.0, 0.0, 0.0, 0.0, 0.0, 0.0, 0.0, 0.0, 0.0, 0.0, 0.0, 0.0, 0.0, 0.0, 0.0, 0.0, 0.0, 0.0, 0.0, 0.0, 0.0, 0.0, 0.0, 0.0, 0.0], [0.0, 0.0, 0.0, 0.0, 0.0, 0.0, 0.0, 0.0, 0.0, 0.0, 0.0, 0.0, 0.0, 0.0, 0.0, 0.0, 0.0, 0.0, 0.0, 0.0, 0.0, 0.0, 0.0, 0.0, 0.0, 0.0, 0.0, 0.0]], [[0.0, 0.0, 0.0, 0.0, 0.0, 0.0, 0.0, 0.0, 0.0, 0.0, 0.0, 0.0, 0.0, 0.0, 0.0, 0.0, 0.0, 0.0, 0.0, 0.0, 0.0, 0.0, 0.0, 0.0, 0.0, 0.0, 0.0, 0.0], [0.0, 0.0, 0.0, 0.0, 0.0, 0.0, 0.0, 0.0, 0.0, 0.0, 0.0, 0.0, 0.0, 0.0, 0.0, 0.0, 0.0, 0.0, 0.0, 0.0, 0.0, 0.0, 0.0, 0.0, 0.0, 0.0, 0.0, 0.0], [0.0, 0.0, 0.0, 0.0, 0.0, 0.0, 0.0, 0.0, 0.0, 0.0, 0.0, 0.0, 0.0, 0.0, 0.0, 0.0, 0.0, 0.0, 0.0, 0.0, 0.0, 0.0, 0.0, 0.0, 0.0, 0.0, 0.0, 0.0], [0.0, 0.0, 0.0, 0.0, 0.0, 0.0, 0.0, 0.0, 0.0, 0.0, 0.0, 0.0, 0.0, 0.0, 0.0, 0.0, 0.0, 0.0, 0.0, 0.0, 0.0, 0.0, 0.0, 0.0, 0.0, 0.0, 0.0, 0.0], [0.0, 0.0, 0.0, 0.0, 0.0, 0.0, 0.0, 0.0, 0.0, 0.0, 0.0, 0.0, 0.0, 0.0, 0.0, 0.0, 0.0, 0.0, 0.0, 0.0, 0.0, 0.0, 0.0, 0.0, 0.0, 0.0, 0.0, 0.0], [0.0, 0.0, 0.0, 0.0, 0.0, 0.0, 0.0, 0.0, 0.0, 0.0, 0.0, 0.0, 0.0, 0.0, 0.0, 0.0, 0.0, 0.0, 0.0, 0.0, 0.0, 0.0, 0.0, 0.0, 0.0, 0.0, 0.0, 0.0]], [[0.0, 0.0, 0.0, 0.0, 0.0, 0.0, 0.0, 0.0, 0.0, 0.0, 0.0, 0.0, 0.0, 0.0, 0.0, 0.0, 0.0, 0.0, 0.0, 0.0, 0.0, 0.0, 0.0, 0.0, 0.0, 0.0, 0.0, 0.0], [0.0, 0.0, 0.0, 0.0, 0.0, 0.0, 0.0, 0.0, 0.0, 0.0, 0.0, 0.0, 0.0, 0.0, 0.0, 0.0, 0.0, 0.0, 0.0, 0.0, 0.0, 0.0, 0.0, 0.0, 0.0, 0.0, 0.0, 0.0], [0.0, 0.0, 0.0, 0.0, 0.0, 0.0, 0.0, 0.0, 0.0, 0.0, 0.0, 0.0, 0.0, 0.0, 0.0, 0.0, 0.0, 0.0, 0.0, 0.0, 0.0, 0.0, 0.0, 0.0, 0.0, 0.0, 0.0, 0.0], [0.0, 0.0, 0.0, 0.0, 0.0, 0.0, 0.0, 0.0, 0.0, 0.0, 0.0, 0.0, 0.0, 0.0, 0.0, 0.0, 0.0, 0.0, 0.0, 0.0, 0.0, 0.0, 0.0, 0.0, 0.0, 0.0, 0.0, 0.0], [0.0, 0.0, 0.0, 0.0, 0.0, 0.0, 0.0, 0.0, 0.0, 0.0, 0.0, 0.0, 0.0, 0.0, 0.0, 0.0, 0.0, 0.0, 0.0, 0.0, 0.0, 0.0, 0.0, 0.0, 0.0, 0.0, 0.0, 0.0], [0.0, 0.0, 0.0, 0.0, 0.0, 0.0, 0.0, 0.0, 0.0, 0.0, 0.0, 0.0, 0.0, 0.0, 0.0, 0.0, 0.0, 0.0, 0.0, 0.0, 0.0, 0.0, 0.0, 0.0, 0.0, 0.0, 0.0, 0.0]], [[0.0, 0.0, 0.0, 0.0, 0.0, 0.0, 0.0, 0.0, 0.0, 0.0, 0.0, 0.0, 0.0, 0.0, 0.0, 0.0, 0.0, 0.0, 0.0, 0.0, 0.0, 0.0, 0.0, 0.0, 0.0, 0.0, 0.0, 0.0], [0.0, 0.0, 0.0, 0.0, 0.0, 0.0, 0.0, 0.0, 0.0, 0.0, 0.0, 0.0, 0.0, 0.0, 0.0, 0.0, 0.0, 0.0, 0.0, 0.0, 0.0, 0.0, 0.0, 0.0, 0.0, 0.0, 0.0, 0.0], [0.0, 0.0, 0.0, 0.0, 0.0, 0.0, 0.0, 0.0, 0.0, 0.0, 0.0, 0.0, 0.0, 0.0, 0.0, 0.0, 0.0, 0.0, 0.0, 0.0, 0.0, 0.0, 0.0, 0.0, 0.0, 0.0, 0.0, 0.0], [0.0, 0.0, 0.0, 0.0, 0.0, 0.0, 0.0, 0.0, 0.0, 0.0, 0.0, 0.0, 0.0, 0.0, 0.0, 0.0, 0.0, 0.0, 0.0, 0.0, 0.0, 0.0, 0.0, 0.0, 0.0, 0.0, 0.0, 0.0], [0.0, 0.0, 0.0, 0.0, 0.0, 0.0, 0.0, 0.0, 0.0, 0.0, 0.0, 0.0, 0.0, 0.0, 0.0, 0.0, 0.0, 0.0, 0.0, 0.0, 0.0, 0.0, 0.0, 0.0, 0.0, 0.0, 0.0, 0.0], [0.0, 0.0, 0.0, 0.0, 0.0, 0.0, 0.0, 0.0, 0.0, 0.0, 0.0, 0.0, 0.0, 0.0, 0.0, 0.0, 0.0, 0.0, 0.0, 0.0, 0.0, 0.0, 0.0, 0.0, 0.0, 0.0, 0.0, 0.0]], [[0.0, 0.0, 0.0, 0.0, 0.0, 0.0, 0.0, 0.0, 0.0, 0.0, 0.0, 0.0, 0.0, 0.0, 0.0, 0.0, 0.0, 0.0, 0.0, 0.0, 0.0, 0.0, 0.0, 0.0, 0.0, 0.0, 0.0, 0.0], [0.0, 0.0, 0.0, 0.0, 0.0, 0.0, 0.0, 0.0, 0.0, 0.0, 0.0, 0.0, 0.0, 0.0, 0.0, 0.0, 0.0, 0.0, 0.0, 0.0, 0.0, 0.0, 0.0, 0.0, 0.0, 0.0, 0.0, 0.0], [0.0, 0.0, 0.0, 0.0, 0.0, 0.0, 0.0, 0.0, 0.0, 0.0, 0.0, 0.0, 0.0, 0.0, 0.0, 0.0, 0.0, 0.0, 0.0, 0.0, 0.0, 0.0, 0.0, 0.0, 0.0, 0.0, 0.0, 0.0], [0.0, 0.0, 0.0, 0.0, 0.0, 0.0, 0.0, 0.0, 0.0, 0.0, 0.0, 0.0, 0.0, 0.0, 0.0, 0.0, 0.0, 0.0, 0.0, 0.0, 0.0, 0.0, 0.0, 0.0, 0.0, 0.0, 0.0, 0.0], [0.0, 0.0, 0.0, 0.0, 0.0, 0.0, 0.0, 0.0, 0.0, 0.0, 0.0, 0.0, 0.0, 0.0, 0.0, 0.0, 0.0, 0.0, 0.0, 0.0, 0.0, 0.0, 0.0, 0.0, 0.0, 0.0, 0.0, 0.0], [0.0, 0.0, 0.0, 0.0, 0.0, 0.0, 0.0, 0.0, 0.0, 0.0, 0.0, 0.0, 0.0, 0.0, 0.0, 0.0, 0.0, 0.0, 0.0, 0.0, 0.0, 0.0, 0.0, 0.0, 0.0, 0.0, 0.0, 0.0]], [[0.0, 0.0, 0.0, 0.0, 0.0, 0.0, 0.0, 0.0, 0.0, 0.0, 0.0, 0.0, 0.0, 0.0, 0.0, 0.0, 0.0, 0.0, 0.0, 0.0, 0.0, 0.0, 0.0, 0.0, 0.0, 0.0, 0.0, 0.0], [0.0, 0.0, 0.0, 0.0, 0.0, 0.0, 0.0, 0.0, 0.0, 0.0, 0.0, 0.0, 0.0, 0.0, 0.0, 0.0, 0.0, 0.0, 0.0, 0.0, 0.0, 0.0, 0.0, 0.0, 0.0, 0.0, 0.0, 0.0], [0.0, 0.0, 0.0, 0.0, 0.0, 0.0, 0.0, 0.0, 0.0, 0.0, 0.0, 0.0, 0.0, 0.0, 0.0, 0.0, 0.0, 0.0, 0.0, 0.0, 0.0, 0.0, 0.0, 0.0, 0.0, 0.0, 0.0, 0.0], [0.0, 0.0, 0.0, 0.0, 0.0, 0.0, 0.0, 0.0, 0.0, 0.0, 0.0, 0.0, 0.0, 0.0, 0.0, 0.0, 0.0, 0.0, 0.0, 0.0, 0.0, 0.0, 0.0, 0.0, 0.0, 0.0, 0.0, 0.0], [0.0, 0.0, 0.0, 0.0, 0.0, 0.0, 0.0, 0.0, 0.0, 0.0, 0.0, 0.0, 0.0, 0.0, 0.0, 0.0, 0.0, 0.0, 0.0, 0.0, 0.0, 0.0, 0.0, 0.0, 0.0, 0.0, 0.0, 0.0], [0.0, 0.0, 0.0, 0.0, 0.0, 0.0, 0.0, 0.0, 0.0, 0.0, 0.0, 0.0, 0.0, 0.0, 0.0, 0.0, 0.0, 0.0, 0.0, 0.0, 0.0, 0.0, 0.0, 0.0, 0.0, 0.0, 0.0, 0.0]], [[0.0, 0.0, 0.0, 0.0, 0.0, 0.0, 0.0, 0.0, 0.0, 0.0, 0.0, 0.0, 0.0, 0.0, 0.0, 0.0, 0.0, 0.0, 0.0, 0.0, 0.0, 0.0, 0.0, 0.0, 0.0, 0.0, 0.0, 0.0], [0.0, 0.0, 0.0, 0.0, 0.0, 0.0, 0.0, 0.0, 0.0, 0.0, 0.0, 0.0, 0.0, 0.0, 0.0, 0.0, 0.0, 0.0, 0.0, 0.0, 0.0, 0.0, 0.0, 0.0, 0.0, 0.0, 0.0, 0.0], [0.0, 0.0, 0.0, 0.0, 0.0, 0.0, 0.0, 0.0, 0.0, 0.0, 0.0, 0.0, 0.0, 0.0, 0.0, 0.0, 0.0, 0.0, 0.0, 0.0, 0.0, 0.0, 0.0, 0.0, 0.0, 0.0, 0.0, 0.0], [0.0, 0.0, 0.0, 0.0, 0.0, 0.0, 0.0, 0.0, 0.0, 0.0, 0.0, 0.0, 0.0, 0.0, 0.0, 0.0, 0.0, 0.0, 0.0, 0.0, 0.0, 0.0, 0.0, 0.0, 0.0, 0.0, 0.0, 0.0], [0.0, 0.0, 0.0, 0.0, 0.0, 0.0, 0.0, 0.0, 0.0, 0.0, 0.0, 0.0, 0.0, 0.0, 0.0, 0.0, 0.0, 0.0, 0.0, 0.0, 0.0, 0.0, 0.0, 0.0, 0.0, 0.0, 0.0, 0.0], [0.0, 0.0, 0.0, 0.0, 0.0, 0.0, 0.0, 0.0, 0.0, 0.0, 0.0, 0.0, 0.0, 0.0, 0.0, 0.0, 0.0, 0.0, 0.0, 0.0, 0.0, 0.0, 0.0, 0.0, 0.0, 0.0, 0.0, 0.0]], [[0.0, 0.0, 0.0, 0.0, 0.0, 0.0, 0.0, 0.0, 0.0, 0.0, 0.0, 0.0, 0.0, 0.0, 0.0, 0.0, 0.0, 0.0, 0.0, 0.0, 0.0, 0.0, 0.0, 0.0, 0.0, 0.0, 0.0, 0.0], [0.0, 0.0, 0.0, 0.0, 0.0, 0.0, 0.0, 0.0, 0.0, 0.0, 0.0, 0.0, 0.0, 0.0, 0.0, 0.0, 0.0, 0.0, 0.0, 0.0, 0.0, 0.0, 0.0, 0.0, 0.0, 0.0, 0.0, 0.0], [0.0, 0.0, 0.0, 0.0, 0.0, 0.0, 0.0, 0.0, 0.0, 0.0, 0.0, 0.0, 0.0, 0.0, 0.0, 0.0, 0.0, 0.0, 0.0, 0.0, 0.0, 0.0, 0.0, 0.0, 0.0, 0.0, 0.0, 0.0], [0.0, 0.0, 0.0, 0.0, 0.0, 0.0, 0.0, 0.0, 0.0, 0.0, 0.0, 0.0, 0.0, 0.0, 0.0, 0.0, 0.0, 0.0, 0.0, 0.0, 0.0, 0.0, 0.0, 0.0, 0.0, 0.0, 0.0, 0.0], [0.0, 0.0, 0.0, 0.0, 0.0, 0.0, 0.0, 0.0, 0.0, 0.0, 0.0, 0.0, 0.0, 0.0, 0.0, 0.0, 0.0, 0.0, 0.0, 0.0, 0.0, 0.0, 0.0, 0.0, 0.0, 0.0, 0.0, 0.0], [0.0, 0.0, 0.0, 0.0, 0.0, 0.0, 0.0, 0.0, 0.0, 0.0, 0.0, 0.0, 0.0, 0.0, 0.0, 0.0, 0.0, 0.0, 0.0, 0.0, 0.0, 0.0, 0.0, 0.0, 0.0, 0.0, 0.0, 0.0]], [[0.0, 0.0, 0.0, 0.0, 0.0, 0.0, 0.0, 0.0, 0.0, 0.0, 0.0, 0.0, 0.0, 0.0, 0.0, 0.0, 0.0, 0.0, 0.0, 0.0, 0.0, 0.0, 0.0, 0.0, 0.0, 0.0, 0.0, 0.0], [0.0, 0.0, 0.0, 0.0, 0.0, 0.0, 0.0, 0.0, 0.0, 0.0, 0.0, 0.0, 0.0, 0.0, 0.0, 0.0, 0.0, 0.0, 0.0, 0.0, 0.0, 0.0, 0.0, 0.0, 0.0, 0.0, 0.0, 0.0], [0.0, 0.0, 0.0, 0.0, 0.0, 0.0, 0.0, 0.0, 0.0, 0.0, 0.0, 0.0, 0.0, 0.0, 0.0, 0.0, 0.0, 0.0, 0.0, 0.0, 0.0, 0.0, 0.0, 0.0, 0.0, 0.0, 0.0, 0.0], [0.0, 0.0, 0.0, 0.0, 0.0, 0.0, 0.0, 0.0, 0.0, 0.0, 0.0, 0.0, 0.0, 0.0, 0.0, 0.0, 0.0, 0.0, 0.0, 0.0, 0.0, 0.0, 0.0, 0.0, 0.0, 0.0, 0.0, 0.0], [0.0, 0.0, 0.0, 0.0, 0.0, 0.0, 0.0, 0.0, 0.0, 0.0, 0.0, 0.0, 0.0, 0.0, 0.0, 0.0, 0.0, 0.0, 0.0, 0.0, 0.0, 0.0, 0.0, 0.0, 0.0, 0.0, 0.0, 0.0], [0.0, 0.0, 0.0, 0.0, 0.0, 0.0, 0.0, 0.0, 0.0, 0.0, 0.0, 0.0, 0.0, 0.0, 0.0, 0.0, 0.0, 0.0, 0.0, 0.0, 0.0, 0.0, 0.0, 0.0, 0.0, 0.0, 0.0, 0.0]], [[0.0, 0.0, 0.0, 0.0, 0.0, 0.0, 0.0, 0.0, 0.0, 0.0, 0.0, 0.0, 0.0, 0.0, 0.0, 0.0, 0.0, 0.0, 0.0, 0.0, 0.0, 0.0, 0.0, 0.0, 0.0, 0.0, 0.0, 0.0], [0.0, 0.0, 0.0, 0.0, 0.0, 0.0, 0.0, 0.0, 0.0, 0.0, 0.0, 0.0, 0.0, 0.0, 0.0, 0.0, 0.0, 0.0, 0.0, 0.0, 0.0, 0.0, 0.0, 0.0, 0.0, 0.0, 0.0, 0.0], [0.0, 0.0, 0.0, 0.0, 0.0, 0.0, 0.0, 0.0, 0.0, 0.0, 0.0, 0.0, 0.0, 0.0, 0.0, 0.0, 0.0, 0.0, 0.0, 0.0, 0.0, 0.0, 0.0, 0.0, 0.0, 0.0, 0.0, 0.0], [0.0, 0.0, 0.0, 0.0, 0.0, 0.0, 0.0, 0.0, 0.0, 0.0, 0.0, 0.0, 0.0, 0.0, 0.0, 0.0, 0.0, 0.0, 0.0, 0.0, 0.0, 0.0, 0.0, 0.0, 0.0, 0.0, 0.0, 0.0], [0.0, 0.0, 0.0, 0.0, 0.0, 0.0, 0.0, 0.0, 0.0, 0.0, 0.0, 0.0, 0.0, 0.0, 0.0, 0.0, 0.0, 0.0, 0.0, 0.0, 0.0, 0.0, 0.0, 0.0, 0.0, 0.0, 0.0, 0.0], [0.0, 0.0, 0.0, 0.0, 0.0, 0.0, 0.0, 0.0, 0.0, 0.0, 0.0, 0.0, 0.0, 0.0, 0.0, 0.0, 0.0, 0.0, 0.0, 0.0, 0.0, 0.0, 0.0, 0.0, 0.0, 0.0, 0.0, 0.0]], [[0.0, 0.0, 0.0, 0.0, 0.0, 0.0, 0.0, 0.0, 0.0, 0.0, 0.0, 0.0, 0.0, 0.0, 0.0, 0.0, 0.0, 0.0, 0.0, 0.0, 0.0, 0.0, 0.0, 0.0, 0.0, 0.0, 0.0, 0.0], [0.0, 0.0, 0.0, 0.0, 0.0, 0.0, 0.0, 0.0, 0.0, 0.0, 0.0, 0.0, 0.0, 0.0, 0.0, 0.0, 0.0, 0.0, 0.0, 0.0, 0.0, 0.0, 0.0, 0.0, 0.0, 0.0, 0.0, 0.0], [0.0, 0.0, 0.0, 0.0, 0.0, 0.0, 0.0, 0.0, 0.0, 0.0, 0.0, 0.0, 0.0, 0.0, 0.0, 0.0, 0.0, 0.0, 0.0, 0.0, 0.0, 0.0, 0.0, 0.0, 0.0, 0.0, 0.0, 0.0], [0.0, 0.0, 0.0, 0.0, 0.0, 0.0, 0.0, 0.0, 0.0, 0.0, 0.0, 0.0, 0.0, 0.0, 0.0, 0.0, 0.0, 0.0, 0.0, 0.0, 0.0, 0.0, 0.0, 0.0, 0.0, 0.0, 0.0, 0.0], [0.0, 0.0, 0.0, 0.0, 0.0, 0.0, 0.0, 0.0, 0.0, 0.0, 0.0, 0.0, 0.0, 0.0, 0.0, 0.0, 0.0, 0.0, 0.0, 0.0, 0.0, 0.0, 0.0, 0.0, 0.0, 0.0, 0.0, 0.0], [0.0, 0.0, 0.0, 0.0, 0.0, 0.0, 0.0, 0.0, 0.0, 0.0, 0.0, 0.0, 0.0, 0.0, 0.0, 0.0, 0.0, 0.0, 0.0, 0.0, 0.0, 0.0, 0.0, 0.0, 0.0, 0.0, 0.0, 0.0]], [[0.0, 0.0, 0.0, 0.0, 0.0, 0.0, 0.0, 0.0, 0.0, 0.0, 0.0, 0.0, 0.0, 0.0, 0.0, 0.0, 0.0, 0.0, 0.0, 0.0, 0.0, 0.0, 0.0, 0.0, 0.0, 0.0, 0.0, 0.0], [0.0, 0.0, 0.0, 0.0, 0.0, 0.0, 0.0, 0.0, 0.0, 0.0, 0.0, 0.0, 0.0, 0.0, 0.0, 0.0, 0.0, 0.0, 0.0, 0.0, 0.0, 0.0, 0.0, 0.0, 0.0, 0.0, 0.0, 0.0], [0.0, 0.0, 0.0, 0.0, 0.0, 0.0, 0.0, 0.0, 0.0, 0.0, 0.0, 0.0, 0.0, 0.0, 0.0, 0.0, 0.0, 0.0, 0.0, 0.0, 0.0, 0.0, 0.0, 0.0, 0.0, 0.0, 0.0, 0.0], [0.0, 0.0, 0.0, 0.0, 0.0, 0.0, 0.0, 0.0, 0.0, 0.0, 0.0, 0.0, 0.0, 0.0, 0.0, 0.0, 0.0, 0.0, 0.0, 0.0, 0.0, 0.0, 0.0, 0.0, 0.0, 0.0, 0.0, 0.0], [0.0, 0.0, 0.0, 0.0, 0.0, 0.0, 0.0, 0.0, 0.0, 0.0, 0.0, 0.0, 0.0, 0.0, 0.0, 0.0, 0.0, 0.0, 0.0, 0.0, 0.0, 0.0, 0.0, 0.0, 0.0, 0.0, 0.0, 0.0], [0.0, 0.0, 0.0, 0.0, 0.0, 0.0, 0.0, 0.0, 0.0, 0.0, 0.0, 0.0, 0.0, 0.0, 0.0, 0.0, 0.0, 0.0, 0.0, 0.0, 0.0, 0.0, 0.0, 0.0, 0.0, 0.0, 0.0, 0.0]], [[0.0, 0.0, 0.0, 0.0, 0.0, 0.0, 0.0, 0.0, 0.0, 0.0, 0.0, 0.0, 0.0, 0.0, 0.0, 0.0, 0.0, 0.0, 0.0, 0.0, 0.0, 0.0, 0.0, 0.0, 0.0, 0.0, 0.0, 0.0], [0.0, 0.0, 0.0, 0.0, 0.0, 0.0, 0.0, 0.0, 0.0, 0.0, 0.0, 0.0, 0.0, 0.0, 0.0, 0.0, 0.0, 0.0, 0.0, 0.0, 0.0, 0.0, 0.0, 0.0, 0.0, 0.0, 0.0, 0.0], [0.0, 0.0, 0.0, 0.0, 0.0, 0.0, 0.0, 0.0, 0.0, 0.0, 0.0, 0.0, 0.0, 0.0, 0.0, 0.0, 0.0, 0.0, 0.0, 0.0, 0.0, 0.0, 0.0, 0.0, 0.0, 0.0, 0.0, 0.0], [0.0, 0.0, 0.0, 0.0, 0.0, 0.0, 0.0, 0.0, 0.0, 0.0, 0.0, 0.0, 0.0, 0.0, 0.0, 0.0, 0.0, 0.0, 0.0, 0.0, 0.0, 0.0, 0.0, 0.0, 0.0, 0.0, 0.0, 0.0], [0.0, 0.0, 0.0, 0.0, 0.0, 0.0, 0.0, 0.0, 0.0, 0.0, 0.0, 0.0, 0.0, 0.0, 0.0, 0.0, 0.0, 0.0, 0.0, 0.0, 0.0, 0.0, 0.0, 0.0, 0.0, 0.0, 0.0, 0.0], [0.0, 0.0, 0.0, 0.0, 0.0, 0.0, 0.0, 0.0, 0.0, 0.0, 0.0, 0.0, 0.0, 0.0, 0.0, 0.0, 0.0, 0.0, 0.0, 0.0, 0.0, 0.0, 0.0, 0.0, 0.0, 0.0, 0.0, 0.0]], [[0.0, 0.0, 0.0, 0.0, 0.0, 0.0, 0.0, 0.0, 0.0, 0.0, 0.0, 0.0, 0.0, 0.0, 0.0, 0.0, 0.0, 0.0, 0.0, 0.0, 0.0, 0.0, 0.0, 0.0, 0.0, 0.0, 0.0, 0.0], [0.0, 0.0, 0.0, 0.0, 0.0, 0.0, 0.0, 0.0, 0.0, 0.0, 0.0, 0.0, 0.0, 0.0, 0.0, 0.0, 0.0, 0.0, 0.0, 0.0, 0.0, 0.0, 0.0, 0.0, 0.0, 0.0, 0.0, 0.0], [0.0, 0.0, 0.0, 0.0, 0.0, 0.0, 0.0, 0.0, 0.0, 0.0, 0.0, 0.0, 0.0, 0.0, 0.0, 0.0, 0.0, 0.0, 0.0, 0.0, 0.0, 0.0, 0.0, 0.0, 0.0, 0.0, 0.0, 0.0], [0.0, 0.0, 0.0, 0.0, 0.0, 0.0, 0.0, 0.0, 0.0, 0.0, 0.0, 0.0, 0.0, 0.0, 0.0, 0.0, 0.0, 0.0, 0.0, 0.0, 0.0, 0.0, 0.0, 0.0, 0.0, 0.0, 0.0, 0.0], [0.0, 0.0, 0.0, 0.0, 0.0, 0.0, 0.0, 0.0, 0.0, 0.0, 0.0, 0.0, 0.0, 0.0, 0.0, 0.0, 0.0, 0.0, 0.0, 0.0, 0.0, 0.0, 0.0, 0.0, 0.0, 0.0, 0.0, 0.0], [0.0, 0.0, 0.0, 0.0, 0.0, 0.0, 0.0, 0.0, 0.0, 0.0, 0.0, 0.0, 0.0, 0.0, 0.0, 0.0, 0.0, 0.0, 0.0, 0.0, 0.0, 0.0, 0.0, 0.0, 0.0, 0.0, 0.0, 0.0]], [[0.0, 0.0, 0.0, 0.0, 0.0, 0.0, 0.0, 0.0, 0.0, 0.0, 0.0, 0.0, 0.0, 0.0, 0.0, 0.0, 0.0, 0.0, 0.0, 0.0, 0.0, 0.0, 0.0, 0.0, 0.0, 0.0, 0.0, 0.0], [0.0, 0.0, 0.0, 0.0, 0.0, 0.0, 0.0, 0.0, 0.0, 0.0, 0.0, 0.0, 0.0, 0.0, 0.0, 0.0, 0.0, 0.0, 0.0, 0.0, 0.0, 0.0, 0.0, 0.0, 0.0, 0.0, 0.0, 0.0], [0.0, 0.0, 0.0, 0.0, 0.0, 0.0, 0.0, 0.0, 0.0, 0.0, 0.0, 0.0, 0.0, 0.0, 0.0, 0.0, 0.0, 0.0, 0.0, 0.0, 0.0, 0.0, 0.0, 0.0, 0.0, 0.0, 0.0, 0.0], [0.0, 0.0, 0.0, 0.0, 0.0, 0.0, 0.0, 0.0, 0.0, 0.0, 0.0, 0.0, 0.0, 0.0, 0.0, 0.0, 0.0, 0.0, 0.0, 0.0, 0.0, 0.0, 0.0, 0.0, 0.0, 0.0, 0.0, 0.0], [0.0, 0.0, 0.0, 0.0, 0.0, 0.0, 0.0, 0.0, 0.0, 0.0, 0.0, 0.0, 0.0, 0.0, 0.0, 0.0, 0.0, 0.0, 0.0, 0.0, 0.0, 0.0, 0.0, 0.0, 0.0, 0.0, 0.0, 0.0], [0.0, 0.0, 0.0, 0.0, 0.0, 0.0, 0.0, 0.0, 0.0, 0.0, 0.0, 0.0, 0.0, 0.0, 0.0, 0.0, 0.0, 0.0, 0.0, 0.0, 0.0, 0.0, 0.0, 0.0, 0.0, 0.0, 0.0, 0.0]], [[0.0, 0.0, 0.0, 0.0, 0.0, 0.0, 0.0, 0.0, 0.0, 0.0, 0.0, 0.0, 0.0, 0.0, 0.0, 0.0, 0.0, 0.0, 0.0, 0.0, 0.0, 0.0, 0.0, 0.0, 0.0, 0.0, 0.0, 0.0], [0.0, 0.0, 0.0, 0.0, 0.0, 0.0, 0.0, 0.0, 0.0, 0.0, 0.0, 0.0, 0.0, 0.0, 0.0, 0.0, 0.0, 0.0, 0.0, 0.0, 0.0, 0.0, 0.0, 0.0, 0.0, 0.0, 0.0, 0.0], [0.0, 0.0, 0.0, 0.0, 0.0, 0.0, 0.0, 0.0, 0.0, 0.0, 0.0, 0.0, 0.0, 0.0, 0.0, 0.0, 0.0, 0.0, 0.0, 0.0, 0.0, 0.0, 0.0, 0.0, 0.0, 0.0, 0.0, 0.0], [0.0, 0.0, 0.0, 0.0, 0.0, 0.0, 0.0, 0.0, 0.0, 0.0, 0.0, 0.0, 0.0, 0.0, 0.0, 0.0, 0.0, 0.0, 0.0, 0.0, 0.0, 0.0, 0.0, 0.0, 0.0, 0.0, 0.0, 0.0], [0.0, 0.0, 0.0, 0.0, 0.0, 0.0, 0.0, 0.0, 0.0, 0.0, 0.0, 0.0, 0.0, 0.0, 0.0, 0.0, 0.0, 0.0, 0.0, 0.0, 0.0, 0.0, 0.0, 0.0, 0.0, 0.0, 0.0, 0.0], [0.0, 0.0, 0.0, 0.0, 0.0, 0.0, 0.0, 0.0, 0.0, 0.0, 0.0, 0.0, 0.0, 0.0, 0.0, 0.0, 0.0, 0.0, 0.0, 0.0, 0.0, 0.0, 0.0, 0.0, 0.0, 0.0, 0.0, 0.0]]];
t = [[99999999.0, 12.922298751184286, 10.487960514494262, 11.115460080586038, 7.2131346422682885, 5.786450584564852, 11.833859118197612, 5.401487047687756, 13.605968479981078, 8.734440752571295, 9.533895092964572, 7.736382280583669, 9.180859534048603, 13.448969337118607, 11.754033399055253, 6.492545054114408, 7.336374522766562, 12.539021302722372, 7.802890476244264, 14.514371779049018, 5.153918125963174, 7.1456396222050405, 14.524437425121077, 8.195994510677185, 8.221690589412809, 5.982053965548247, 8.116419258833739, 10.620558805749983, 6.093429642841727, 13.750378715159549], [12.922298751184286, 99999999.0, 6.437198686162345, 13.840285661727012, 11.84083035420683, 7.8000872248909525, 10.364786855433655, 13.104537072595381, 10.890100421869295, 11.486656761751142, 6.252503202484628, 6.094667275368737, 8.796238255853655, 11.058616695844133, 8.375378978981754, 8.364069199802607, 8.915746408479542, 14.341159543597392, 6.949774112314834, 6.460750716213636, 7.2474627909445335, 10.90702217076595, 11.017127878539767, 13.843515153127727, 12.381137271883288, 5.279983986377758, 6.570457007439808, 9.80488238242442, 10.64139051632392, 14.260194970519498], [10.487960514494262, 6.437198686162345, 99999999.0, 9.781257869594846, 7.624714566708338, 11.336870440981267, 8.01436127718031, 6.1553241803362475, 13.633890670389732, 13.053079532452315, 7.239680223672615, 13.833086163641635, 7.439283953484166, 14.185704717721999, 7.0916472741333, 14.233746650039473, 11.135389659524918, 13.458818085289389, 6.605672139189735, 5.395357758181445, 5.9762500570673796, 7.079352744414482, 5.27177065682987, 13.130469401654931, 11.295567914243197, 13.805813538946941, 9.734404137011756, 13.827259097868126, 13.58980874082302, 11.096395938217299], [11.115460080586038, 13.840285661727012, 9.781257869594846, 99999999.0, 11.714138287979802, 14.755921846783979, 10.515363832147997, 6.498031340132215, 14.672931736936208, 7.120123646081277, 8.856752062887958, 12.137525319086318, 6.7792289673903365, 8.412759621671338, 9.191851881352765, 11.402097195232395, 12.419502328606004, 8.630958644628828, 11.503361124991716, 14.47704081119419, 12.756708185315544, 9.050119505107864, 11.734337381774974, 6.579023231681709, 14.8670390412066, 11.295003692633955, 8.371874441025344, 5.322686091376778, 10.30863072309722, 12.25228465816768], [7.2131346422682885, 11.84083035420683, 7.624714566708338, 11.714138287979802, 99999999.0, 10.881117132512152, 11.24672612705998, 13.50118516392368, 10.183247414431875, 10.954658322448434, 8.938242049056363, 8.604750998473918, 6.77054584073789, 11.289918452833874, 12.07692711019734, 6.28969758524918, 5.499597604203238, 9.160068865236994, 12.57674793948715, 13.442071103121581, 7.146876817255981, 10.681543964838912, 12.457307370435293, 9.822358720183681, 13.005988400338161, 14.304066362973105, 10.971960762471287, 13.261498017056487, 6.199005585603241, 11.388029956265731], [5.786450584564852, 7.8000872248909525, 11.336870440981267, 14.755921846783979, 10.881117132512152, 99999999.0, 6.774391513141217, 9.591119508122471, 6.881912710761884, 12.827518073891879, 14.83112362929875, 9.929776614740096, 5.419998118183644, 8.597066398012023, 5.909055724861561, 13.165783773793395, 8.710400227692311, 8.708436516152256, 7.722970824704688, 7.885726935474768, 5.492133529644208, 6.325673117190602, 10.49696689846606, 13.643568143472924, 11.818541207426534, 7.791837556899336, 11.010289311540234, 9.38407754523167, 10.717506894610732, 12.176179894728385], [11.833859118197612, 10.364786855433655, 8.01436127718031, 10.515363832147997, 11.24672612705998, 6.774391513141217, 99999999.0, 13.758288033527375, 11.32308069472868, 8.105179973885523, 11.2261800719862, 5.366710125987635, 7.377906848512513, 6.710743948288305, 13.066045416897147, 11.334571505206092, 6.627186087536909, 12.87317740942974, 7.473454886791706, 10.567145993772888, 9.19155550922532, 6.384140856534427, 8.110021562582304, 13.21030071712483, 11.678644860423008, 8.533943847829757, 8.909585403762774, 5.070670596960902, 11.306709919402108, 11.732026197558321], [5.401487047687756, 13.104537072595381, 6.1553241803362475, 6.498031340132215, 13.50118516392368, 9.591119508122471, 13.758288033527375, 99999999.0, 9.312201360019188, 10.026354866130509, 12.925216745150866, 7.37964458689293, 9.546789417095988, 10.887155633498777, 12.931544108425134, 9.4482715175015, 14.901102710389415, 7.687186456746219, 6.869296583139478, 6.298953592165587, 7.490471078988979, 13.85707620498518, 8.656254310119282, 14.114103041411019, 13.280111071746441, 12.543763558749777, 14.753585147500136, 5.067624862407677, 6.470973088714191, 10.960649956910984], [13.605968479981078, 10.890100421869295, 13.633890670389732, 14.672931736936208, 10.183247414431875, 6.881912710761884, 11.32308069472868, 9.312201360019188, 99999999.0, 8.645399367030205, 13.663468716960242, 10.437089105578847, 9.113322758108346, 9.11811559012431, 14.454456638815241, 11.652826714088459, 9.84728407932882, 9.567145379317974, 8.35375290223671, 12.434245563113834, 5.260381085384207, 5.593190394979834, 7.140147082711312, 10.711847571641002, 10.201783200168496, 14.160748611826785, 9.747029898905812, 14.889206548277889, 8.117022246563991, 11.82863226457922], [8.734440752571295, 11.486656761751142, 13.053079532452315, 7.120123646081277, 10.954658322448434, 12.827518073891879, 8.105179973885523, 10.026354866130509, 8.645399367030205, 99999999.0, 12.576937914781155, 10.686593561761963, 5.021914593762436, 12.815535188952044, 11.42159891998824, 13.023395815142724, 13.242013948255991, 13.061836013677272, 13.908800909441968, 10.86095719735163, 6.9941140791947065, 14.580537878571716, 5.47212453712513, 7.700882354781097, 9.514716807392698, 6.056306686595397, 8.677015819602293, 8.920163959907008, 11.866405081695788, 13.089553501427988], [9.533895092964572, 6.252503202484628, 7.239680223672615, 8.856752062887958, 8.938242049056363, 14.83112362929875, 11.2261800719862, 12.925216745150866, 13.663468716960242, 12.576937914781155, 99999999.0, 6.3452051987586, 6.209624234024737, 13.877473987840728, 8.562713052249128, 10.347138581136564, 11.912146788203746, 10.261656401402359, 6.6009138156571865, 6.021260902076011, 7.5560433724127645, 7.72406975417902, 8.62592643334737, 8.497083514721709, 12.258572216334578, 14.287955530619215, 5.496187079903238, 13.781224377677422, 6.8779587233263575, 14.75570511938239], [7.736382280583669, 6.094667275368737, 13.833086163641635, 12.137525319086318, 8.604750998473918, 9.929776614740096, 5.366710125987635, 7.37964458689293, 10.437089105578847, 10.686593561761963, 6.3452051987586, 99999999.0, 5.280944331399046, 9.827689186146563, 13.304506353033393, 13.122727746002601, 11.58145260434042, 9.872930741640284, 10.22595787996502, 14.48343571547814, 10.714372402812938, 9.897354141727304, 7.717489366051469, 10.022488713787201, 9.503602805151717, 9.609618812022749, 12.293180944863131, 5.707351396373759, 13.216431021167224, 9.515865488666957], [9.180859534048603, 8.796238255853655, 7.439283953484166, 6.7792289673903365, 6.77054584073789, 5.419998118183644, 7.377906848512513, 9.546789417095988, 9.113322758108346, 5.021914593762436, 6.209624234024737, 5.280944331399046, 99999999.0, 6.75284020951874, 14.61545421671424, 6.3118424137787565, 11.73859201445446, 6.264737178330877, 10.552040988653495, 5.421136057843703, 11.875713269331172, 6.008930357265615, 5.255237101925881, 13.672343697552446, 10.971989986588, 12.946386715040612, 13.872504395200005, 5.018167001148088, 8.608337004021472, 9.45483940712419], [13.448969337118607, 11.058616695844133, 14.185704717721999, 8.412759621671338, 11.289918452833874, 8.597066398012023, 6.710743948288305, 10.887155633498777, 9.11811559012431, 12.815535188952044, 13.877473987840728, 9.827689186146563, 6.75284020951874, 99999999.0, 7.398884550939795, 9.712421713612455, 13.10448301913522, 10.911490381140503, 11.20995987863354, 9.755681299046103, 8.96712212356352, 14.000220534939498, 5.326270685159798, 8.95972440246603, 11.011982096183178, 7.437995234428378, 5.768585441854262, 10.531438099684014, 9.702105543055513, 7.6982948597088665], [11.754033399055253, 8.375378978981754, 7.0916472741333, 9.191851881352765, 12.07692711019734, 5.909055724861561, 13.066045416897147, 12.931544108425134, 14.454456638815241, 11.42159891998824, 8.562713052249128, 13.304506353033393, 14.61545421671424, 7.398884550939795, 99999999.0, 6.041001566134451, 5.642941689667788, 5.014713252857462, 11.361555812637441, 11.763254415698848, 12.116201195827248, 13.753283029141173, 5.918631124629221, 8.551922694131257, 10.79589595877866, 12.828011889308423, 11.629151490127718, 12.873180112398536, 13.514104390357053, 7.625907474164779], [6.492545054114408, 8.364069199802607, 14.233746650039473, 11.402097195232395, 6.28969758524918, 13.165783773793395, 11.334571505206092, 9.4482715175015, 11.652826714088459, 13.023395815142724, 10.347138581136564, 13.122727746002601, 6.3118424137787565, 9.712421713612455, 6.041001566134451, 99999999.0, 14.435691162088194, 10.196021379915301, 14.67270601576592, 9.737130103160666, 14.630755237420855, 6.292443596113251, 11.59287557895189, 5.956300002279505, 11.227048791695537, 9.735808281663449, 11.270797622204459, 5.131990647300707, 13.373151152222935, 14.626051499497137], [7.336374522766562, 8.915746408479542, 11.135389659524918, 12.419502328606004, 5.499597604203238, 8.710400227692311, 6.627186087536909, 14.901102710389415, 9.84728407932882, 13.242013948255991, 11.912146788203746, 11.58145260434042, 11.73859201445446, 13.10448301913522, 5.642941689667788, 14.435691162088194, 99999999.0, 9.964627541083827, 6.840672371437073, 5.87625250578496, 10.628514200842302, 11.32718088263993, 11.993584547020452, 11.657893740155316, 8.322857508068127, 10.96698578880175, 12.622607480906844, 13.035073119335204, 7.052101201731195, 11.835909861393072], [12.539021302722372, 14.341159543597392, 13.458818085289389, 8.630958644628828, 9.160068865236994, 8.708436516152256, 12.87317740942974, 7.687186456746219, 9.567145379317974, 13.061836013677272, 10.261656401402359, 9.872930741640284, 6.264737178330877, 10.911490381140503, 5.014713252857462, 10.196021379915301, 9.964627541083827, 99999999.0, 5.029481796364933, 11.98834879072944, 13.332569863420154, 14.18916216188881, 11.971060459246367, 14.521188401658623, 14.800915384370478, 10.641873761685483, 8.488434222723303, 13.398865709652751, 12.604152202122734, 10.843887321023892], [7.802890476244264, 6.949774112314834, 6.605672139189735, 11.503361124991716, 12.57674793948715, 7.722970824704688, 7.473454886791706, 6.869296583139478, 8.35375290223671, 13.908800909441968, 6.6009138156571865, 10.22595787996502, 10.552040988653495, 11.20995987863354, 11.361555812637441, 14.67270601576592, 6.840672371437073, 5.029481796364933, 99999999.0, 11.8428133607448, 7.525151103638757, 11.805227501216233, 9.210736664546223, 13.925006391606349, 5.7766199699371334, 13.664770979535998, 5.791634926272778, 6.854708222835869, 11.97145718143588, 6.4458329095761], [14.514371779049018, 6.460750716213636, 5.395357758181445, 14.47704081119419, 13.442071103121581, 7.885726935474768, 10.567145993772888, 6.298953592165587, 12.434245563113834, 10.86095719735163, 6.021260902076011, 14.48343571547814, 5.421136057843703, 9.755681299046103, 11.763254415698848, 9.737130103160666, 5.87625250578496, 11.98834879072944, 11.8428133607448, 99999999.0, 13.952423533537196, 7.091096546902147, 8.398805929277191, 9.476435068837837, 10.107039793337774, 7.044690265900666, 8.649205737666037, 6.942638640526343, 7.953915829807471, 13.444356295747165], [5.153918125963174, 7.2474627909445335, 5.9762500570673796, 12.756708185315544, 7.146876817255981, 5.492133529644208, 9.19155550922532, 7.490471078988979, 5.260381085384207, 6.9941140791947065, 7.5560433724127645, 10.714372402812938, 11.875713269331172, 8.96712212356352, 12.116201195827248, 14.630755237420855, 10.628514200842302, 13.332569863420154, 7.525151103638757, 13.952423533537196, 99999999.0, 9.356607910929686, 7.513019452353024, 8.036766656356988, 11.774703994176619, 11.770405058725203, 6.391971006695613, 13.191513647511679, 12.48739307532276, 12.970651603871516], [7.1456396222050405, 10.90702217076595, 7.079352744414482, 9.050119505107864, 10.681543964838912, 6.325673117190602, 6.384140856534427, 13.85707620498518, 5.593190394979834, 14.580537878571716, 7.72406975417902, 9.897354141727304, 6.008930357265615, 14.000220534939498, 13.753283029141173, 6.292443596113251, 11.32718088263993, 14.18916216188881, 11.805227501216233, 7.091096546902147, 9.356607910929686, 99999999.0, 13.980927897066827, 13.208018085914802, 6.0603489672502695, 11.823077011488495, 9.53874227727865, 10.956323875821262, 6.454021626541483, 7.089381724100297], [14.524437425121077, 11.017127878539767, 5.27177065682987, 11.734337381774974, 12.457307370435293, 10.49696689846606, 8.110021562582304, 8.656254310119282, 7.140147082711312, 5.47212453712513, 8.62592643334737, 7.717489366051469, 5.255237101925881, 5.326270685159798, 5.918631124629221, 11.59287557895189, 11.993584547020452, 11.971060459246367, 9.210736664546223, 8.398805929277191, 7.513019452353024, 13.980927897066827, 99999999.0, 12.920307555743445, 13.374114738306732, 12.602727182766722, 13.628151249115326, 9.275284136307683, 11.220554853719346, 7.45459478381458], [8.195994510677185, 13.843515153127727, 13.130469401654931, 6.579023231681709, 9.822358720183681, 13.643568143472924, 13.21030071712483, 14.114103041411019, 10.711847571641002, 7.700882354781097, 8.497083514721709, 10.022488713787201, 13.672343697552446, 8.95972440246603, 8.551922694131257, 5.956300002279505, 11.657893740155316, 14.521188401658623, 13.925006391606349, 9.476435068837837, 8.036766656356988, 13.208018085914802, 12.920307555743445, 99999999.0, 10.003320900261093, 10.493887746521095, 9.76380835866614, 7.255330847261896, 13.610767975527846, 13.739465717658053], [8.221690589412809, 12.381137271883288, 11.295567914243197, 14.8670390412066, 13.005988400338161, 11.818541207426534, 11.678644860423008, 13.280111071746441, 10.201783200168496, 9.514716807392698, 12.258572216334578, 9.503602805151717, 10.971989986588, 11.011982096183178, 10.79589595877866, 11.227048791695537, 8.322857508068127, 14.800915384370478, 5.7766199699371334, 10.107039793337774, 11.774703994176619, 6.0603489672502695, 13.374114738306732, 10.003320900261093, 99999999.0, 7.043637391172174, 7.950250596548716, 13.883215813168107, 12.582455535854567, 12.223018706057083], [5.982053965548247, 5.279983986377758, 13.805813538946941, 11.295003692633955, 14.304066362973105, 7.791837556899336, 8.533943847829757, 12.543763558749777, 14.160748611826785, 6.056306686595397, 14.287955530619215, 9.609618812022749, 12.946386715040612, 7.437995234428378, 12.828011889308423, 9.735808281663449, 10.96698578880175, 10.641873761685483, 13.664770979535998, 7.044690265900666, 11.770405058725203, 11.823077011488495, 12.602727182766722, 10.493887746521095, 7.043637391172174, 99999999.0, 14.506814291093072, 13.912592505828085, 10.736421385495216, 8.437360321966867], [8.116419258833739, 6.570457007439808, 9.734404137011756, 8.371874441025344, 10.971960762471287, 11.010289311540234, 8.909585403762774, 14.753585147500136, 9.747029898905812, 8.677015819602293, 5.496187079903238, 12.293180944863131, 13.872504395200005, 5.768585441854262, 11.629151490127718, 11.270797622204459, 12.622607480906844, 8.488434222723303, 5.791634926272778, 8.649205737666037, 6.391971006695613, 9.53874227727865, 13.628151249115326, 9.76380835866614, 7.950250596548716, 14.506814291093072, 99999999.0, 8.285628160103542, 11.386448947930914, 7.780986438091672], [10.620558805749983, 9.80488238242442, 13.827259097868126, 5.322686091376778, 13.261498017056487, 9.38407754523167, 5.070670596960902, 5.067624862407677, 14.889206548277889, 8.920163959907008, 13.781224377677422, 5.707351396373759, 5.018167001148088, 10.531438099684014, 12.873180112398536, 5.131990647300707, 13.035073119335204, 13.398865709652751, 6.854708222835869, 6.942638640526343, 13.191513647511679, 10.956323875821262, 9.275284136307683, 7.255330847261896, 13.883215813168107, 13.912592505828085, 8.285628160103542, 99999999.0, 8.53459622016926, 11.944302106438457], [6.093429642841727, 10.64139051632392, 13.58980874082302, 10.30863072309722, 6.199005585603241, 10.717506894610732, 11.306709919402108, 6.470973088714191, 8.117022246563991, 11.866405081695788, 6.8779587233263575, 13.216431021167224, 8.608337004021472, 9.702105543055513, 13.514104390357053, 13.373151152222935, 7.052101201731195, 12.604152202122734, 11.97145718143588, 7.953915829807471, 12.48739307532276, 6.454021626541483, 11.220554853719346, 13.610767975527846, 12.582455535854567, 10.736421385495216, 11.386448947930914, 8.53459622016926, 99999999.0, 10.88432664475404], [13.750378715159549, 14.260194970519498, 11.096395938217299, 12.25228465816768, 11.388029956265731, 12.176179894728385, 11.732026197558321, 10.960649956910984, 11.82863226457922, 13.089553501427988, 14.75570511938239, 9.515865488666957, 9.45483940712419, 7.6982948597088665, 7.625907474164779, 14.626051499497137, 11.835909861393072, 10.843887321023892, 6.4458329095761, 13.444356295747165, 12.970651603871516, 7.089381724100297, 7.45459478381458, 13.739465717658053, 12.223018706057083, 8.437360321966867, 7.780986438091672, 11.944302106438457, 10.88432664475404, 99999999.0]];
