M = 99999999.0;
numWorkers = 25;
numRoles = 6;
numNodes = 30;
wStart = [0, 4.331108546765064, 53.38620533554977, 20.966583457767427, 16.66533580279617, 3.7291271872063345, 38.37530545240826, 5.868362726104141, 7.744534868430872, 12.276901051835646, 21.933515320589624, 16.202984468949698, 35.16075902838341, 38.078297696172555, 27.307416390721613, 6.063327415064702, 11.239024063251975, 61.56515801611988, 9.273894052338692, 12.943165875724958, 14.065947666521215, 39.145172035454436, 9.83007993378372, 46.457282810632556, 54.970292711924145, 4.181829115438183, 30.568147382037303, 21.960792497509264, 11.569454381941508, 0];
wEnd = [0, 39.362668965147854, 88.49019912779636, 49.65805345619586, 42.0799885207259, 37.09760617988684, 73.18934683120924, 36.557262122180795, 41.941744075278734, 46.1340506075265, 48.89117139397472, 46.911475149250094, 69.11681610379753, 68.19262564121193, 59.11672700020005, 34.97112350274424, 41.878260326238596, 87.51533717825211, 45.1375107358191, 50.48559177372297, 54.01284324647649, 76.42479833316297, 45.4030925641145, 78.66320416355478, 84.3652129279561, 34.333500912500085, 56.18248126222618, 55.90942568290177, 38.14131583550682, 90];
p = [0, 18.932300108791857, 10.060654460856655, 15.028156954912118, 12.107608303575615, 16.946232150613742, 21.114031020420693, 15.21133439867619, 10.284303231889824, 18.280450409132776, 11.317298051558893, 15.715809835606455, 9.192769394565115, 16.4967460215927, 12.676570476615993, 18.71864531211715, 18.274989566760883, 10.471976729441124, 10.959914193772072, 20.47982049524079, 17.20269086475854, 14.000934406158551, 11.255522542885876, 20.57818043863128, 16.596236660668186, 19.479100636719462, 13.896468541634368, 14.833948581661721, 10.946666325031613, 0];
e = [[1, 1, 0, 0, 0, 0], [1, 1, 0, 0, 0, 0], [0, 1, 0, 1, 0, 0], [1, 0, 0, 0, 0, 1], [0, 1, 0, 1, 0, 0], [0, 1, 0, 0, 1, 0], [1, 1, 0, 0, 0, 0], [1, 0, 0, 1, 0, 0], [1, 0, 0, 1, 0, 0], [1, 1, 0, 0, 0, 0], [0, 0, 0, 1, 1, 0], [0, 1, 0, 0, 0, 1], [0, 0, 0, 1, 0, 1], [0, 1, 1, 0, 0, 0], [0, 1, 0, 0, 0, 1], [1, 1, 0, 0, 0, 0], [0, 1, 0, 0, 0, 0], [1, 1, 0, 0, 0, 0], [0, 1, 0, 0, 1, 0], [0, 1, 0, 0, 0, 1], [0, 1, 0, 0, 0, 0], [0, 1, 0, 0, 0, 0], [0, 1, 1, 0, 0, 0], [1, 1, 0, 0, 0, 0], [0, 1, 0, 0, 0, 0]];
d = [[0, 1, 1, 0, 0, 0, 2, 1, 1, 1, 1, 2, 0, 1, 4, 0, 1, 1, 0, 0, 1, 0, 1, 1, 1, 0, 1, 0], [0, 2, 1, 0, 0, 0, 0, 0, 1, 0, 1, 2, 1, 1, 1, 0, 1, 0, 1, 1, 2, 2, 1, 1, 1, 1, 0, 1], [1, 1, 2, 1, 0, 0, 1, 0, 2, 1, 1, 1, 0, 1, 1, 1, 2, 0, 1, 4, 1, 0, 1, 1, 3, 1, 2, 2], [2, 2, 0, 0, 3, 1, 0, 0, 0, 0, 1, 2, 1, 0, 0, 0, 1, 1, 0, 0, 2, 3, 2, 0, 2, 0, 0, 1], [3, 2, 2, 1, 0, 1, 1, 2, 0, 2, 1, 0, 1, 0, 1, 1, 0, 1, 2, 1, 1, 3, 0, 0, 0, 2, 1, 0], [0, 0, 0, 1, 1, 1, 3, 0, 1, 1, 0, 1, 0, 2, 1, 2, 0, 0, 0, 0, 0, 0, 3, 0, 0, 3, 0, 1]];
r = [2093.355444227155, 873.6237449876702, 1787.3538500623522, 1140.0688424595082, 3007.1150336836445, 2754.017500905439, 2863.7511411773244, 1354.7752363140398, 3054.879257689225, 2207.128793681136, 3066.9868831517565, 1423.0116885674495, 2045.7597521479418, 1632.3244423126014, 2553.414874368472, 1993.1016628900923, 1954.1102032526348, 807.2601771921258, 3728.7963370736634, 3256.125343132677, 1102.8105156111537, 1798.1212206096754, 3557.5884198339704, 1247.0206545300532, 1218.3327755842622, 1922.8176813361792, 2371.886174171361, 1294.520515620182];
b = [[[0.0, 0.0, 0.0, 0.0, 0.0, 0.0, 0.0, 0.0, 0.0, 0.0, 0.0, 0.0, 0.0, 0.0, 0.0, 0.0, 0.0, 0.0, 0.0, 0.0, 0.0, 0.0, 0.0, 0.0, 0.0, 0.0, 0.0, 0.0], [0.0, 0.0, 0.0, 0.0, 0.0, 0.0, 0.0, 0.0, 0.0, 0.0, 0.0, 0.0, 0.0, 0.0, 0.0, 0.0, 0.0, 0.0, 0.0, 0.0, 0.0, 0.0, 0.0, 0.0, 0.0, 0.0, 0.0, 0.0], [0.0, 0.0, 0.0, 0.0, 0.0, 0.0, 0.0, 0.0, 0.0, 0.0, 0.0, 0.0, 0.0, 0.0, 0.0, 0.0, 0.0, 0.0, 0.0, 0.0, 0.0, 0.0, 0.0, 0.0, 0.0, 0.0, 0.0, 0.0], [0.0, 0.0, 0.0, 0.0, 0.0, 0.0, 0.0, 0.0, 0.0, 0.0, 0.0, 0.0, 0.0, 0.0, 0.0, 0.0, 0.0, 0.0, 0.0, 0.0, 0.0, 0.0, 0.0, 0.0, 0.0, 0.0, 0.0, 0.0], [0.0, 0.0, 0.0, 0.0, 0.0, 0.0, 0.0, 0.0, 0.0, 0.0, 0.0, 0.0, 0.0, 0.0, 0.0, 0.0, 0.0, 0.0, 0.0, 0.0, 0.0, 0.0, 0.0, 0.0, 0.0, 0.0, 0.0, 0.0], [0.0, 0.0, 0.0, 0.0, 0.0, 0.0, 0.0, 0.0, 0.0, 0.0, 0.0, 0.0, 0.0, 0.0, 0.0, 0.0, 0.0, 0.0, 0.0, 0.0, 0.0, 0.0, 0.0, 0.0, 0.0, 0.0, 0.0, 0.0]], [[0.0, 0.0, 0.0, 0.0, 0.0, 0.0, 0.0, 0.0, 0.0, 0.0, 0.0, 0.0, 0.0, 0.0, 0.0, 0.0, 0.0, 0.0, 0.0, 0.0, 0.0, 0.0, 0.0, 0.0, 0.0, 0.0, 0.0, 0.0], [0.0, 0.0, 0.0, 0.0, 0.0, 0.0, 0.0, 0.0, 0.0, 0.0, 0.0, 0.0, 0.0, 0.0, 0.0, 0.0, 0.0, 0.0, 0.0, 0.0, 0.0, 0.0, 0.0, 0.0, 0.0, 0.0, 0.0, 0.0], [0.0, 0.0, 0.0, 0.0, 0.0, 0.0, 0.0, 0.0, 0.0, 0.0, 0.0, 0.0, 0.0, 0.0, 0.0, 0.0, 0.0, 0.0, 0.0, 0.0, 0.0, 0.0, 0.0, 0.0, 0.0, 0.0, 0.0, 0.0], [0.0, 0.0, 0.0, 0.0, 0.0, 0.0, 0.0, 0.0, 0.0, 0.0, 0.0, 0.0, 0.0, 0.0, 0.0, 0.0, 0.0, 0.0, 0.0, 0.0, 0.0, 0.0, 0.0, 0.0, 0.0, 0.0, 0.0, 0.0], [0.0, 0.0, 0.0, 0.0, 0.0, 0.0, 0.0, 0.0, 0.0, 0.0, 0.0, 0.0, 0.0, 0.0, 0.0, 0.0, 0.0, 0.0, 0.0, 0.0, 0.0, 0.0, 0.0, 0.0, 0.0, 0.0, 0.0, 0.0], [0.0, 0.0, 0.0, 0.0, 0.0, 0.0, 0.0, 0.0, 0.0, 0.0, 0.0, 0.0, 0.0, 0.0, 0.0, 0.0, 0.0, 0.0, 0.0, 0.0, 0.0, 0.0, 0.0, 0.0, 0.0, 0.0, 0.0, 0.0]], [[0.0, 0.0, 0.0, 0.0, 0.0, 0.0, 0.0, 0.0, 0.0, 0.0, 0.0, 0.0, 0.0, 0.0, 0.0, 0.0, 0.0, 0.0, 0.0, 0.0, 0.0, 0.0, 0.0, 0.0, 0.0, 0.0, 0.0, 0.0], [0.0, 0.0, 0.0, 0.0, 0.0, 0.0, 0.0, 0.0, 0.0, 0.0, 0.0, 0.0, 0.0, 0.0, 0.0, 0.0, 0.0, 0.0, 0.0, 0.0, 0.0, 0.0, 0.0, 0.0, 0.0, 0.0, 0.0, 0.0], [0.0, 0.0, 0.0, 0.0, 0.0, 0.0, 0.0, 0.0, 0.0, 0.0, 0.0, 0.0, 0.0, 0.0, 0.0, 0.0, 0.0, 0.0, 0.0, 0.0, 0.0, 0.0, 0.0, 0.0, 0.0, 0.0, 0.0, 0.0], [0.0, 0.0, 0.0, 0.0, 0.0, 0.0, 0.0, 0.0, 0.0, 0.0, 0.0, 0.0, 0.0, 0.0, 0.0, 0.0, 0.0, 0.0, 0.0, 0.0, 0.0, 0.0, 0.0, 0.0, 0.0, 0.0, 0.0, 0.0], [0.0, 0.0, 0.0, 0.0, 0.0, 0.0, 0.0, 0.0, 0.0, 0.0, 0.0, 0.0, 0.0, 0.0, 0.0, 0.0, 0.0, 0.0, 0.0, 0.0, 0.0, 0.0, 0.0, 0.0, 0.0, 0.0, 0.0, 0.0], [0.0, 0.0, 0.0, 0.0, 0.0, 0.0, 0.0, 0.0, 0.0, 0.0, 0.0, 0.0, 0.0, 0.0, 0.0, 0.0, 0.0, 0.0, 0.0, 0.0, 0.0, 0.0, 0.0, 0.0, 0.0, 0.0, 0.0, 0.0]], [[0.0, 0.0, 0.0, 0.0, 0.0, 0.0, 0.0, 0.0, 0.0, 0.0, 0.0, 0.0, 0.0, 0.0, 0.0, 0.0, 0.0, 0.0, 0.0, 0.0, 0.0, 0.0, 0.0, 0.0, 0.0, 0.0, 0.0, 0.0], [0.0, 0.0, 0.0, 0.0, 0.0, 0.0, 0.0, 0.0, 0.0, 0.0, 0.0, 0.0, 0.0, 0.0, 0.0, 0.0, 0.0, 0.0, 0.0, 0.0, 0.0, 0.0, 0.0, 0.0, 0.0, 0.0, 0.0, 0.0], [0.0, 0.0, 0.0, 0.0, 0.0, 0.0, 0.0, 0.0, 0.0, 0.0, 0.0, 0.0, 0.0, 0.0, 0.0, 0.0, 0.0, 0.0, 0.0, 0.0, 0.0, 0.0, 0.0, 0.0, 0.0, 0.0, 0.0, 0.0], [0.0, 0.0, 0.0, 0.0, 0.0, 0.0, 0.0, 0.0, 0.0, 0.0, 0.0, 0.0, 0.0, 0.0, 0.0, 0.0, 0.0, 0.0, 0.0, 0.0, 0.0, 0.0, 0.0, 0.0, 0.0, 0.0, 0.0, 0.0], [0.0, 0.0, 0.0, 0.0, 0.0, 0.0, 0.0, 0.0, 0.0, 0.0, 0.0, 0.0, 0.0, 0.0, 0.0, 0.0, 0.0, 0.0, 0.0, 0.0, 0.0, 0.0, 0.0, 0.0, 0.0, 0.0, 0.0, 0.0], [0.0, 0.0, 0.0, 0.0, 0.0, 0.0, 0.0, 0.0, 0.0, 0.0, 0.0, 0.0, 0.0, 0.0, 0.0, 0.0, 0.0, 0.0, 0.0, 0.0, 0.0, 0.0, 0.0, 0.0, 0.0, 0.0, 0.0, 0.0]], [[0.0, 0.0, 0.0, 0.0, 0.0, 0.0, 0.0, 0.0, 0.0, 0.0, 0.0, 0.0, 0.0, 0.0, 0.0, 0.0, 0.0, 0.0, 0.0, 0.0, 0.0, 0.0, 0.0, 0.0, 0.0, 0.0, 0.0, 0.0], [0.0, 0.0, 0.0, 0.0, 0.0, 0.0, 0.0, 0.0, 0.0, 0.0, 0.0, 0.0, 0.0, 0.0, 0.0, 0.0, 0.0, 0.0, 0.0, 0.0, 0.0, 0.0, 0.0, 0.0, 0.0, 0.0, 0.0, 0.0], [0.0, 0.0, 0.0, 0.0, 0.0, 0.0, 0.0, 0.0, 0.0, 0.0, 0.0, 0.0, 0.0, 0.0, 0.0, 0.0, 0.0, 0.0, 0.0, 0.0, 0.0, 0.0, 0.0, 0.0, 0.0, 0.0, 0.0, 0.0], [0.0, 0.0, 0.0, 0.0, 0.0, 0.0, 0.0, 0.0, 0.0, 0.0, 0.0, 0.0, 0.0, 0.0, 0.0, 0.0, 0.0, 0.0, 0.0, 0.0, 0.0, 0.0, 0.0, 0.0, 0.0, 0.0, 0.0, 0.0], [0.0, 0.0, 0.0, 0.0, 0.0, 0.0, 0.0, 0.0, 0.0, 0.0, 0.0, 0.0, 0.0, 0.0, 0.0, 0.0, 0.0, 0.0, 0.0, 0.0, 0.0, 0.0, 0.0, 0.0, 0.0, 0.0, 0.0, 0.0], [0.0, 0.0, 0.0, 0.0, 0.0, 0.0, 0.0, 0.0, 0.0, 0.0, 0.0, 0.0, 0.0, 0.0, 0.0, 0.0, 0.0, 0.0, 0.0, 0.0, 0.0, 0.0, 0.0, 0.0, 0.0, 0.0, 0.0, 0.0]], [[0.0, 0.0, 0.0, 0.0, 0.0, 0.0, 0.0, 0.0, 0.0, 0.0, 0.0, 0.0, 0.0, 0.0, 0.0, 0.0, 0.0, 0.0, 0.0, 0.0, 0.0, 0.0, 0.0, 0.0, 0.0, 0.0, 0.0, 0.0], [0.0, 0.0, 0.0, 0.0, 0.0, 0.0, 0.0, 0.0, 0.0, 0.0, 0.0, 0.0, 0.0, 0.0, 0.0, 0.0, 0.0, 0.0, 0.0, 0.0, 0.0, 0.0, 0.0, 0.0, 0.0, 0.0, 0.0, 0.0], [0.0, 0.0, 0.0, 0.0, 0.0, 0.0, 0.0, 0.0, 0.0, 0.0, 0.0, 0.0, 0.0, 0.0, 0.0, 0.0, 0.0, 0.0, 0.0, 0.0, 0.0, 0.0, 0.0, 0.0, 0.0, 0.0, 0.0, 0.0], [0.0, 0.0, 0.0, 0.0, 0.0, 0.0, 0.0, 0.0, 0.0, 0.0, 0.0, 0.0, 0.0, 0.0, 0.0, 0.0, 0.0, 0.0, 0.0, 0.0, 0.0, 0.0, 0.0, 0.0, 0.0, 0.0, 0.0, 0.0], [0.0, 0.0, 0.0, 0.0, 0.0, 0.0, 0.0, 0.0, 0.0, 0.0, 0.0, 0.0, 0.0, 0.0, 0.0, 0.0, 0.0, 0.0, 0.0, 0.0, 0.0, 0.0, 0.0, 0.0, 0.0, 0.0, 0.0, 0.0], [0.0, 0.0, 0.0, 0.0, 0.0, 0.0, 0.0, 0.0, 0.0, 0.0, 0.0, 0.0, 0.0, 0.0, 0.0, 0.0, 0.0, 0.0, 0.0, 0.0, 0.0, 0.0, 0.0, 0.0, 0.0, 0.0, 0.0, 0.0]], [[0.0, 0.0, 0.0, 0.0, 0.0, 0.0, 0.0, 0.0, 0.0, 0.0, 0.0, 0.0, 0.0, 0.0, 0.0, 0.0, 0.0, 0.0, 0.0, 0.0, 0.0, 0.0, 0.0, 0.0, 0.0, 0.0, 0.0, 0.0], [0.0, 0.0, 0.0, 0.0, 0.0, 0.0, 0.0, 0.0, 0.0, 0.0, 0.0, 0.0, 0.0, 0.0, 0.0, 0.0, 0.0, 0.0, 0.0, 0.0, 0.0, 0.0, 0.0, 0.0, 0.0, 0.0, 0.0, 0.0], [0.0, 0.0, 0.0, 0.0, 0.0, 0.0, 0.0, 0.0, 0.0, 0.0, 0.0, 0.0, 0.0, 0.0, 0.0, 0.0, 0.0, 0.0, 0.0, 0.0, 0.0, 0.0, 0.0, 0.0, 0.0, 0.0, 0.0, 0.0], [0.0, 0.0, 0.0, 0.0, 0.0, 0.0, 0.0, 0.0, 0.0, 0.0, 0.0, 0.0, 0.0, 0.0, 0.0, 0.0, 0.0, 0.0, 0.0, 0.0, 0.0, 0.0, 0.0, 0.0, 0.0, 0.0, 0.0, 0.0], [0.0, 0.0, 0.0, 0.0, 0.0, 0.0, 0.0, 0.0, 0.0, 0.0, 0.0, 0.0, 0.0, 0.0, 0.0, 0.0, 0.0, 0.0, 0.0, 0.0, 0.0, 0.0, 0.0, 0.0, 0.0, 0.0, 0.0, 0.0], [0.0, 0.0, 0.0, 0.0, 0.0, 0.0, 0.0, 0.0, 0.0, 0.0, 0.0, 0.0, 0.0, 0.0, 0.0, 0.0, 0.0, 0.0, 0.0, 0.0, 0.0, 0.0, 0.0, 0.0, 0.0, 0.0, 0.0, 0.0]], [[0.0, 0.0, 0.0, 0.0, 0.0, 0.0, 0.0, 0.0, 0.0, 0.0, 0.0, 0.0, 0.0, 0.0, 0.0, 0.0, 0.0, 0.0, 0.0, 0.0, 0.0, 0.0, 0.0, 0.0, 0.0, 0.0, 0.0, 0.0], [0.0, 0.0, 0.0, 0.0, 0.0, 0.0, 0.0, 0.0, 0.0, 0.0, 0.0, 0.0, 0.0, 0.0, 0.0, 0.0, 0.0, 0.0, 0.0, 0.0, 0.0, 0.0, 0.0, 0.0, 0.0, 0.0, 0.0, 0.0], [0.0, 0.0, 0.0, 0.0, 0.0, 0.0, 0.0, 0.0, 0.0, 0.0, 0.0, 0.0, 0.0, 0.0, 0.0, 0.0, 0.0, 0.0, 0.0, 0.0, 0.0, 0.0, 0.0, 0.0, 0.0, 0.0, 0.0, 0.0], [0.0, 0.0, 0.0, 0.0, 0.0, 0.0, 0.0, 0.0, 0.0, 0.0, 0.0, 0.0, 0.0, 0.0, 0.0, 0.0, 0.0, 0.0, 0.0, 0.0, 0.0, 0.0, 0.0, 0.0, 0.0, 0.0, 0.0, 0.0], [0.0, 0.0, 0.0, 0.0, 0.0, 0.0, 0.0, 0.0, 0.0, 0.0, 0.0, 0.0, 0.0, 0.0, 0.0, 0.0, 0.0, 0.0, 0.0, 0.0, 0.0, 0.0, 0.0, 0.0, 0.0, 0.0, 0.0, 0.0], [0.0, 0.0, 0.0, 0.0, 0.0, 0.0, 0.0, 0.0, 0.0, 0.0, 0.0, 0.0, 0.0, 0.0, 0.0, 0.0, 0.0, 0.0, 0.0, 0.0, 0.0, 0.0, 0.0, 0.0, 0.0, 0.0, 0.0, 0.0]], [[0.0, 0.0, 0.0, 0.0, 0.0, 0.0, 0.0, 0.0, 0.0, 0.0, 0.0, 0.0, 0.0, 0.0, 0.0, 0.0, 0.0, 0.0, 0.0, 0.0, 0.0, 0.0, 0.0, 0.0, 0.0, 0.0, 0.0, 0.0], [0.0, 0.0, 0.0, 0.0, 0.0, 0.0, 0.0, 0.0, 0.0, 0.0, 0.0, 0.0, 0.0, 0.0, 0.0, 0.0, 0.0, 0.0, 0.0, 0.0, 0.0, 0.0, 0.0, 0.0, 0.0, 0.0, 0.0, 0.0], [0.0, 0.0, 0.0, 0.0, 0.0, 0.0, 0.0, 0.0, 0.0, 0.0, 0.0, 0.0, 0.0, 0.0, 0.0, 0.0, 0.0, 0.0, 0.0, 0.0, 0.0, 0.0, 0.0, 0.0, 0.0, 0.0, 0.0, 0.0], [0.0, 0.0, 0.0, 0.0, 0.0, 0.0, 0.0, 0.0, 0.0, 0.0, 0.0, 0.0, 0.0, 0.0, 0.0, 0.0, 0.0, 0.0, 0.0, 0.0, 0.0, 0.0, 0.0, 0.0, 0.0, 0.0, 0.0, 0.0], [0.0, 0.0, 0.0, 0.0, 0.0, 0.0, 0.0, 0.0, 0.0, 0.0, 0.0, 0.0, 0.0, 0.0, 0.0, 0.0, 0.0, 0.0, 0.0, 0.0, 0.0, 0.0, 0.0, 0.0, 0.0, 0.0, 0.0, 0.0], [0.0, 0.0, 0.0, 0.0, 0.0, 0.0, 0.0, 0.0, 0.0, 0.0, 0.0, 0.0, 0.0, 0.0, 0.0, 0.0, 0.0, 0.0, 0.0, 0.0, 0.0, 0.0, 0.0, 0.0, 0.0, 0.0, 0.0, 0.0]], [[0.0, 0.0, 0.0, 0.0, 0.0, 0.0, 0.0, 0.0, 0.0, 0.0, 0.0, 0.0, 0.0, 0.0, 0.0, 0.0, 0.0, 0.0, 0.0, 0.0, 0.0, 0.0, 0.0, 0.0, 0.0, 0.0, 0.0, 0.0], [0.0, 0.0, 0.0, 0.0, 0.0, 0.0, 0.0, 0.0, 0.0, 0.0, 0.0, 0.0, 0.0, 0.0, 0.0, 0.0, 0.0, 0.0, 0.0, 0.0, 0.0, 0.0, 0.0, 0.0, 0.0, 0.0, 0.0, 0.0], [0.0, 0.0, 0.0, 0.0, 0.0, 0.0, 0.0, 0.0, 0.0, 0.0, 0.0, 0.0, 0.0, 0.0, 0.0, 0.0, 0.0, 0.0, 0.0, 0.0, 0.0, 0.0, 0.0, 0.0, 0.0, 0.0, 0.0, 0.0], [0.0, 0.0, 0.0, 0.0, 0.0, 0.0, 0.0, 0.0, 0.0, 0.0, 0.0, 0.0, 0.0, 0.0, 0.0, 0.0, 0.0, 0.0, 0.0, 0.0, 0.0, 0.0, 0.0, 0.0, 0.0, 0.0, 0.0, 0.0], [0.0, 0.0, 0.0, 0.0, 0.0, 0.0, 0.0, 0.0, 0.0, 0.0, 0.0, 0.0, 0.0, 0.0, 0.0, 0.0, 0.0, 0.0, 0.0, 0.0, 0.0, 0.0, 0.0, 0.0, 0.0, 0.0, 0.0, 0.0], [0.0, 0.0, 0.0, 0.0, 0.0, 0.0, 0.0, 0.0, 0.0, 0.0, 0.0, 0.0, 0.0, 0.0, 0.0, 0.0, 0.0, 0.0, 0.0, 0.0, 0.0, 0.0, 0.0, 0.0, 0.0, 0.0, 0.0, 0.0]], [[0.0, 0.0, 0.0, 0.0, 0.0, 0.0, 0.0, 0.0, 0.0, 0.0, 0.0, 0.0, 0.0, 0.0, 0.0, 0.0, 0.0, 0.0, 0.0, 0.0, 0.0, 0.0, 0.0, 0.0, 0.0, 0.0, 0.0, 0.0], [0.0, 0.0, 0.0, 0.0, 0.0, 0.0, 0.0, 0.0, 0.0, 0.0, 0.0, 0.0, 0.0, 0.0, 0.0, 0.0, 0.0, 0.0, 0.0, 0.0, 0.0, 0.0, 0.0, 0.0, 0.0, 0.0, 0.0, 0.0], [0.0, 0.0, 0.0, 0.0, 0.0, 0.0, 0.0, 0.0, 0.0, 0.0, 0.0, 0.0, 0.0, 0.0, 0.0, 0.0, 0.0, 0.0, 0.0, 0.0, 0.0, 0.0, 0.0, 0.0, 0.0, 0.0, 0.0, 0.0], [0.0, 0.0, 0.0, 0.0, 0.0, 0.0, 0.0, 0.0, 0.0, 0.0, 0.0, 0.0, 0.0, 0.0, 0.0, 0.0, 0.0, 0.0, 0.0, 0.0, 0.0, 0.0, 0.0, 0.0, 0.0, 0.0, 0.0, 0.0], [0.0, 0.0, 0.0, 0.0, 0.0, 0.0, 0.0, 0.0, 0.0, 0.0, 0.0, 0.0, 0.0, 0.0, 0.0, 0.0, 0.0, 0.0, 0.0, 0.0, 0.0, 0.0, 0.0, 0.0, 0.0, 0.0, 0.0, 0.0], [0.0, 0.0, 0.0, 0.0, 0.0, 0.0, 0.0, 0.0, 0.0, 0.0, 0.0, 0.0, 0.0, 0.0, 0.0, 0.0, 0.0, 0.0, 0.0, 0.0, 0.0, 0.0, 0.0, 0.0, 0.0, 0.0, 0.0, 0.0]], [[0.0, 0.0, 0.0, 0.0, 0.0, 0.0, 0.0, 0.0, 0.0, 0.0, 0.0, 0.0, 0.0, 0.0, 0.0, 0.0, 0.0, 0.0, 0.0, 0.0, 0.0, 0.0, 0.0, 0.0, 0.0, 0.0, 0.0, 0.0], [0.0, 0.0, 0.0, 0.0, 0.0, 0.0, 0.0, 0.0, 0.0, 0.0, 0.0, 0.0, 0.0, 0.0, 0.0, 0.0, 0.0, 0.0, 0.0, 0.0, 0.0, 0.0, 0.0, 0.0, 0.0, 0.0, 0.0, 0.0], [0.0, 0.0, 0.0, 0.0, 0.0, 0.0, 0.0, 0.0, 0.0, 0.0, 0.0, 0.0, 0.0, 0.0, 0.0, 0.0, 0.0, 0.0, 0.0, 0.0, 0.0, 0.0, 0.0, 0.0, 0.0, 0.0, 0.0, 0.0], [0.0, 0.0, 0.0, 0.0, 0.0, 0.0, 0.0, 0.0, 0.0, 0.0, 0.0, 0.0, 0.0, 0.0, 0.0, 0.0, 0.0, 0.0, 0.0, 0.0, 0.0, 0.0, 0.0, 0.0, 0.0, 0.0, 0.0, 0.0], [0.0, 0.0, 0.0, 0.0, 0.0, 0.0, 0.0, 0.0, 0.0, 0.0, 0.0, 0.0, 0.0, 0.0, 0.0, 0.0, 0.0, 0.0, 0.0, 0.0, 0.0, 0.0, 0.0, 0.0, 0.0, 0.0, 0.0, 0.0], [0.0, 0.0, 0.0, 0.0, 0.0, 0.0, 0.0, 0.0, 0.0, 0.0, 0.0, 0.0, 0.0, 0.0, 0.0, 0.0, 0.0, 0.0, 0.0, 0.0, 0.0, 0.0, 0.0, 0.0, 0.0, 0.0, 0.0, 0.0]], [[0.0, 0.0, 0.0, 0.0, 0.0, 0.0, 0.0, 0.0, 0.0, 0.0, 0.0, 0.0, 0.0, 0.0, 0.0, 0.0, 0.0, 0.0, 0.0, 0.0, 0.0, 0.0, 0.0, 0.0, 0.0, 0.0, 0.0, 0.0], [0.0, 0.0, 0.0, 0.0, 0.0, 0.0, 0.0, 0.0, 0.0, 0.0, 0.0, 0.0, 0.0, 0.0, 0.0, 0.0, 0.0, 0.0, 0.0, 0.0, 0.0, 0.0, 0.0, 0.0, 0.0, 0.0, 0.0, 0.0], [0.0, 0.0, 0.0, 0.0, 0.0, 0.0, 0.0, 0.0, 0.0, 0.0, 0.0, 0.0, 0.0, 0.0, 0.0, 0.0, 0.0, 0.0, 0.0, 0.0, 0.0, 0.0, 0.0, 0.0, 0.0, 0.0, 0.0, 0.0], [0.0, 0.0, 0.0, 0.0, 0.0, 0.0, 0.0, 0.0, 0.0, 0.0, 0.0, 0.0, 0.0, 0.0, 0.0, 0.0, 0.0, 0.0, 0.0, 0.0, 0.0, 0.0, 0.0, 0.0, 0.0, 0.0, 0.0, 0.0], [0.0, 0.0, 0.0, 0.0, 0.0, 0.0, 0.0, 0.0, 0.0, 0.0, 0.0, 0.0, 0.0, 0.0, 0.0, 0.0, 0.0, 0.0, 0.0, 0.0, 0.0, 0.0, 0.0, 0.0, 0.0, 0.0, 0.0, 0.0], [0.0, 0.0, 0.0, 0.0, 0.0, 0.0, 0.0, 0.0, 0.0, 0.0, 0.0, 0.0, 0.0, 0.0, 0.0, 0.0, 0.0, 0.0, 0.0, 0.0, 0.0, 0.0, 0.0, 0.0, 0.0, 0.0, 0.0, 0.0]], [[0.0, 0.0, 0.0, 0.0, 0.0, 0.0, 0.0, 0.0, 0.0, 0.0, 0.0, 0.0, 0.0, 0.0, 0.0, 0.0, 0.0, 0.0, 0.0, 0.0, 0.0, 0.0, 0.0, 0.0, 0.0, 0.0, 0.0, 0.0], [0.0, 0.0, 0.0, 0.0, 0.0, 0.0, 0.0, 0.0, 0.0, 0.0, 0.0, 0.0, 0.0, 0.0, 0.0, 0.0, 0.0, 0.0, 0.0, 0.0, 0.0, 0.0, 0.0, 0.0, 0.0, 0.0, 0.0, 0.0], [0.0, 0.0, 0.0, 0.0, 0.0, 0.0, 0.0, 0.0, 0.0, 0.0, 0.0, 0.0, 0.0, 0.0, 0.0, 0.0, 0.0, 0.0, 0.0, 0.0, 0.0, 0.0, 0.0, 0.0, 0.0, 0.0, 0.0, 0.0], [0.0, 0.0, 0.0, 0.0, 0.0, 0.0, 0.0, 0.0, 0.0, 0.0, 0.0, 0.0, 0.0, 0.0, 0.0, 0.0, 0.0, 0.0, 0.0, 0.0, 0.0, 0.0, 0.0, 0.0, 0.0, 0.0, 0.0, 0.0], [0.0, 0.0, 0.0, 0.0, 0.0, 0.0, 0.0, 0.0, 0.0, 0.0, 0.0, 0.0, 0.0, 0.0, 0.0, 0.0, 0.0, 0.0, 0.0, 0.0, 0.0, 0.0, 0.0, 0.0, 0.0, 0.0, 0.0, 0.0], [0.0, 0.0, 0.0, 0.0, 0.0, 0.0, 0.0, 0.0, 0.0, 0.0, 0.0, 0.0, 0.0, 0.0, 0.0, 0.0, 0.0, 0.0, 0.0, 0.0, 0.0, 0.0, 0.0, 0.0, 0.0, 0.0, 0.0, 0.0]], [[0.0, 0.0, 0.0, 0.0, 0.0, 0.0, 0.0, 0.0, 0.0, 0.0, 0.0, 0.0, 0.0, 0.0, 0.0, 0.0, 0.0, 0.0, 0.0, 0.0, 0.0, 0.0, 0.0, 0.0, 0.0, 0.0, 0.0, 0.0], [0.0, 0.0, 0.0, 0.0, 0.0, 0.0, 0.0, 0.0, 0.0, 0.0, 0.0, 0.0, 0.0, 0.0, 0.0, 0.0, 0.0, 0.0, 0.0, 0.0, 0.0, 0.0, 0.0, 0.0, 0.0, 0.0, 0.0, 0.0], [0.0, 0.0, 0.0, 0.0, 0.0, 0.0, 0.0, 0.0, 0.0, 0.0, 0.0, 0.0, 0.0, 0.0, 0.0, 0.0, 0.0, 0.0, 0.0, 0.0, 0.0, 0.0, 0.0, 0.0, 0.0, 0.0, 0.0, 0.0], [0.0, 0.0, 0.0, 0.0, 0.0, 0.0, 0.0, 0.0, 0.0, 0.0, 0.0, 0.0, 0.0, 0.0, 0.0, 0.0, 0.0, 0.0, 0.0, 0.0, 0.0, 0.0, 0.0, 0.0, 0.0, 0.0, 0.0, 0.0], [0.0, 0.0, 0.0, 0.0, 0.0, 0.0, 0.0, 0.0, 0.0, 0.0, 0.0, 0.0, 0.0, 0.0, 0.0, 0.0, 0.0, 0.0, 0.0, 0.0, 0.0, 0.0, 0.0, 0.0, 0.0, 0.0, 0.0, 0.0], [0.0, 0.0, 0.0, 0.0, 0.0, 0.0, 0.0, 0.0, 0.0, 0.0, 0.0, 0.0, 0.0, 0.0, 0.0, 0.0, 0.0, 0.0, 0.0, 0.0, 0.0, 0.0, 0.0, 0.0, 0.0, 0.0, 0.0, 0.0]], [[0.0, 0.0, 0.0, 0.0, 0.0, 0.0, 0.0, 0.0, 0.0, 0.0, 0.0, 0.0, 0.0, 0.0, 0.0, 0.0, 0.0, 0.0, 0.0, 0.0, 0.0, 0.0, 0.0, 0.0, 0.0, 0.0, 0.0, 0.0], [0.0, 0.0, 0.0, 0.0, 0.0, 0.0, 0.0, 0.0, 0.0, 0.0, 0.0, 0.0, 0.0, 0.0, 0.0, 0.0, 0.0, 0.0, 0.0, 0.0, 0.0, 0.0, 0.0, 0.0, 0.0, 0.0, 0.0, 0.0], [0.0, 0.0, 0.0, 0.0, 0.0, 0.0, 0.0, 0.0, 0.0, 0.0, 0.0, 0.0, 0.0, 0.0, 0.0, 0.0, 0.0, 0.0, 0.0, 0.0, 0.0, 0.0, 0.0, 0.0, 0.0, 0.0, 0.0, 0.0], [0.0, 0.0, 0.0, 0.0, 0.0, 0.0, 0.0, 0.0, 0.0, 0.0, 0.0, 0.0, 0.0, 0.0, 0.0, 0.0, 0.0, 0.0, 0.0, 0.0, 0.0, 0.0, 0.0, 0.0, 0.0, 0.0, 0.0, 0.0], [0.0, 0.0, 0.0, 0.0, 0.0, 0.0, 0.0, 0.0, 0.0, 0.0, 0.0, 0.0, 0.0, 0.0, 0.0, 0.0, 0.0, 0.0, 0.0, 0.0, 0.0, 0.0, 0.0, 0.0, 0.0, 0.0, 0.0, 0.0], [0.0, 0.0, 0.0, 0.0, 0.0, 0.0, 0.0, 0.0, 0.0, 0.0, 0.0, 0.0, 0.0, 0.0, 0.0, 0.0, 0.0, 0.0, 0.0, 0.0, 0.0, 0.0, 0.0, 0.0, 0.0, 0.0, 0.0, 0.0]], [[0.0, 0.0, 0.0, 0.0, 0.0, 0.0, 0.0, 0.0, 0.0, 0.0, 0.0, 0.0, 0.0, 0.0, 0.0, 0.0, 0.0, 0.0, 0.0, 0.0, 0.0, 0.0, 0.0, 0.0, 0.0, 0.0, 0.0, 0.0], [0.0, 0.0, 0.0, 0.0, 0.0, 0.0, 0.0, 0.0, 0.0, 0.0, 0.0, 0.0, 0.0, 0.0, 0.0, 0.0, 0.0, 0.0, 0.0, 0.0, 0.0, 0.0, 0.0, 0.0, 0.0, 0.0, 0.0, 0.0], [0.0, 0.0, 0.0, 0.0, 0.0, 0.0, 0.0, 0.0, 0.0, 0.0, 0.0, 0.0, 0.0, 0.0, 0.0, 0.0, 0.0, 0.0, 0.0, 0.0, 0.0, 0.0, 0.0, 0.0, 0.0, 0.0, 0.0, 0.0], [0.0, 0.0, 0.0, 0.0, 0.0, 0.0, 0.0, 0.0, 0.0, 0.0, 0.0, 0.0, 0.0, 0.0, 0.0, 0.0, 0.0, 0.0, 0.0, 0.0, 0.0, 0.0, 0.0, 0.0, 0.0, 0.0, 0.0, 0.0], [0.0, 0.0, 0.0, 0.0, 0.0, 0.0, 0.0, 0.0, 0.0, 0.0, 0.0, 0.0, 0.0, 0.0, 0.0, 0.0, 0.0, 0.0, 0.0, 0.0, 0.0, 0.0, 0.0, 0.0, 0.0, 0.0, 0.0, 0.0], [0.0, 0.0, 0.0, 0.0, 0.0, 0.0, 0.0, 0.0, 0.0, 0.0, 0.0, 0.0, 0.0, 0.0, 0.0, 0.0, 0.0, 0.0, 0.0, 0.0, 0.0, 0.0, 0.0, 0.0, 0.0, 0.0, 0.0, 0.0]], [[0.0, 0.0, 0.0, 0.0, 0.0, 0.0, 0.0, 0.0, 0.0, 0.0, 0.0, 0.0, 0.0, 0.0, 0.0, 0.0, 0.0, 0.0, 0.0, 0.0, 0.0, 0.0, 0.0, 0.0, 0.0, 0.0, 0.0, 0.0], [0.0, 0.0, 0.0, 0.0, 0.0, 0.0, 0.0, 0.0, 0.0, 0.0, 0.0, 0.0, 0.0, 0.0, 0.0, 0.0, 0.0, 0.0, 0.0, 0.0, 0.0, 0.0, 0.0, 0.0, 0.0, 0.0, 0.0, 0.0], [0.0, 0.0, 0.0, 0.0, 0.0, 0.0, 0.0, 0.0, 0.0, 0.0, 0.0, 0.0, 0.0, 0.0, 0.0, 0.0, 0.0, 0.0, 0.0, 0.0, 0.0, 0.0, 0.0, 0.0, 0.0, 0.0, 0.0, 0.0], [0.0, 0.0, 0.0, 0.0, 0.0, 0.0, 0.0, 0.0, 0.0, 0.0, 0.0, 0.0, 0.0, 0.0, 0.0, 0.0, 0.0, 0.0, 0.0, 0.0, 0.0, 0.0, 0.0, 0.0, 0.0, 0.0, 0.0, 0.0], [0.0, 0.0, 0.0, 0.0, 0.0, 0.0, 0.0, 0.0, 0.0, 0.0, 0.0, 0.0, 0.0, 0.0, 0.0, 0.0, 0.0, 0.0, 0.0, 0.0, 0.0, 0.0, 0.0, 0.0, 0.0, 0.0, 0.0, 0.0], [0.0, 0.0, 0.0, 0.0, 0.0, 0.0, 0.0, 0.0, 0.0, 0.0, 0.0, 0.0, 0.0, 0.0, 0.0, 0.0, 0.0, 0.0, 0.0, 0.0, 0.0, 0.0, 0.0, 0.0, 0.0, 0.0, 0.0, 0.0]], [[0.0, 0.0, 0.0, 0.0, 0.0, 0.0, 0.0, 0.0, 0.0, 0.0, 0.0, 0.0, 0.0, 0.0, 0.0, 0.0, 0.0, 0.0, 0.0, 0.0, 0.0, 0.0, 0.0, 0.0, 0.0, 0.0, 0.0, 0.0], [0.0, 0.0, 0.0, 0.0, 0.0, 0.0, 0.0, 0.0, 0.0, 0.0, 0.0, 0.0, 0.0, 0.0, 0.0, 0.0, 0.0, 0.0, 0.0, 0.0, 0.0, 0.0, 0.0, 0.0, 0.0, 0.0, 0.0, 0.0], [0.0, 0.0, 0.0, 0.0, 0.0, 0.0, 0.0, 0.0, 0.0, 0.0, 0.0, 0.0, 0.0, 0.0, 0.0, 0.0, 0.0, 0.0, 0.0, 0.0, 0.0, 0.0, 0.0, 0.0, 0.0, 0.0, 0.0, 0.0], [0.0, 0.0, 0.0, 0.0, 0.0, 0.0, 0.0, 0.0, 0.0, 0.0, 0.0, 0.0, 0.0, 0.0, 0.0, 0.0, 0.0, 0.0, 0.0, 0.0, 0.0, 0.0, 0.0, 0.0, 0.0, 0.0, 0.0, 0.0], [0.0, 0.0, 0.0, 0.0, 0.0, 0.0, 0.0, 0.0, 0.0, 0.0, 0.0, 0.0, 0.0, 0.0, 0.0, 0.0, 0.0, 0.0, 0.0, 0.0, 0.0, 0.0, 0.0, 0.0, 0.0, 0.0, 0.0, 0.0], [0.0, 0.0, 0.0, 0.0, 0.0, 0.0, 0.0, 0.0, 0.0, 0.0, 0.0, 0.0, 0.0, 0.0, 0.0, 0.0, 0.0, 0.0, 0.0, 0.0, 0.0, 0.0, 0.0, 0.0, 0.0, 0.0, 0.0, 0.0]], [[0.0, 0.0, 0.0, 0.0, 0.0, 0.0, 0.0, 0.0, 0.0, 0.0, 0.0, 0.0, 0.0, 0.0, 0.0, 0.0, 0.0, 0.0, 0.0, 0.0, 0.0, 0.0, 0.0, 0.0, 0.0, 0.0, 0.0, 0.0], [0.0, 0.0, 0.0, 0.0, 0.0, 0.0, 0.0, 0.0, 0.0, 0.0, 0.0, 0.0, 0.0, 0.0, 0.0, 0.0, 0.0, 0.0, 0.0, 0.0, 0.0, 0.0, 0.0, 0.0, 0.0, 0.0, 0.0, 0.0], [0.0, 0.0, 0.0, 0.0, 0.0, 0.0, 0.0, 0.0, 0.0, 0.0, 0.0, 0.0, 0.0, 0.0, 0.0, 0.0, 0.0, 0.0, 0.0, 0.0, 0.0, 0.0, 0.0, 0.0, 0.0, 0.0, 0.0, 0.0], [0.0, 0.0, 0.0, 0.0, 0.0, 0.0, 0.0, 0.0, 0.0, 0.0, 0.0, 0.0, 0.0, 0.0, 0.0, 0.0, 0.0, 0.0, 0.0, 0.0, 0.0, 0.0, 0.0, 0.0, 0.0, 0.0, 0.0, 0.0], [0.0, 0.0, 0.0, 0.0, 0.0, 0.0, 0.0, 0.0, 0.0, 0.0, 0.0, 0.0, 0.0, 0.0, 0.0, 0.0, 0.0, 0.0, 0.0, 0.0, 0.0, 0.0, 0.0, 0.0, 0.0, 0.0, 0.0, 0.0], [0.0, 0.0, 0.0, 0.0, 0.0, 0.0, 0.0, 0.0, 0.0, 0.0, 0.0, 0.0, 0.0, 0.0, 0.0, 0.0, 0.0, 0.0, 0.0, 0.0, 0.0, 0.0, 0.0, 0.0, 0.0, 0.0, 0.0, 0.0]], [[0.0, 0.0, 0.0, 0.0, 0.0, 0.0, 0.0, 0.0, 0.0, 0.0, 0.0, 0.0, 0.0, 0.0, 0.0, 0.0, 0.0, 0.0, 0.0, 0.0, 0.0, 0.0, 0.0, 0.0, 0.0, 0.0, 0.0, 0.0], [0.0, 0.0, 0.0, 0.0, 0.0, 0.0, 0.0, 0.0, 0.0, 0.0, 0.0, 0.0, 0.0, 0.0, 0.0, 0.0, 0.0, 0.0, 0.0, 0.0, 0.0, 0.0, 0.0, 0.0, 0.0, 0.0, 0.0, 0.0], [0.0, 0.0, 0.0, 0.0, 0.0, 0.0, 0.0, 0.0, 0.0, 0.0, 0.0, 0.0, 0.0, 0.0, 0.0, 0.0, 0.0, 0.0, 0.0, 0.0, 0.0, 0.0, 0.0, 0.0, 0.0, 0.0, 0.0, 0.0], [0.0, 0.0, 0.0, 0.0, 0.0, 0.0, 0.0, 0.0, 0.0, 0.0, 0.0, 0.0, 0.0, 0.0, 0.0, 0.0, 0.0, 0.0, 0.0, 0.0, 0.0, 0.0, 0.0, 0.0, 0.0, 0.0, 0.0, 0.0], [0.0, 0.0, 0.0, 0.0, 0.0, 0.0, 0.0, 0.0, 0.0, 0.0, 0.0, 0.0, 0.0, 0.0, 0.0, 0.0, 0.0, 0.0, 0.0, 0.0, 0.0, 0.0, 0.0, 0.0, 0.0, 0.0, 0.0, 0.0], [0.0, 0.0, 0.0, 0.0, 0.0, 0.0, 0.0, 0.0, 0.0, 0.0, 0.0, 0.0, 0.0, 0.0, 0.0, 0.0, 0.0, 0.0, 0.0, 0.0, 0.0, 0.0, 0.0, 0.0, 0.0, 0.0, 0.0, 0.0]], [[0.0, 0.0, 0.0, 0.0, 0.0, 0.0, 0.0, 0.0, 0.0, 0.0, 0.0, 0.0, 0.0, 0.0, 0.0, 0.0, 0.0, 0.0, 0.0, 0.0, 0.0, 0.0, 0.0, 0.0, 0.0, 0.0, 0.0, 0.0], [0.0, 0.0, 0.0, 0.0, 0.0, 0.0, 0.0, 0.0, 0.0, 0.0, 0.0, 0.0, 0.0, 0.0, 0.0, 0.0, 0.0, 0.0, 0.0, 0.0, 0.0, 0.0, 0.0, 0.0, 0.0, 0.0, 0.0, 0.0], [0.0, 0.0, 0.0, 0.0, 0.0, 0.0, 0.0, 0.0, 0.0, 0.0, 0.0, 0.0, 0.0, 0.0, 0.0, 0.0, 0.0, 0.0, 0.0, 0.0, 0.0, 0.0, 0.0, 0.0, 0.0, 0.0, 0.0, 0.0], [0.0, 0.0, 0.0, 0.0, 0.0, 0.0, 0.0, 0.0, 0.0, 0.0, 0.0, 0.0, 0.0, 0.0, 0.0, 0.0, 0.0, 0.0, 0.0, 0.0, 0.0, 0.0, 0.0, 0.0, 0.0, 0.0, 0.0, 0.0], [0.0, 0.0, 0.0, 0.0, 0.0, 0.0, 0.0, 0.0, 0.0, 0.0, 0.0, 0.0, 0.0, 0.0, 0.0, 0.0, 0.0, 0.0, 0.0, 0.0, 0.0, 0.0, 0.0, 0.0, 0.0, 0.0, 0.0, 0.0], [0.0, 0.0, 0.0, 0.0, 0.0, 0.0, 0.0, 0.0, 0.0, 0.0, 0.0, 0.0, 0.0, 0.0, 0.0, 0.0, 0.0, 0.0, 0.0, 0.0, 0.0, 0.0, 0.0, 0.0, 0.0, 0.0, 0.0, 0.0]], [[0.0, 0.0, 0.0, 0.0, 0.0, 0.0, 0.0, 0.0, 0.0, 0.0, 0.0, 0.0, 0.0, 0.0, 0.0, 0.0, 0.0, 0.0, 0.0, 0.0, 0.0, 0.0, 0.0, 0.0, 0.0, 0.0, 0.0, 0.0], [0.0, 0.0, 0.0, 0.0, 0.0, 0.0, 0.0, 0.0, 0.0, 0.0, 0.0, 0.0, 0.0, 0.0, 0.0, 0.0, 0.0, 0.0, 0.0, 0.0, 0.0, 0.0, 0.0, 0.0, 0.0, 0.0, 0.0, 0.0], [0.0, 0.0, 0.0, 0.0, 0.0, 0.0, 0.0, 0.0, 0.0, 0.0, 0.0, 0.0, 0.0, 0.0, 0.0, 0.0, 0.0, 0.0, 0.0, 0.0, 0.0, 0.0, 0.0, 0.0, 0.0, 0.0, 0.0, 0.0], [0.0, 0.0, 0.0, 0.0, 0.0, 0.0, 0.0, 0.0, 0.0, 0.0, 0.0, 0.0, 0.0, 0.0, 0.0, 0.0, 0.0, 0.0, 0.0, 0.0, 0.0, 0.0, 0.0, 0.0, 0.0, 0.0, 0.0, 0.0], [0.0, 0.0, 0.0, 0.0, 0.0, 0.0, 0.0, 0.0, 0.0, 0.0, 0.0, 0.0, 0.0, 0.0, 0.0, 0.0, 0.0, 0.0, 0.0, 0.0, 0.0, 0.0, 0.0, 0.0, 0.0, 0.0, 0.0, 0.0], [0.0, 0.0, 0.0, 0.0, 0.0, 0.0, 0.0, 0.0, 0.0, 0.0, 0.0, 0.0, 0.0, 0.0, 0.0, 0.0, 0.0, 0.0, 0.0, 0.0, 0.0, 0.0, 0.0, 0.0, 0.0, 0.0, 0.0, 0.0]], [[0.0, 0.0, 0.0, 0.0, 0.0, 0.0, 0.0, 0.0, 0.0, 0.0, 0.0, 0.0, 0.0, 0.0, 0.0, 0.0, 0.0, 0.0, 0.0, 0.0, 0.0, 0.0, 0.0, 0.0, 0.0, 0.0, 0.0, 0.0], [0.0, 0.0, 0.0, 0.0, 0.0, 0.0, 0.0, 0.0, 0.0, 0.0, 0.0, 0.0, 0.0, 0.0, 0.0, 0.0, 0.0, 0.0, 0.0, 0.0, 0.0, 0.0, 0.0, 0.0, 0.0, 0.0, 0.0, 0.0], [0.0, 0.0, 0.0, 0.0, 0.0, 0.0, 0.0, 0.0, 0.0, 0.0, 0.0, 0.0, 0.0, 0.0, 0.0, 0.0, 0.0, 0.0, 0.0, 0.0, 0.0, 0.0, 0.0, 0.0, 0.0, 0.0, 0.0, 0.0], [0.0, 0.0, 0.0, 0.0, 0.0, 0.0, 0.0, 0.0, 0.0, 0.0, 0.0, 0.0, 0.0, 0.0, 0.0, 0.0, 0.0, 0.0, 0.0, 0.0, 0.0, 0.0, 0.0, 0.0, 0.0, 0.0, 0.0, 0.0], [0.0, 0.0, 0.0, 0.0, 0.0, 0.0, 0.0, 0.0, 0.0, 0.0, 0.0, 0.0, 0.0, 0.0, 0.0, 0.0, 0.0, 0.0, 0.0, 0.0, 0.0, 0.0, 0.0, 0.0, 0.0, 0.0, 0.0, 0.0], [0.0, 0.0, 0.0, 0.0, 0.0, 0.0, 0.0, 0.0, 0.0, 0.0, 0.0, 0.0, 0.0, 0.0, 0.0, 0.0, 0.0, 0.0, 0.0, 0.0, 0.0, 0.0, 0.0, 0.0, 0.0, 0.0, 0.0, 0.0]], [[0.0, 0.0, 0.0, 0.0, 0.0, 0.0, 0.0, 0.0, 0.0, 0.0, 0.0, 0.0, 0.0, 0.0, 0.0, 0.0, 0.0, 0.0, 0.0, 0.0, 0.0, 0.0, 0.0, 0.0, 0.0, 0.0, 0.0, 0.0], [0.0, 0.0, 0.0, 0.0, 0.0, 0.0, 0.0, 0.0, 0.0, 0.0, 0.0, 0.0, 0.0, 0.0, 0.0, 0.0, 0.0, 0.0, 0.0, 0.0, 0.0, 0.0, 0.0, 0.0, 0.0, 0.0, 0.0, 0.0], [0.0, 0.0, 0.0, 0.0, 0.0, 0.0, 0.0, 0.0, 0.0, 0.0, 0.0, 0.0, 0.0, 0.0, 0.0, 0.0, 0.0, 0.0, 0.0, 0.0, 0.0, 0.0, 0.0, 0.0, 0.0, 0.0, 0.0, 0.0], [0.0, 0.0, 0.0, 0.0, 0.0, 0.0, 0.0, 0.0, 0.0, 0.0, 0.0, 0.0, 0.0, 0.0, 0.0, 0.0, 0.0, 0.0, 0.0, 0.0, 0.0, 0.0, 0.0, 0.0, 0.0, 0.0, 0.0, 0.0], [0.0, 0.0, 0.0, 0.0, 0.0, 0.0, 0.0, 0.0, 0.0, 0.0, 0.0, 0.0, 0.0, 0.0, 0.0, 0.0, 0.0, 0.0, 0.0, 0.0, 0.0, 0.0, 0.0, 0.0, 0.0, 0.0, 0.0, 0.0], [0.0, 0.0, 0.0, 0.0, 0.0, 0.0, 0.0, 0.0, 0.0, 0.0, 0.0, 0.0, 0.0, 0.0, 0.0, 0.0, 0.0, 0.0, 0.0, 0.0, 0.0, 0.0, 0.0, 0.0, 0.0, 0.0, 0.0, 0.0]]];
t = [[99999999.0, 6.454767554619735, 12.795221998322504, 14.548712252785581, 6.222532459352131, 5.077071895862685, 7.970669057728671, 5.225525658250355, 14.45708264038223, 14.547069428553668, 10.036096193130547, 5.8591668350547135, 14.577540399134366, 10.196624773410575, 10.96033572318217, 9.721686829142477, 14.893285006127318, 11.342442202648137, 9.29650745238919, 7.011385844266905, 7.178025450011071, 7.822397730048146, 11.946161308671844, 7.815712790163747, 6.1247658202574184, 9.569214752064186, 13.559631785046985, 13.341457733564813, 6.300247110395248, 6.952093445882669], [6.454767554619735, 99999999.0, 11.70838085377484, 7.848736658562332, 9.54364550111586, 8.657054950899159, 8.960213428192422, 12.166423409261206, 11.705476940563196, 12.098226309524271, 12.556890391038355, 8.954443318585936, 6.2732314224386645, 14.770973663952779, 9.755797951041096, 5.807903530482198, 7.832664270218651, 5.596341103822059, 9.652891274211981, 9.65864114233038, 8.91569384067105, 10.276686921742524, 12.238818450111449, 14.532665965120449, 5.1284652530492085, 6.945387051284398, 10.946379422234793, 10.716156192626245, 11.719757315248529, 11.012057069017548], [12.795221998322504, 11.70838085377484, 99999999.0, 13.317038095943852, 7.766087339882426, 14.249180970536349, 10.004030536736302, 13.540910289310947, 13.211095206508764, 5.531308308757964, 7.980357282905799, 5.368577655458613, 7.321169141124303, 14.80155406655135, 11.402076662301436, 5.498353778057949, 8.10523595930444, 8.157480376762383, 13.90039011876614, 10.954930589024684, 10.635851498727085, 11.671337864799947, 11.514687034647618, 10.08672330196259, 13.094438531575417, 6.49141070966953, 5.821424154916496, 10.511806074881813, 13.551869104895655, 12.924657597167595], [14.548712252785581, 7.848736658562332, 13.317038095943852, 99999999.0, 10.739438706161822, 10.965487172797367, 9.138508582353243, 11.83733503868436, 5.396813925946615, 11.090619629828964, 11.19058005837693, 8.55065268153487, 14.300661616664698, 11.056030218954977, 7.821013468314401, 5.676366416272764, 8.116347111228773, 7.311746221299638, 13.90325613019135, 13.035140122881522, 8.32526996948991, 13.885233022573228, 6.897984914374515, 8.258460664963918, 7.32151908695005, 14.963352421337166, 9.70602995475204, 10.321347218721142, 11.59907182383431, 11.115996417528635], [6.222532459352131, 9.54364550111586, 7.766087339882426, 10.739438706161822, 99999999.0, 13.145441953441088, 9.611038446371573, 14.930287950916444, 8.343211789295898, 7.7209001187664095, 5.947243727051005, 12.422579487129854, 9.164178935210348, 14.761604729712218, 12.159331315767318, 13.058280932153233, 6.383609186345365, 7.12189386238749, 10.96746246613586, 13.579476519763183, 9.196090523474556, 9.189501270673526, 5.895065357468288, 14.835406785695916, 6.022935826320764, 14.218898305723954, 13.410382000934787, 12.028222278950828, 8.62908367474163, 14.321525095282357], [5.077071895862685, 8.657054950899159, 14.249180970536349, 10.965487172797367, 13.145441953441088, 99999999.0, 12.914637683706728, 8.572937860377962, 5.122328349384322, 14.312613948320498, 8.579664450398251, 14.228515580969669, 11.41837949965835, 13.209718246571981, 8.079566519365896, 9.237070321690855, 9.794609269137363, 13.53651493900543, 8.735337048863315, 7.073641074998566, 11.687520423599405, 14.802458519010596, 7.560034259632054, 12.36834927660074, 10.906330916344473, 9.045735223393603, 12.869077125827445, 11.351254751791434, 11.031138917552, 8.965469007152189], [7.970669057728671, 8.960213428192422, 10.004030536736302, 9.138508582353243, 9.611038446371573, 12.914637683706728, 99999999.0, 8.750330456654895, 6.313148874153712, 6.138707917570805, 10.93770292929162, 5.645782357872383, 5.746492516367345, 8.155784271448313, 6.4546858291404785, 9.109897237836705, 7.244665384702627, 5.911346333695807, 13.46102662425855, 5.758624505197773, 12.01249706577823, 13.850089546457022, 14.832535866316025, 10.897468031558663, 7.77479791004854, 12.224826220496645, 7.043464268327419, 6.937811400789762, 10.102873927847249, 10.567422418326535], [5.225525658250355, 12.166423409261206, 13.540910289310947, 11.83733503868436, 14.930287950916444, 8.572937860377962, 8.750330456654895, 99999999.0, 9.120398895694334, 12.11088599043738, 9.544485406977103, 6.179123908916666, 14.806678711514035, 5.37656899570379, 13.580399020621135, 10.753689329658972, 6.7591659465568, 6.3942524439428, 13.092024266014736, 10.687347871909283, 6.613642980694101, 14.042728969260894, 13.685261088371597, 5.993733195038412, 13.394250777407251, 11.148181582169334, 13.246436760479659, 14.826510828469067, 14.517766580952115, 13.7573550550164], [14.45708264038223, 11.705476940563196, 13.211095206508764, 5.396813925946615, 8.343211789295898, 5.122328349384322, 6.313148874153712, 9.120398895694334, 99999999.0, 9.73537570135406, 10.094664086246615, 11.110232565643225, 5.664306376455582, 13.991342708183875, 7.756945570989929, 7.113889943133966, 9.583890725848304, 5.097246695183474, 7.114489549339364, 10.871797900383132, 6.373218785860365, 6.313927188530803, 10.716791238248415, 7.303725376246238, 9.268816250342567, 8.594685602530552, 11.005967329402717, 13.30078758112969, 9.861924990477839, 7.113277515005866], [14.547069428553668, 12.098226309524271, 5.531308308757964, 11.090619629828964, 7.7209001187664095, 14.312613948320498, 6.138707917570805, 12.11088599043738, 9.73537570135406, 99999999.0, 9.901548994852448, 11.065800258844718, 10.782280512993779, 5.548050423434293, 14.169920058833219, 13.498353642278188, 6.33295570385905, 5.4984332383910495, 13.811630374770507, 9.695936271564374, 8.854569555210174, 12.047368066163866, 9.203045311143116, 13.578926648784146, 9.586483314797439, 10.461643834170307, 6.462127244782096, 10.419698486761721, 6.761655392164625, 10.3206537716399], [10.036096193130547, 12.556890391038355, 7.980357282905799, 11.19058005837693, 5.947243727051005, 8.579664450398251, 10.93770292929162, 9.544485406977103, 10.094664086246615, 9.901548994852448, 99999999.0, 13.656542636501557, 11.019705789439087, 11.900576599497118, 12.630475437800664, 14.69454191414856, 10.896800178872429, 10.320221722629174, 8.041195388715444, 8.290134784814502, 5.43119982466475, 10.429369794449764, 10.128030834115787, 14.068313419887668, 7.064805260620916, 7.092755704705089, 7.413287835739007, 9.757824440147502, 6.003859591463284, 5.824974538627816], [5.8591668350547135, 8.954443318585936, 5.368577655458613, 8.55065268153487, 12.422579487129854, 14.228515580969669, 5.645782357872383, 6.179123908916666, 11.110232565643225, 11.065800258844718, 13.656542636501557, 99999999.0, 7.588469212383271, 6.3503826170592585, 13.020877794479533, 7.551778309749083, 14.208234044416146, 9.638021763042834, 6.805790505740959, 13.143499217316936, 8.71362606139048, 6.380375774000624, 12.199597478639886, 6.597810941657895, 10.521599757235215, 14.890873425021953, 14.730597755806095, 9.96374769680071, 5.951913412823172, 6.000214392669616], [14.577540399134366, 6.2732314224386645, 7.321169141124303, 14.300661616664698, 9.164178935210348, 11.41837949965835, 5.746492516367345, 14.806678711514035, 5.664306376455582, 10.782280512993779, 11.019705789439087, 7.588469212383271, 99999999.0, 7.962676704157693, 6.3474477515780325, 10.496974382004424, 7.426774854820065, 11.3160830741964, 10.753204566847323, 11.818459057118398, 12.70093901324396, 14.48252825908887, 5.541099050146331, 8.293886778685206, 5.779960434373895, 14.681358195150057, 13.97154940657084, 8.619115510586607, 11.71574865222859, 8.334618325247236], [10.196624773410575, 14.770973663952779, 14.80155406655135, 11.056030218954977, 14.761604729712218, 13.209718246571981, 8.155784271448313, 5.37656899570379, 13.991342708183875, 5.548050423434293, 11.900576599497118, 6.3503826170592585, 7.962676704157693, 99999999.0, 14.420669642049493, 14.027956354662985, 13.317739977971298, 5.492793097203764, 9.507701947686506, 5.889929818405253, 6.598823715764459, 6.682416303756634, 7.240509890531147, 9.331263881963622, 6.260184176478919, 8.909827089436835, 10.268274230340642, 14.006568365108377, 14.96422153057085, 13.933052044378565], [10.96033572318217, 9.755797951041096, 11.402076662301436, 7.821013468314401, 12.159331315767318, 8.079566519365896, 6.4546858291404785, 13.580399020621135, 7.756945570989929, 14.169920058833219, 12.630475437800664, 13.020877794479533, 6.3474477515780325, 14.420669642049493, 99999999.0, 14.208270644006268, 12.916669376704649, 13.371896205428307, 5.651741675709486, 11.199149881912803, 14.454685154141597, 12.127575908095068, 14.139549756933956, 6.2505980273094615, 9.40859069073115, 12.184808003763845, 7.385047270822432, 12.154708710086283, 8.665840187463779, 10.457673679602296], [9.721686829142477, 5.807903530482198, 5.498353778057949, 5.676366416272764, 13.058280932153233, 9.237070321690855, 9.109897237836705, 10.753689329658972, 7.113889943133966, 13.498353642278188, 14.69454191414856, 7.551778309749083, 10.496974382004424, 14.027956354662985, 14.208270644006268, 99999999.0, 5.711255498507237, 14.041895280379508, 11.920647625546007, 10.079632270636, 6.764143128343299, 9.414203789678261, 8.803228780599063, 6.474641203742001, 10.810440500380452, 5.0769161471647095, 10.864103319223613, 7.995488414734496, 13.849705336241895, 8.934868058564025], [14.893285006127318, 7.832664270218651, 8.10523595930444, 8.116347111228773, 6.383609186345365, 9.794609269137363, 7.244665384702627, 6.7591659465568, 9.583890725848304, 6.33295570385905, 10.896800178872429, 14.208234044416146, 7.426774854820065, 13.317739977971298, 12.916669376704649, 5.711255498507237, 99999999.0, 12.54849394343092, 11.562858069991455, 7.756259511300239, 14.784552298459557, 11.861110130909008, 14.438611581422228, 7.331568928897236, 14.492379698632066, 10.423693342889703, 7.540100080134394, 12.016069935584861, 14.628269756193866, 6.449327421991433], [11.342442202648137, 5.596341103822059, 8.157480376762383, 7.311746221299638, 7.12189386238749, 13.53651493900543, 5.911346333695807, 6.3942524439428, 5.097246695183474, 5.4984332383910495, 10.320221722629174, 9.638021763042834, 11.3160830741964, 5.492793097203764, 13.371896205428307, 14.041895280379508, 12.54849394343092, 99999999.0, 9.425929535457374, 6.705303174550114, 11.819280824830035, 6.3351435467305794, 11.521777777176068, 7.934520092661974, 6.903163600974694, 8.044366159658509, 10.820239362718667, 7.715663162412401, 9.636094783785776, 13.66689547931109], [9.29650745238919, 9.652891274211981, 13.90039011876614, 13.90325613019135, 10.96746246613586, 8.735337048863315, 13.46102662425855, 13.092024266014736, 7.114489549339364, 13.811630374770507, 8.041195388715444, 6.805790505740959, 10.753204566847323, 9.507701947686506, 5.651741675709486, 11.920647625546007, 11.562858069991455, 9.425929535457374, 99999999.0, 5.726443177622701, 14.242115260308399, 13.349265024556766, 10.53623884150814, 10.287600231923392, 14.091046916933262, 6.801140985807589, 12.870979863477237, 8.456620753699328, 8.43671375918795, 10.660429947828945], [7.011385844266905, 9.65864114233038, 10.954930589024684, 13.035140122881522, 13.579476519763183, 7.073641074998566, 5.758624505197773, 10.687347871909283, 10.871797900383132, 9.695936271564374, 8.290134784814502, 13.143499217316936, 11.818459057118398, 5.889929818405253, 11.199149881912803, 10.079632270636, 7.756259511300239, 6.705303174550114, 5.726443177622701, 99999999.0, 14.313252838252119, 11.121057877562466, 9.497976942283124, 7.680023387763809, 9.194216222875035, 11.189743906602128, 9.226588832284886, 12.084172375154887, 6.946031346232053, 6.951449149415144], [7.178025450011071, 8.91569384067105, 10.635851498727085, 8.32526996948991, 9.196090523474556, 11.687520423599405, 12.01249706577823, 6.613642980694101, 6.373218785860365, 8.854569555210174, 5.43119982466475, 8.71362606139048, 12.70093901324396, 6.598823715764459, 14.454685154141597, 6.764143128343299, 14.784552298459557, 11.819280824830035, 14.242115260308399, 14.313252838252119, 99999999.0, 13.849082052687837, 13.717708993617752, 12.640054150162282, 7.681565152643577, 6.358403598703819, 10.410089377523501, 5.2112875874856535, 8.762794195684256, 6.274864910030466], [7.822397730048146, 10.276686921742524, 11.671337864799947, 13.885233022573228, 9.189501270673526, 14.802458519010596, 13.850089546457022, 14.042728969260894, 6.313927188530803, 12.047368066163866, 10.429369794449764, 6.380375774000624, 14.48252825908887, 6.682416303756634, 12.127575908095068, 9.414203789678261, 11.861110130909008, 6.3351435467305794, 13.349265024556766, 11.121057877562466, 13.849082052687837, 99999999.0, 7.244073705484252, 7.235723757097587, 8.436895756483494, 10.489017615662789, 14.42187681165127, 7.902330126441946, 8.647822378303696, 14.418727079082169], [11.946161308671844, 12.238818450111449, 11.514687034647618, 6.897984914374515, 5.895065357468288, 7.560034259632054, 14.832535866316025, 13.685261088371597, 10.716791238248415, 9.203045311143116, 10.128030834115787, 12.199597478639886, 5.541099050146331, 7.240509890531147, 14.139549756933956, 8.803228780599063, 14.438611581422228, 11.521777777176068, 10.53623884150814, 9.497976942283124, 13.717708993617752, 7.244073705484252, 99999999.0, 5.012159261426403, 11.467362370201961, 13.033355570400618, 10.619497776556404, 6.651505348494785, 10.432919236714358, 8.433402729398257], [7.815712790163747, 14.532665965120449, 10.08672330196259, 8.258460664963918, 14.835406785695916, 12.36834927660074, 10.897468031558663, 5.993733195038412, 7.303725376246238, 13.578926648784146, 14.068313419887668, 6.597810941657895, 8.293886778685206, 9.331263881963622, 6.2505980273094615, 6.474641203742001, 7.331568928897236, 7.934520092661974, 10.287600231923392, 7.680023387763809, 12.640054150162282, 7.235723757097587, 5.012159261426403, 99999999.0, 12.875116145388972, 13.556901219652687, 11.351827569495464, 10.753557937818641, 7.756583828524333, 14.346177735303312], [6.1247658202574184, 5.1284652530492085, 13.094438531575417, 7.32151908695005, 6.022935826320764, 10.906330916344473, 7.77479791004854, 13.394250777407251, 9.268816250342567, 9.586483314797439, 7.064805260620916, 10.521599757235215, 5.779960434373895, 6.260184176478919, 9.40859069073115, 10.810440500380452, 14.492379698632066, 6.903163600974694, 14.091046916933262, 9.194216222875035, 7.681565152643577, 8.436895756483494, 11.467362370201961, 12.875116145388972, 99999999.0, 12.823487051475931, 6.790067470552069, 13.10511443705344, 11.481339807224007, 10.761954928158467], [9.569214752064186, 6.945387051284398, 6.49141070966953, 14.963352421337166, 14.218898305723954, 9.045735223393603, 12.224826220496645, 11.148181582169334, 8.594685602530552, 10.461643834170307, 7.092755704705089, 14.890873425021953, 14.681358195150057, 8.909827089436835, 12.184808003763845, 5.0769161471647095, 10.423693342889703, 8.044366159658509, 6.801140985807589, 11.189743906602128, 6.358403598703819, 10.489017615662789, 13.033355570400618, 13.556901219652687, 12.823487051475931, 99999999.0, 10.690003478363456, 5.9920580352268615, 13.45055719110876, 5.695594785352428], [13.559631785046985, 10.946379422234793, 5.821424154916496, 9.70602995475204, 13.410382000934787, 12.869077125827445, 7.043464268327419, 13.246436760479659, 11.005967329402717, 6.462127244782096, 7.413287835739007, 14.730597755806095, 13.97154940657084, 10.268274230340642, 7.385047270822432, 10.864103319223613, 7.540100080134394, 10.820239362718667, 12.870979863477237, 9.226588832284886, 10.410089377523501, 14.42187681165127, 10.619497776556404, 11.351827569495464, 6.790067470552069, 10.690003478363456, 99999999.0, 12.999947375832823, 6.65045989773613, 12.7780913533912], [13.341457733564813, 10.716156192626245, 10.511806074881813, 10.321347218721142, 12.028222278950828, 11.351254751791434, 6.937811400789762, 14.826510828469067, 13.30078758112969, 10.419698486761721, 9.757824440147502, 9.96374769680071, 8.619115510586607, 14.006568365108377, 12.154708710086283, 7.995488414734496, 12.016069935584861, 7.715663162412401, 8.456620753699328, 12.084172375154887, 5.2112875874856535, 7.902330126441946, 6.651505348494785, 10.753557937818641, 13.10511443705344, 5.9920580352268615, 12.999947375832823, 99999999.0, 5.177222108756928, 12.330103675501107], [6.300247110395248, 11.719757315248529, 13.551869104895655, 11.59907182383431, 8.62908367474163, 11.031138917552, 10.102873927847249, 14.517766580952115, 9.861924990477839, 6.761655392164625, 6.003859591463284, 5.951913412823172, 11.71574865222859, 14.96422153057085, 8.665840187463779, 13.849705336241895, 14.628269756193866, 9.636094783785776, 8.43671375918795, 6.946031346232053, 8.762794195684256, 8.647822378303696, 10.432919236714358, 7.756583828524333, 11.481339807224007, 13.45055719110876, 6.65045989773613, 5.177222108756928, 99999999.0, 12.64191547161193], [6.952093445882669, 11.012057069017548, 12.924657597167595, 11.115996417528635, 14.321525095282357, 8.965469007152189, 10.567422418326535, 13.7573550550164, 7.113277515005866, 10.3206537716399, 5.824974538627816, 6.000214392669616, 8.334618325247236, 13.933052044378565, 10.457673679602296, 8.934868058564025, 6.449327421991433, 13.66689547931109, 10.660429947828945, 6.951449149415144, 6.274864910030466, 14.418727079082169, 8.433402729398257, 14.346177735303312, 10.761954928158467, 5.695594785352428, 12.7780913533912, 12.330103675501107, 12.64191547161193, 99999999.0]];
