M = 99999999.0;
numWorkers = 25;
numRoles = 6;
numNodes = 30;
wStart = [0, 38.338877771698435, 47.52437395046881, 14.18280671616639, 39.69095505398806, 50.13806950257399, 3.296731920240606, 21.536369294330818, 17.991192828340846, 4.770684348718067, 1.613468925029918, 35.93702056804367, 12.696887702919163, 21.311528345800276, 35.882782868434845, 14.645071905717074, 13.560796887642645, 47.627866111245176, 52.71715897456873, 49.010491227026705, 40.95854312403074, 35.01757735002619, 6.740775901627693, 28.67908498789697, 11.841639216426323, 46.71332700350482, 42.523632047709626, 56.01548533254704, 31.299633138428455, 0];
wEnd = [0, 74.90492494333124, 75.43561803702431, 47.99732567260799, 74.36836710148835, 89.8543902282585, 37.12771419960735, 49.68091854104343, 54.361165526339875, 31.418732382413925, 29.821006100404116, 61.33698208597718, 52.615419735697756, 54.84470476447435, 74.92941036348668, 39.79310883582323, 48.73498484717616, 76.67083804007667, 83.50892780963726, 82.78894743342619, 66.57375652720911, 61.04983110615919, 41.954243266047826, 60.288770465551124, 46.96472104079699, 82.42074362074996, 67.69273493732501, 89.06505531636378, 68.13782142103001, 90];
p = [0, 15.411836984699972, 10.226882510987256, 21.234028225809364, 19.583092077871758, 19.26613084492589, 12.02086292533821, 7.244401013195723, 21.87036122200948, 15.028672669634869, 16.775538638506656, 12.281747189014828, 23.041325385820844, 18.94299572180674, 22.40496577901187, 13.54410151544319, 11.247087475401736, 12.923093976527607, 18.758581714982412, 10.709571922064988, 9.78250633750484, 12.559240234547689, 9.7512991337713, 19.837973345084208, 19.426857425831965, 21.393567884161335, 15.463992365418726, 8.62910613205918, 22.542392624188885, 0];
e = [[0, 0, 0, 1, 0, 1], [1, 1, 0, 0, 0, 0], [1, 0, 0, 1, 0, 0], [1, 0, 0, 0, 1, 0], [1, 1, 0, 0, 0, 0], [1, 0, 1, 0, 0, 0], [0, 1, 0, 1, 0, 0], [1, 1, 0, 0, 0, 0], [0, 1, 0, 0, 0, 1], [0, 1, 0, 0, 0, 1], [0, 1, 0, 1, 0, 0], [0, 1, 1, 0, 0, 0], [0, 1, 0, 0, 1, 0], [0, 1, 0, 1, 0, 0], [1, 1, 0, 0, 0, 0], [1, 1, 0, 0, 0, 0], [1, 1, 0, 0, 0, 0], [1, 1, 0, 0, 0, 0], [0, 1, 0, 0, 0, 1], [0, 1, 0, 1, 0, 0], [0, 1, 0, 0, 0, 0], [0, 1, 0, 0, 1, 0], [0, 1, 0, 0, 0, 0], [0, 1, 0, 0, 0, 0], [0, 0, 0, 0, 0, 1]];
d = [[0, 1, 4, 1, 2, 1, 0, 1, 0, 0, 0, 0, 2, 1, 1, 0, 0, 0, 0, 0, 1, 1, 1, 2, 0, 1, 0, 0], [2, 0, 1, 3, 2, 0, 0, 0, 1, 1, 1, 0, 0, 1, 1, 1, 2, 1, 1, 1, 1, 0, 2, 4, 0, 1, 3, 1], [0, 0, 1, 1, 0, 1, 2, 1, 1, 1, 3, 2, 0, 1, 1, 0, 4, 0, 2, 0, 0, 1, 2, 0, 1, 1, 1, 4], [1, 1, 0, 1, 0, 2, 2, 2, 1, 1, 2, 0, 1, 2, 1, 1, 0, 2, 0, 1, 2, 2, 1, 1, 2, 1, 1, 0], [3, 1, 0, 1, 0, 2, 0, 2, 2, 0, 1, 0, 0, 0, 1, 1, 0, 1, 1, 0, 2, 1, 0, 0, 1, 3, 2, 1], [2, 1, 1, 0, 0, 2, 1, 1, 0, 0, 0, 1, 2, 0, 0, 0, 0, 1, 1, 2, 2, 2, 0, 0, 2, 1, 1, 0]];
r = [2046.3401268909436, 1493.2132681250898, 2879.2368759821343, 3262.6286720829817, 3118.0610577350367, 1497.4058578537338, 712.1760048736637, 3407.4078135860073, 2537.1942010982307, 1574.4142766404334, 1055.478572292552, 3615.7836196424614, 1410.8760554682913, 1792.3566360450943, 1325.0609816374276, 592.8040802144153, 1254.9298043153783, 1129.4370690799244, 2074.5992066344165, 1423.7006475453668, 677.278372535425, 1358.1812491799005, 1715.8759007247465, 3882.7309520538242, 3623.1362216378593, 2547.243959230534, 1676.230227549942, 1320.5464879829324];
b = [[[0.0, 0.0, 0.0, 0.0, 0.0, 0.0, 0.0, 0.0, 0.0, 0.0, 0.0, 0.0, 0.0, 0.0, 0.0, 0.0, 0.0, 0.0, 0.0, 0.0, 0.0, 0.0, 0.0, 0.0, 0.0, 0.0, 0.0, 0.0], [0.0, 0.0, 0.0, 0.0, 0.0, 0.0, 0.0, 0.0, 0.0, 0.0, 0.0, 0.0, 0.0, 0.0, 0.0, 0.0, 0.0, 0.0, 0.0, 0.0, 0.0, 0.0, 0.0, 0.0, 0.0, 0.0, 0.0, 0.0], [0.0, 0.0, 0.0, 0.0, 0.0, 0.0, 0.0, 0.0, 0.0, 0.0, 0.0, 0.0, 0.0, 0.0, 0.0, 0.0, 0.0, 0.0, 0.0, 0.0, 0.0, 0.0, 0.0, 0.0, 0.0, 0.0, 0.0, 0.0], [0.0, 0.0, 0.0, 0.0, 0.0, 0.0, 0.0, 0.0, 0.0, 0.0, 0.0, 0.0, 0.0, 0.0, 0.0, 0.0, 0.0, 0.0, 0.0, 0.0, 0.0, 0.0, 0.0, 0.0, 0.0, 0.0, 0.0, 0.0], [0.0, 0.0, 0.0, 0.0, 0.0, 0.0, 0.0, 0.0, 0.0, 0.0, 0.0, 0.0, 0.0, 0.0, 0.0, 0.0, 0.0, 0.0, 0.0, 0.0, 0.0, 0.0, 0.0, 0.0, 0.0, 0.0, 0.0, 0.0], [0.0, 0.0, 0.0, 0.0, 0.0, 0.0, 0.0, 0.0, 0.0, 0.0, 0.0, 0.0, 0.0, 0.0, 0.0, 0.0, 0.0, 0.0, 0.0, 0.0, 0.0, 0.0, 0.0, 0.0, 0.0, 0.0, 0.0, 0.0]], [[0.0, 0.0, 0.0, 0.0, 0.0, 0.0, 0.0, 0.0, 0.0, 0.0, 0.0, 0.0, 0.0, 0.0, 0.0, 0.0, 0.0, 0.0, 0.0, 0.0, 0.0, 0.0, 0.0, 0.0, 0.0, 0.0, 0.0, 0.0], [0.0, 0.0, 0.0, 0.0, 0.0, 0.0, 0.0, 0.0, 0.0, 0.0, 0.0, 0.0, 0.0, 0.0, 0.0, 0.0, 0.0, 0.0, 0.0, 0.0, 0.0, 0.0, 0.0, 0.0, 0.0, 0.0, 0.0, 0.0], [0.0, 0.0, 0.0, 0.0, 0.0, 0.0, 0.0, 0.0, 0.0, 0.0, 0.0, 0.0, 0.0, 0.0, 0.0, 0.0, 0.0, 0.0, 0.0, 0.0, 0.0, 0.0, 0.0, 0.0, 0.0, 0.0, 0.0, 0.0], [0.0, 0.0, 0.0, 0.0, 0.0, 0.0, 0.0, 0.0, 0.0, 0.0, 0.0, 0.0, 0.0, 0.0, 0.0, 0.0, 0.0, 0.0, 0.0, 0.0, 0.0, 0.0, 0.0, 0.0, 0.0, 0.0, 0.0, 0.0], [0.0, 0.0, 0.0, 0.0, 0.0, 0.0, 0.0, 0.0, 0.0, 0.0, 0.0, 0.0, 0.0, 0.0, 0.0, 0.0, 0.0, 0.0, 0.0, 0.0, 0.0, 0.0, 0.0, 0.0, 0.0, 0.0, 0.0, 0.0], [0.0, 0.0, 0.0, 0.0, 0.0, 0.0, 0.0, 0.0, 0.0, 0.0, 0.0, 0.0, 0.0, 0.0, 0.0, 0.0, 0.0, 0.0, 0.0, 0.0, 0.0, 0.0, 0.0, 0.0, 0.0, 0.0, 0.0, 0.0]], [[0.0, 0.0, 0.0, 0.0, 0.0, 0.0, 0.0, 0.0, 0.0, 0.0, 0.0, 0.0, 0.0, 0.0, 0.0, 0.0, 0.0, 0.0, 0.0, 0.0, 0.0, 0.0, 0.0, 0.0, 0.0, 0.0, 0.0, 0.0], [0.0, 0.0, 0.0, 0.0, 0.0, 0.0, 0.0, 0.0, 0.0, 0.0, 0.0, 0.0, 0.0, 0.0, 0.0, 0.0, 0.0, 0.0, 0.0, 0.0, 0.0, 0.0, 0.0, 0.0, 0.0, 0.0, 0.0, 0.0], [0.0, 0.0, 0.0, 0.0, 0.0, 0.0, 0.0, 0.0, 0.0, 0.0, 0.0, 0.0, 0.0, 0.0, 0.0, 0.0, 0.0, 0.0, 0.0, 0.0, 0.0, 0.0, 0.0, 0.0, 0.0, 0.0, 0.0, 0.0], [0.0, 0.0, 0.0, 0.0, 0.0, 0.0, 0.0, 0.0, 0.0, 0.0, 0.0, 0.0, 0.0, 0.0, 0.0, 0.0, 0.0, 0.0, 0.0, 0.0, 0.0, 0.0, 0.0, 0.0, 0.0, 0.0, 0.0, 0.0], [0.0, 0.0, 0.0, 0.0, 0.0, 0.0, 0.0, 0.0, 0.0, 0.0, 0.0, 0.0, 0.0, 0.0, 0.0, 0.0, 0.0, 0.0, 0.0, 0.0, 0.0, 0.0, 0.0, 0.0, 0.0, 0.0, 0.0, 0.0], [0.0, 0.0, 0.0, 0.0, 0.0, 0.0, 0.0, 0.0, 0.0, 0.0, 0.0, 0.0, 0.0, 0.0, 0.0, 0.0, 0.0, 0.0, 0.0, 0.0, 0.0, 0.0, 0.0, 0.0, 0.0, 0.0, 0.0, 0.0]], [[0.0, 0.0, 0.0, 0.0, 0.0, 0.0, 0.0, 0.0, 0.0, 0.0, 0.0, 0.0, 0.0, 0.0, 0.0, 0.0, 0.0, 0.0, 0.0, 0.0, 0.0, 0.0, 0.0, 0.0, 0.0, 0.0, 0.0, 0.0], [0.0, 0.0, 0.0, 0.0, 0.0, 0.0, 0.0, 0.0, 0.0, 0.0, 0.0, 0.0, 0.0, 0.0, 0.0, 0.0, 0.0, 0.0, 0.0, 0.0, 0.0, 0.0, 0.0, 0.0, 0.0, 0.0, 0.0, 0.0], [0.0, 0.0, 0.0, 0.0, 0.0, 0.0, 0.0, 0.0, 0.0, 0.0, 0.0, 0.0, 0.0, 0.0, 0.0, 0.0, 0.0, 0.0, 0.0, 0.0, 0.0, 0.0, 0.0, 0.0, 0.0, 0.0, 0.0, 0.0], [0.0, 0.0, 0.0, 0.0, 0.0, 0.0, 0.0, 0.0, 0.0, 0.0, 0.0, 0.0, 0.0, 0.0, 0.0, 0.0, 0.0, 0.0, 0.0, 0.0, 0.0, 0.0, 0.0, 0.0, 0.0, 0.0, 0.0, 0.0], [0.0, 0.0, 0.0, 0.0, 0.0, 0.0, 0.0, 0.0, 0.0, 0.0, 0.0, 0.0, 0.0, 0.0, 0.0, 0.0, 0.0, 0.0, 0.0, 0.0, 0.0, 0.0, 0.0, 0.0, 0.0, 0.0, 0.0, 0.0], [0.0, 0.0, 0.0, 0.0, 0.0, 0.0, 0.0, 0.0, 0.0, 0.0, 0.0, 0.0, 0.0, 0.0, 0.0, 0.0, 0.0, 0.0, 0.0, 0.0, 0.0, 0.0, 0.0, 0.0, 0.0, 0.0, 0.0, 0.0]], [[0.0, 0.0, 0.0, 0.0, 0.0, 0.0, 0.0, 0.0, 0.0, 0.0, 0.0, 0.0, 0.0, 0.0, 0.0, 0.0, 0.0, 0.0, 0.0, 0.0, 0.0, 0.0, 0.0, 0.0, 0.0, 0.0, 0.0, 0.0], [0.0, 0.0, 0.0, 0.0, 0.0, 0.0, 0.0, 0.0, 0.0, 0.0, 0.0, 0.0, 0.0, 0.0, 0.0, 0.0, 0.0, 0.0, 0.0, 0.0, 0.0, 0.0, 0.0, 0.0, 0.0, 0.0, 0.0, 0.0], [0.0, 0.0, 0.0, 0.0, 0.0, 0.0, 0.0, 0.0, 0.0, 0.0, 0.0, 0.0, 0.0, 0.0, 0.0, 0.0, 0.0, 0.0, 0.0, 0.0, 0.0, 0.0, 0.0, 0.0, 0.0, 0.0, 0.0, 0.0], [0.0, 0.0, 0.0, 0.0, 0.0, 0.0, 0.0, 0.0, 0.0, 0.0, 0.0, 0.0, 0.0, 0.0, 0.0, 0.0, 0.0, 0.0, 0.0, 0.0, 0.0, 0.0, 0.0, 0.0, 0.0, 0.0, 0.0, 0.0], [0.0, 0.0, 0.0, 0.0, 0.0, 0.0, 0.0, 0.0, 0.0, 0.0, 0.0, 0.0, 0.0, 0.0, 0.0, 0.0, 0.0, 0.0, 0.0, 0.0, 0.0, 0.0, 0.0, 0.0, 0.0, 0.0, 0.0, 0.0], [0.0, 0.0, 0.0, 0.0, 0.0, 0.0, 0.0, 0.0, 0.0, 0.0, 0.0, 0.0, 0.0, 0.0, 0.0, 0.0, 0.0, 0.0, 0.0, 0.0, 0.0, 0.0, 0.0, 0.0, 0.0, 0.0, 0.0, 0.0]], [[0.0, 0.0, 0.0, 0.0, 0.0, 0.0, 0.0, 0.0, 0.0, 0.0, 0.0, 0.0, 0.0, 0.0, 0.0, 0.0, 0.0, 0.0, 0.0, 0.0, 0.0, 0.0, 0.0, 0.0, 0.0, 0.0, 0.0, 0.0], [0.0, 0.0, 0.0, 0.0, 0.0, 0.0, 0.0, 0.0, 0.0, 0.0, 0.0, 0.0, 0.0, 0.0, 0.0, 0.0, 0.0, 0.0, 0.0, 0.0, 0.0, 0.0, 0.0, 0.0, 0.0, 0.0, 0.0, 0.0], [0.0, 0.0, 0.0, 0.0, 0.0, 0.0, 0.0, 0.0, 0.0, 0.0, 0.0, 0.0, 0.0, 0.0, 0.0, 0.0, 0.0, 0.0, 0.0, 0.0, 0.0, 0.0, 0.0, 0.0, 0.0, 0.0, 0.0, 0.0], [0.0, 0.0, 0.0, 0.0, 0.0, 0.0, 0.0, 0.0, 0.0, 0.0, 0.0, 0.0, 0.0, 0.0, 0.0, 0.0, 0.0, 0.0, 0.0, 0.0, 0.0, 0.0, 0.0, 0.0, 0.0, 0.0, 0.0, 0.0], [0.0, 0.0, 0.0, 0.0, 0.0, 0.0, 0.0, 0.0, 0.0, 0.0, 0.0, 0.0, 0.0, 0.0, 0.0, 0.0, 0.0, 0.0, 0.0, 0.0, 0.0, 0.0, 0.0, 0.0, 0.0, 0.0, 0.0, 0.0], [0.0, 0.0, 0.0, 0.0, 0.0, 0.0, 0.0, 0.0, 0.0, 0.0, 0.0, 0.0, 0.0, 0.0, 0.0, 0.0, 0.0, 0.0, 0.0, 0.0, 0.0, 0.0, 0.0, 0.0, 0.0, 0.0, 0.0, 0.0]], [[0.0, 0.0, 0.0, 0.0, 0.0, 0.0, 0.0, 0.0, 0.0, 0.0, 0.0, 0.0, 0.0, 0.0, 0.0, 0.0, 0.0, 0.0, 0.0, 0.0, 0.0, 0.0, 0.0, 0.0, 0.0, 0.0, 0.0, 0.0], [0.0, 0.0, 0.0, 0.0, 0.0, 0.0, 0.0, 0.0, 0.0, 0.0, 0.0, 0.0, 0.0, 0.0, 0.0, 0.0, 0.0, 0.0, 0.0, 0.0, 0.0, 0.0, 0.0, 0.0, 0.0, 0.0, 0.0, 0.0], [0.0, 0.0, 0.0, 0.0, 0.0, 0.0, 0.0, 0.0, 0.0, 0.0, 0.0, 0.0, 0.0, 0.0, 0.0, 0.0, 0.0, 0.0, 0.0, 0.0, 0.0, 0.0, 0.0, 0.0, 0.0, 0.0, 0.0, 0.0], [0.0, 0.0, 0.0, 0.0, 0.0, 0.0, 0.0, 0.0, 0.0, 0.0, 0.0, 0.0, 0.0, 0.0, 0.0, 0.0, 0.0, 0.0, 0.0, 0.0, 0.0, 0.0, 0.0, 0.0, 0.0, 0.0, 0.0, 0.0], [0.0, 0.0, 0.0, 0.0, 0.0, 0.0, 0.0, 0.0, 0.0, 0.0, 0.0, 0.0, 0.0, 0.0, 0.0, 0.0, 0.0, 0.0, 0.0, 0.0, 0.0, 0.0, 0.0, 0.0, 0.0, 0.0, 0.0, 0.0], [0.0, 0.0, 0.0, 0.0, 0.0, 0.0, 0.0, 0.0, 0.0, 0.0, 0.0, 0.0, 0.0, 0.0, 0.0, 0.0, 0.0, 0.0, 0.0, 0.0, 0.0, 0.0, 0.0, 0.0, 0.0, 0.0, 0.0, 0.0]], [[0.0, 0.0, 0.0, 0.0, 0.0, 0.0, 0.0, 0.0, 0.0, 0.0, 0.0, 0.0, 0.0, 0.0, 0.0, 0.0, 0.0, 0.0, 0.0, 0.0, 0.0, 0.0, 0.0, 0.0, 0.0, 0.0, 0.0, 0.0], [0.0, 0.0, 0.0, 0.0, 0.0, 0.0, 0.0, 0.0, 0.0, 0.0, 0.0, 0.0, 0.0, 0.0, 0.0, 0.0, 0.0, 0.0, 0.0, 0.0, 0.0, 0.0, 0.0, 0.0, 0.0, 0.0, 0.0, 0.0], [0.0, 0.0, 0.0, 0.0, 0.0, 0.0, 0.0, 0.0, 0.0, 0.0, 0.0, 0.0, 0.0, 0.0, 0.0, 0.0, 0.0, 0.0, 0.0, 0.0, 0.0, 0.0, 0.0, 0.0, 0.0, 0.0, 0.0, 0.0], [0.0, 0.0, 0.0, 0.0, 0.0, 0.0, 0.0, 0.0, 0.0, 0.0, 0.0, 0.0, 0.0, 0.0, 0.0, 0.0, 0.0, 0.0, 0.0, 0.0, 0.0, 0.0, 0.0, 0.0, 0.0, 0.0, 0.0, 0.0], [0.0, 0.0, 0.0, 0.0, 0.0, 0.0, 0.0, 0.0, 0.0, 0.0, 0.0, 0.0, 0.0, 0.0, 0.0, 0.0, 0.0, 0.0, 0.0, 0.0, 0.0, 0.0, 0.0, 0.0, 0.0, 0.0, 0.0, 0.0], [0.0, 0.0, 0.0, 0.0, 0.0, 0.0, 0.0, 0.0, 0.0, 0.0, 0.0, 0.0, 0.0, 0.0, 0.0, 0.0, 0.0, 0.0, 0.0, 0.0, 0.0, 0.0, 0.0, 0.0, 0.0, 0.0, 0.0, 0.0]], [[0.0, 0.0, 0.0, 0.0, 0.0, 0.0, 0.0, 0.0, 0.0, 0.0, 0.0, 0.0, 0.0, 0.0, 0.0, 0.0, 0.0, 0.0, 0.0, 0.0, 0.0, 0.0, 0.0, 0.0, 0.0, 0.0, 0.0, 0.0], [0.0, 0.0, 0.0, 0.0, 0.0, 0.0, 0.0, 0.0, 0.0, 0.0, 0.0, 0.0, 0.0, 0.0, 0.0, 0.0, 0.0, 0.0, 0.0, 0.0, 0.0, 0.0, 0.0, 0.0, 0.0, 0.0, 0.0, 0.0], [0.0, 0.0, 0.0, 0.0, 0.0, 0.0, 0.0, 0.0, 0.0, 0.0, 0.0, 0.0, 0.0, 0.0, 0.0, 0.0, 0.0, 0.0, 0.0, 0.0, 0.0, 0.0, 0.0, 0.0, 0.0, 0.0, 0.0, 0.0], [0.0, 0.0, 0.0, 0.0, 0.0, 0.0, 0.0, 0.0, 0.0, 0.0, 0.0, 0.0, 0.0, 0.0, 0.0, 0.0, 0.0, 0.0, 0.0, 0.0, 0.0, 0.0, 0.0, 0.0, 0.0, 0.0, 0.0, 0.0], [0.0, 0.0, 0.0, 0.0, 0.0, 0.0, 0.0, 0.0, 0.0, 0.0, 0.0, 0.0, 0.0, 0.0, 0.0, 0.0, 0.0, 0.0, 0.0, 0.0, 0.0, 0.0, 0.0, 0.0, 0.0, 0.0, 0.0, 0.0], [0.0, 0.0, 0.0, 0.0, 0.0, 0.0, 0.0, 0.0, 0.0, 0.0, 0.0, 0.0, 0.0, 0.0, 0.0, 0.0, 0.0, 0.0, 0.0, 0.0, 0.0, 0.0, 0.0, 0.0, 0.0, 0.0, 0.0, 0.0]], [[0.0, 0.0, 0.0, 0.0, 0.0, 0.0, 0.0, 0.0, 0.0, 0.0, 0.0, 0.0, 0.0, 0.0, 0.0, 0.0, 0.0, 0.0, 0.0, 0.0, 0.0, 0.0, 0.0, 0.0, 0.0, 0.0, 0.0, 0.0], [0.0, 0.0, 0.0, 0.0, 0.0, 0.0, 0.0, 0.0, 0.0, 0.0, 0.0, 0.0, 0.0, 0.0, 0.0, 0.0, 0.0, 0.0, 0.0, 0.0, 0.0, 0.0, 0.0, 0.0, 0.0, 0.0, 0.0, 0.0], [0.0, 0.0, 0.0, 0.0, 0.0, 0.0, 0.0, 0.0, 0.0, 0.0, 0.0, 0.0, 0.0, 0.0, 0.0, 0.0, 0.0, 0.0, 0.0, 0.0, 0.0, 0.0, 0.0, 0.0, 0.0, 0.0, 0.0, 0.0], [0.0, 0.0, 0.0, 0.0, 0.0, 0.0, 0.0, 0.0, 0.0, 0.0, 0.0, 0.0, 0.0, 0.0, 0.0, 0.0, 0.0, 0.0, 0.0, 0.0, 0.0, 0.0, 0.0, 0.0, 0.0, 0.0, 0.0, 0.0], [0.0, 0.0, 0.0, 0.0, 0.0, 0.0, 0.0, 0.0, 0.0, 0.0, 0.0, 0.0, 0.0, 0.0, 0.0, 0.0, 0.0, 0.0, 0.0, 0.0, 0.0, 0.0, 0.0, 0.0, 0.0, 0.0, 0.0, 0.0], [0.0, 0.0, 0.0, 0.0, 0.0, 0.0, 0.0, 0.0, 0.0, 0.0, 0.0, 0.0, 0.0, 0.0, 0.0, 0.0, 0.0, 0.0, 0.0, 0.0, 0.0, 0.0, 0.0, 0.0, 0.0, 0.0, 0.0, 0.0]], [[0.0, 0.0, 0.0, 0.0, 0.0, 0.0, 0.0, 0.0, 0.0, 0.0, 0.0, 0.0, 0.0, 0.0, 0.0, 0.0, 0.0, 0.0, 0.0, 0.0, 0.0, 0.0, 0.0, 0.0, 0.0, 0.0, 0.0, 0.0], [0.0, 0.0, 0.0, 0.0, 0.0, 0.0, 0.0, 0.0, 0.0, 0.0, 0.0, 0.0, 0.0, 0.0, 0.0, 0.0, 0.0, 0.0, 0.0, 0.0, 0.0, 0.0, 0.0, 0.0, 0.0, 0.0, 0.0, 0.0], [0.0, 0.0, 0.0, 0.0, 0.0, 0.0, 0.0, 0.0, 0.0, 0.0, 0.0, 0.0, 0.0, 0.0, 0.0, 0.0, 0.0, 0.0, 0.0, 0.0, 0.0, 0.0, 0.0, 0.0, 0.0, 0.0, 0.0, 0.0], [0.0, 0.0, 0.0, 0.0, 0.0, 0.0, 0.0, 0.0, 0.0, 0.0, 0.0, 0.0, 0.0, 0.0, 0.0, 0.0, 0.0, 0.0, 0.0, 0.0, 0.0, 0.0, 0.0, 0.0, 0.0, 0.0, 0.0, 0.0], [0.0, 0.0, 0.0, 0.0, 0.0, 0.0, 0.0, 0.0, 0.0, 0.0, 0.0, 0.0, 0.0, 0.0, 0.0, 0.0, 0.0, 0.0, 0.0, 0.0, 0.0, 0.0, 0.0, 0.0, 0.0, 0.0, 0.0, 0.0], [0.0, 0.0, 0.0, 0.0, 0.0, 0.0, 0.0, 0.0, 0.0, 0.0, 0.0, 0.0, 0.0, 0.0, 0.0, 0.0, 0.0, 0.0, 0.0, 0.0, 0.0, 0.0, 0.0, 0.0, 0.0, 0.0, 0.0, 0.0]], [[0.0, 0.0, 0.0, 0.0, 0.0, 0.0, 0.0, 0.0, 0.0, 0.0, 0.0, 0.0, 0.0, 0.0, 0.0, 0.0, 0.0, 0.0, 0.0, 0.0, 0.0, 0.0, 0.0, 0.0, 0.0, 0.0, 0.0, 0.0], [0.0, 0.0, 0.0, 0.0, 0.0, 0.0, 0.0, 0.0, 0.0, 0.0, 0.0, 0.0, 0.0, 0.0, 0.0, 0.0, 0.0, 0.0, 0.0, 0.0, 0.0, 0.0, 0.0, 0.0, 0.0, 0.0, 0.0, 0.0], [0.0, 0.0, 0.0, 0.0, 0.0, 0.0, 0.0, 0.0, 0.0, 0.0, 0.0, 0.0, 0.0, 0.0, 0.0, 0.0, 0.0, 0.0, 0.0, 0.0, 0.0, 0.0, 0.0, 0.0, 0.0, 0.0, 0.0, 0.0], [0.0, 0.0, 0.0, 0.0, 0.0, 0.0, 0.0, 0.0, 0.0, 0.0, 0.0, 0.0, 0.0, 0.0, 0.0, 0.0, 0.0, 0.0, 0.0, 0.0, 0.0, 0.0, 0.0, 0.0, 0.0, 0.0, 0.0, 0.0], [0.0, 0.0, 0.0, 0.0, 0.0, 0.0, 0.0, 0.0, 0.0, 0.0, 0.0, 0.0, 0.0, 0.0, 0.0, 0.0, 0.0, 0.0, 0.0, 0.0, 0.0, 0.0, 0.0, 0.0, 0.0, 0.0, 0.0, 0.0], [0.0, 0.0, 0.0, 0.0, 0.0, 0.0, 0.0, 0.0, 0.0, 0.0, 0.0, 0.0, 0.0, 0.0, 0.0, 0.0, 0.0, 0.0, 0.0, 0.0, 0.0, 0.0, 0.0, 0.0, 0.0, 0.0, 0.0, 0.0]], [[0.0, 0.0, 0.0, 0.0, 0.0, 0.0, 0.0, 0.0, 0.0, 0.0, 0.0, 0.0, 0.0, 0.0, 0.0, 0.0, 0.0, 0.0, 0.0, 0.0, 0.0, 0.0, 0.0, 0.0, 0.0, 0.0, 0.0, 0.0], [0.0, 0.0, 0.0, 0.0, 0.0, 0.0, 0.0, 0.0, 0.0, 0.0, 0.0, 0.0, 0.0, 0.0, 0.0, 0.0, 0.0, 0.0, 0.0, 0.0, 0.0, 0.0, 0.0, 0.0, 0.0, 0.0, 0.0, 0.0], [0.0, 0.0, 0.0, 0.0, 0.0, 0.0, 0.0, 0.0, 0.0, 0.0, 0.0, 0.0, 0.0, 0.0, 0.0, 0.0, 0.0, 0.0, 0.0, 0.0, 0.0, 0.0, 0.0, 0.0, 0.0, 0.0, 0.0, 0.0], [0.0, 0.0, 0.0, 0.0, 0.0, 0.0, 0.0, 0.0, 0.0, 0.0, 0.0, 0.0, 0.0, 0.0, 0.0, 0.0, 0.0, 0.0, 0.0, 0.0, 0.0, 0.0, 0.0, 0.0, 0.0, 0.0, 0.0, 0.0], [0.0, 0.0, 0.0, 0.0, 0.0, 0.0, 0.0, 0.0, 0.0, 0.0, 0.0, 0.0, 0.0, 0.0, 0.0, 0.0, 0.0, 0.0, 0.0, 0.0, 0.0, 0.0, 0.0, 0.0, 0.0, 0.0, 0.0, 0.0], [0.0, 0.0, 0.0, 0.0, 0.0, 0.0, 0.0, 0.0, 0.0, 0.0, 0.0, 0.0, 0.0, 0.0, 0.0, 0.0, 0.0, 0.0, 0.0, 0.0, 0.0, 0.0, 0.0, 0.0, 0.0, 0.0, 0.0, 0.0]], [[0.0, 0.0, 0.0, 0.0, 0.0, 0.0, 0.0, 0.0, 0.0, 0.0, 0.0, 0.0, 0.0, 0.0, 0.0, 0.0, 0.0, 0.0, 0.0, 0.0, 0.0, 0.0, 0.0, 0.0, 0.0, 0.0, 0.0, 0.0], [0.0, 0.0, 0.0, 0.0, 0.0, 0.0, 0.0, 0.0, 0.0, 0.0, 0.0, 0.0, 0.0, 0.0, 0.0, 0.0, 0.0, 0.0, 0.0, 0.0, 0.0, 0.0, 0.0, 0.0, 0.0, 0.0, 0.0, 0.0], [0.0, 0.0, 0.0, 0.0, 0.0, 0.0, 0.0, 0.0, 0.0, 0.0, 0.0, 0.0, 0.0, 0.0, 0.0, 0.0, 0.0, 0.0, 0.0, 0.0, 0.0, 0.0, 0.0, 0.0, 0.0, 0.0, 0.0, 0.0], [0.0, 0.0, 0.0, 0.0, 0.0, 0.0, 0.0, 0.0, 0.0, 0.0, 0.0, 0.0, 0.0, 0.0, 0.0, 0.0, 0.0, 0.0, 0.0, 0.0, 0.0, 0.0, 0.0, 0.0, 0.0, 0.0, 0.0, 0.0], [0.0, 0.0, 0.0, 0.0, 0.0, 0.0, 0.0, 0.0, 0.0, 0.0, 0.0, 0.0, 0.0, 0.0, 0.0, 0.0, 0.0, 0.0, 0.0, 0.0, 0.0, 0.0, 0.0, 0.0, 0.0, 0.0, 0.0, 0.0], [0.0, 0.0, 0.0, 0.0, 0.0, 0.0, 0.0, 0.0, 0.0, 0.0, 0.0, 0.0, 0.0, 0.0, 0.0, 0.0, 0.0, 0.0, 0.0, 0.0, 0.0, 0.0, 0.0, 0.0, 0.0, 0.0, 0.0, 0.0]], [[0.0, 0.0, 0.0, 0.0, 0.0, 0.0, 0.0, 0.0, 0.0, 0.0, 0.0, 0.0, 0.0, 0.0, 0.0, 0.0, 0.0, 0.0, 0.0, 0.0, 0.0, 0.0, 0.0, 0.0, 0.0, 0.0, 0.0, 0.0], [0.0, 0.0, 0.0, 0.0, 0.0, 0.0, 0.0, 0.0, 0.0, 0.0, 0.0, 0.0, 0.0, 0.0, 0.0, 0.0, 0.0, 0.0, 0.0, 0.0, 0.0, 0.0, 0.0, 0.0, 0.0, 0.0, 0.0, 0.0], [0.0, 0.0, 0.0, 0.0, 0.0, 0.0, 0.0, 0.0, 0.0, 0.0, 0.0, 0.0, 0.0, 0.0, 0.0, 0.0, 0.0, 0.0, 0.0, 0.0, 0.0, 0.0, 0.0, 0.0, 0.0, 0.0, 0.0, 0.0], [0.0, 0.0, 0.0, 0.0, 0.0, 0.0, 0.0, 0.0, 0.0, 0.0, 0.0, 0.0, 0.0, 0.0, 0.0, 0.0, 0.0, 0.0, 0.0, 0.0, 0.0, 0.0, 0.0, 0.0, 0.0, 0.0, 0.0, 0.0], [0.0, 0.0, 0.0, 0.0, 0.0, 0.0, 0.0, 0.0, 0.0, 0.0, 0.0, 0.0, 0.0, 0.0, 0.0, 0.0, 0.0, 0.0, 0.0, 0.0, 0.0, 0.0, 0.0, 0.0, 0.0, 0.0, 0.0, 0.0], [0.0, 0.0, 0.0, 0.0, 0.0, 0.0, 0.0, 0.0, 0.0, 0.0, 0.0, 0.0, 0.0, 0.0, 0.0, 0.0, 0.0, 0.0, 0.0, 0.0, 0.0, 0.0, 0.0, 0.0, 0.0, 0.0, 0.0, 0.0]], [[0.0, 0.0, 0.0, 0.0, 0.0, 0.0, 0.0, 0.0, 0.0, 0.0, 0.0, 0.0, 0.0, 0.0, 0.0, 0.0, 0.0, 0.0, 0.0, 0.0, 0.0, 0.0, 0.0, 0.0, 0.0, 0.0, 0.0, 0.0], [0.0, 0.0, 0.0, 0.0, 0.0, 0.0, 0.0, 0.0, 0.0, 0.0, 0.0, 0.0, 0.0, 0.0, 0.0, 0.0, 0.0, 0.0, 0.0, 0.0, 0.0, 0.0, 0.0, 0.0, 0.0, 0.0, 0.0, 0.0], [0.0, 0.0, 0.0, 0.0, 0.0, 0.0, 0.0, 0.0, 0.0, 0.0, 0.0, 0.0, 0.0, 0.0, 0.0, 0.0, 0.0, 0.0, 0.0, 0.0, 0.0, 0.0, 0.0, 0.0, 0.0, 0.0, 0.0, 0.0], [0.0, 0.0, 0.0, 0.0, 0.0, 0.0, 0.0, 0.0, 0.0, 0.0, 0.0, 0.0, 0.0, 0.0, 0.0, 0.0, 0.0, 0.0, 0.0, 0.0, 0.0, 0.0, 0.0, 0.0, 0.0, 0.0, 0.0, 0.0], [0.0, 0.0, 0.0, 0.0, 0.0, 0.0, 0.0, 0.0, 0.0, 0.0, 0.0, 0.0, 0.0, 0.0, 0.0, 0.0, 0.0, 0.0, 0.0, 0.0, 0.0, 0.0, 0.0, 0.0, 0.0, 0.0, 0.0, 0.0], [0.0, 0.0, 0.0, 0.0, 0.0, 0.0, 0.0, 0.0, 0.0, 0.0, 0.0, 0.0, 0.0, 0.0, 0.0, 0.0, 0.0, 0.0, 0.0, 0.0, 0.0, 0.0, 0.0, 0.0, 0.0, 0.0, 0.0, 0.0]], [[0.0, 0.0, 0.0, 0.0, 0.0, 0.0, 0.0, 0.0, 0.0, 0.0, 0.0, 0.0, 0.0, 0.0, 0.0, 0.0, 0.0, 0.0, 0.0, 0.0, 0.0, 0.0, 0.0, 0.0, 0.0, 0.0, 0.0, 0.0], [0.0, 0.0, 0.0, 0.0, 0.0, 0.0, 0.0, 0.0, 0.0, 0.0, 0.0, 0.0, 0.0, 0.0, 0.0, 0.0, 0.0, 0.0, 0.0, 0.0, 0.0, 0.0, 0.0, 0.0, 0.0, 0.0, 0.0, 0.0], [0.0, 0.0, 0.0, 0.0, 0.0, 0.0, 0.0, 0.0, 0.0, 0.0, 0.0, 0.0, 0.0, 0.0, 0.0, 0.0, 0.0, 0.0, 0.0, 0.0, 0.0, 0.0, 0.0, 0.0, 0.0, 0.0, 0.0, 0.0], [0.0, 0.0, 0.0, 0.0, 0.0, 0.0, 0.0, 0.0, 0.0, 0.0, 0.0, 0.0, 0.0, 0.0, 0.0, 0.0, 0.0, 0.0, 0.0, 0.0, 0.0, 0.0, 0.0, 0.0, 0.0, 0.0, 0.0, 0.0], [0.0, 0.0, 0.0, 0.0, 0.0, 0.0, 0.0, 0.0, 0.0, 0.0, 0.0, 0.0, 0.0, 0.0, 0.0, 0.0, 0.0, 0.0, 0.0, 0.0, 0.0, 0.0, 0.0, 0.0, 0.0, 0.0, 0.0, 0.0], [0.0, 0.0, 0.0, 0.0, 0.0, 0.0, 0.0, 0.0, 0.0, 0.0, 0.0, 0.0, 0.0, 0.0, 0.0, 0.0, 0.0, 0.0, 0.0, 0.0, 0.0, 0.0, 0.0, 0.0, 0.0, 0.0, 0.0, 0.0]], [[0.0, 0.0, 0.0, 0.0, 0.0, 0.0, 0.0, 0.0, 0.0, 0.0, 0.0, 0.0, 0.0, 0.0, 0.0, 0.0, 0.0, 0.0, 0.0, 0.0, 0.0, 0.0, 0.0, 0.0, 0.0, 0.0, 0.0, 0.0], [0.0, 0.0, 0.0, 0.0, 0.0, 0.0, 0.0, 0.0, 0.0, 0.0, 0.0, 0.0, 0.0, 0.0, 0.0, 0.0, 0.0, 0.0, 0.0, 0.0, 0.0, 0.0, 0.0, 0.0, 0.0, 0.0, 0.0, 0.0], [0.0, 0.0, 0.0, 0.0, 0.0, 0.0, 0.0, 0.0, 0.0, 0.0, 0.0, 0.0, 0.0, 0.0, 0.0, 0.0, 0.0, 0.0, 0.0, 0.0, 0.0, 0.0, 0.0, 0.0, 0.0, 0.0, 0.0, 0.0], [0.0, 0.0, 0.0, 0.0, 0.0, 0.0, 0.0, 0.0, 0.0, 0.0, 0.0, 0.0, 0.0, 0.0, 0.0, 0.0, 0.0, 0.0, 0.0, 0.0, 0.0, 0.0, 0.0, 0.0, 0.0, 0.0, 0.0, 0.0], [0.0, 0.0, 0.0, 0.0, 0.0, 0.0, 0.0, 0.0, 0.0, 0.0, 0.0, 0.0, 0.0, 0.0, 0.0, 0.0, 0.0, 0.0, 0.0, 0.0, 0.0, 0.0, 0.0, 0.0, 0.0, 0.0, 0.0, 0.0], [0.0, 0.0, 0.0, 0.0, 0.0, 0.0, 0.0, 0.0, 0.0, 0.0, 0.0, 0.0, 0.0, 0.0, 0.0, 0.0, 0.0, 0.0, 0.0, 0.0, 0.0, 0.0, 0.0, 0.0, 0.0, 0.0, 0.0, 0.0]], [[0.0, 0.0, 0.0, 0.0, 0.0, 0.0, 0.0, 0.0, 0.0, 0.0, 0.0, 0.0, 0.0, 0.0, 0.0, 0.0, 0.0, 0.0, 0.0, 0.0, 0.0, 0.0, 0.0, 0.0, 0.0, 0.0, 0.0, 0.0], [0.0, 0.0, 0.0, 0.0, 0.0, 0.0, 0.0, 0.0, 0.0, 0.0, 0.0, 0.0, 0.0, 0.0, 0.0, 0.0, 0.0, 0.0, 0.0, 0.0, 0.0, 0.0, 0.0, 0.0, 0.0, 0.0, 0.0, 0.0], [0.0, 0.0, 0.0, 0.0, 0.0, 0.0, 0.0, 0.0, 0.0, 0.0, 0.0, 0.0, 0.0, 0.0, 0.0, 0.0, 0.0, 0.0, 0.0, 0.0, 0.0, 0.0, 0.0, 0.0, 0.0, 0.0, 0.0, 0.0], [0.0, 0.0, 0.0, 0.0, 0.0, 0.0, 0.0, 0.0, 0.0, 0.0, 0.0, 0.0, 0.0, 0.0, 0.0, 0.0, 0.0, 0.0, 0.0, 0.0, 0.0, 0.0, 0.0, 0.0, 0.0, 0.0, 0.0, 0.0], [0.0, 0.0, 0.0, 0.0, 0.0, 0.0, 0.0, 0.0, 0.0, 0.0, 0.0, 0.0, 0.0, 0.0, 0.0, 0.0, 0.0, 0.0, 0.0, 0.0, 0.0, 0.0, 0.0, 0.0, 0.0, 0.0, 0.0, 0.0], [0.0, 0.0, 0.0, 0.0, 0.0, 0.0, 0.0, 0.0, 0.0, 0.0, 0.0, 0.0, 0.0, 0.0, 0.0, 0.0, 0.0, 0.0, 0.0, 0.0, 0.0, 0.0, 0.0, 0.0, 0.0, 0.0, 0.0, 0.0]], [[0.0, 0.0, 0.0, 0.0, 0.0, 0.0, 0.0, 0.0, 0.0, 0.0, 0.0, 0.0, 0.0, 0.0, 0.0, 0.0, 0.0, 0.0, 0.0, 0.0, 0.0, 0.0, 0.0, 0.0, 0.0, 0.0, 0.0, 0.0], [0.0, 0.0, 0.0, 0.0, 0.0, 0.0, 0.0, 0.0, 0.0, 0.0, 0.0, 0.0, 0.0, 0.0, 0.0, 0.0, 0.0, 0.0, 0.0, 0.0, 0.0, 0.0, 0.0, 0.0, 0.0, 0.0, 0.0, 0.0], [0.0, 0.0, 0.0, 0.0, 0.0, 0.0, 0.0, 0.0, 0.0, 0.0, 0.0, 0.0, 0.0, 0.0, 0.0, 0.0, 0.0, 0.0, 0.0, 0.0, 0.0, 0.0, 0.0, 0.0, 0.0, 0.0, 0.0, 0.0], [0.0, 0.0, 0.0, 0.0, 0.0, 0.0, 0.0, 0.0, 0.0, 0.0, 0.0, 0.0, 0.0, 0.0, 0.0, 0.0, 0.0, 0.0, 0.0, 0.0, 0.0, 0.0, 0.0, 0.0, 0.0, 0.0, 0.0, 0.0], [0.0, 0.0, 0.0, 0.0, 0.0, 0.0, 0.0, 0.0, 0.0, 0.0, 0.0, 0.0, 0.0, 0.0, 0.0, 0.0, 0.0, 0.0, 0.0, 0.0, 0.0, 0.0, 0.0, 0.0, 0.0, 0.0, 0.0, 0.0], [0.0, 0.0, 0.0, 0.0, 0.0, 0.0, 0.0, 0.0, 0.0, 0.0, 0.0, 0.0, 0.0, 0.0, 0.0, 0.0, 0.0, 0.0, 0.0, 0.0, 0.0, 0.0, 0.0, 0.0, 0.0, 0.0, 0.0, 0.0]], [[0.0, 0.0, 0.0, 0.0, 0.0, 0.0, 0.0, 0.0, 0.0, 0.0, 0.0, 0.0, 0.0, 0.0, 0.0, 0.0, 0.0, 0.0, 0.0, 0.0, 0.0, 0.0, 0.0, 0.0, 0.0, 0.0, 0.0, 0.0], [0.0, 0.0, 0.0, 0.0, 0.0, 0.0, 0.0, 0.0, 0.0, 0.0, 0.0, 0.0, 0.0, 0.0, 0.0, 0.0, 0.0, 0.0, 0.0, 0.0, 0.0, 0.0, 0.0, 0.0, 0.0, 0.0, 0.0, 0.0], [0.0, 0.0, 0.0, 0.0, 0.0, 0.0, 0.0, 0.0, 0.0, 0.0, 0.0, 0.0, 0.0, 0.0, 0.0, 0.0, 0.0, 0.0, 0.0, 0.0, 0.0, 0.0, 0.0, 0.0, 0.0, 0.0, 0.0, 0.0], [0.0, 0.0, 0.0, 0.0, 0.0, 0.0, 0.0, 0.0, 0.0, 0.0, 0.0, 0.0, 0.0, 0.0, 0.0, 0.0, 0.0, 0.0, 0.0, 0.0, 0.0, 0.0, 0.0, 0.0, 0.0, 0.0, 0.0, 0.0], [0.0, 0.0, 0.0, 0.0, 0.0, 0.0, 0.0, 0.0, 0.0, 0.0, 0.0, 0.0, 0.0, 0.0, 0.0, 0.0, 0.0, 0.0, 0.0, 0.0, 0.0, 0.0, 0.0, 0.0, 0.0, 0.0, 0.0, 0.0], [0.0, 0.0, 0.0, 0.0, 0.0, 0.0, 0.0, 0.0, 0.0, 0.0, 0.0, 0.0, 0.0, 0.0, 0.0, 0.0, 0.0, 0.0, 0.0, 0.0, 0.0, 0.0, 0.0, 0.0, 0.0, 0.0, 0.0, 0.0]], [[0.0, 0.0, 0.0, 0.0, 0.0, 0.0, 0.0, 0.0, 0.0, 0.0, 0.0, 0.0, 0.0, 0.0, 0.0, 0.0, 0.0, 0.0, 0.0, 0.0, 0.0, 0.0, 0.0, 0.0, 0.0, 0.0, 0.0, 0.0], [0.0, 0.0, 0.0, 0.0, 0.0, 0.0, 0.0, 0.0, 0.0, 0.0, 0.0, 0.0, 0.0, 0.0, 0.0, 0.0, 0.0, 0.0, 0.0, 0.0, 0.0, 0.0, 0.0, 0.0, 0.0, 0.0, 0.0, 0.0], [0.0, 0.0, 0.0, 0.0, 0.0, 0.0, 0.0, 0.0, 0.0, 0.0, 0.0, 0.0, 0.0, 0.0, 0.0, 0.0, 0.0, 0.0, 0.0, 0.0, 0.0, 0.0, 0.0, 0.0, 0.0, 0.0, 0.0, 0.0], [0.0, 0.0, 0.0, 0.0, 0.0, 0.0, 0.0, 0.0, 0.0, 0.0, 0.0, 0.0, 0.0, 0.0, 0.0, 0.0, 0.0, 0.0, 0.0, 0.0, 0.0, 0.0, 0.0, 0.0, 0.0, 0.0, 0.0, 0.0], [0.0, 0.0, 0.0, 0.0, 0.0, 0.0, 0.0, 0.0, 0.0, 0.0, 0.0, 0.0, 0.0, 0.0, 0.0, 0.0, 0.0, 0.0, 0.0, 0.0, 0.0, 0.0, 0.0, 0.0, 0.0, 0.0, 0.0, 0.0], [0.0, 0.0, 0.0, 0.0, 0.0, 0.0, 0.0, 0.0, 0.0, 0.0, 0.0, 0.0, 0.0, 0.0, 0.0, 0.0, 0.0, 0.0, 0.0, 0.0, 0.0, 0.0, 0.0, 0.0, 0.0, 0.0, 0.0, 0.0]], [[0.0, 0.0, 0.0, 0.0, 0.0, 0.0, 0.0, 0.0, 0.0, 0.0, 0.0, 0.0, 0.0, 0.0, 0.0, 0.0, 0.0, 0.0, 0.0, 0.0, 0.0, 0.0, 0.0, 0.0, 0.0, 0.0, 0.0, 0.0], [0.0, 0.0, 0.0, 0.0, 0.0, 0.0, 0.0, 0.0, 0.0, 0.0, 0.0, 0.0, 0.0, 0.0, 0.0, 0.0, 0.0, 0.0, 0.0, 0.0, 0.0, 0.0, 0.0, 0.0, 0.0, 0.0, 0.0, 0.0], [0.0, 0.0, 0.0, 0.0, 0.0, 0.0, 0.0, 0.0, 0.0, 0.0, 0.0, 0.0, 0.0, 0.0, 0.0, 0.0, 0.0, 0.0, 0.0, 0.0, 0.0, 0.0, 0.0, 0.0, 0.0, 0.0, 0.0, 0.0], [0.0, 0.0, 0.0, 0.0, 0.0, 0.0, 0.0, 0.0, 0.0, 0.0, 0.0, 0.0, 0.0, 0.0, 0.0, 0.0, 0.0, 0.0, 0.0, 0.0, 0.0, 0.0, 0.0, 0.0, 0.0, 0.0, 0.0, 0.0], [0.0, 0.0, 0.0, 0.0, 0.0, 0.0, 0.0, 0.0, 0.0, 0.0, 0.0, 0.0, 0.0, 0.0, 0.0, 0.0, 0.0, 0.0, 0.0, 0.0, 0.0, 0.0, 0.0, 0.0, 0.0, 0.0, 0.0, 0.0], [0.0, 0.0, 0.0, 0.0, 0.0, 0.0, 0.0, 0.0, 0.0, 0.0, 0.0, 0.0, 0.0, 0.0, 0.0, 0.0, 0.0, 0.0, 0.0, 0.0, 0.0, 0.0, 0.0, 0.0, 0.0, 0.0, 0.0, 0.0]], [[0.0, 0.0, 0.0, 0.0, 0.0, 0.0, 0.0, 0.0, 0.0, 0.0, 0.0, 0.0, 0.0, 0.0, 0.0, 0.0, 0.0, 0.0, 0.0, 0.0, 0.0, 0.0, 0.0, 0.0, 0.0, 0.0, 0.0, 0.0], [0.0, 0.0, 0.0, 0.0, 0.0, 0.0, 0.0, 0.0, 0.0, 0.0, 0.0, 0.0, 0.0, 0.0, 0.0, 0.0, 0.0, 0.0, 0.0, 0.0, 0.0, 0.0, 0.0, 0.0, 0.0, 0.0, 0.0, 0.0], [0.0, 0.0, 0.0, 0.0, 0.0, 0.0, 0.0, 0.0, 0.0, 0.0, 0.0, 0.0, 0.0, 0.0, 0.0, 0.0, 0.0, 0.0, 0.0, 0.0, 0.0, 0.0, 0.0, 0.0, 0.0, 0.0, 0.0, 0.0], [0.0, 0.0, 0.0, 0.0, 0.0, 0.0, 0.0, 0.0, 0.0, 0.0, 0.0, 0.0, 0.0, 0.0, 0.0, 0.0, 0.0, 0.0, 0.0, 0.0, 0.0, 0.0, 0.0, 0.0, 0.0, 0.0, 0.0, 0.0], [0.0, 0.0, 0.0, 0.0, 0.0, 0.0, 0.0, 0.0, 0.0, 0.0, 0.0, 0.0, 0.0, 0.0, 0.0, 0.0, 0.0, 0.0, 0.0, 0.0, 0.0, 0.0, 0.0, 0.0, 0.0, 0.0, 0.0, 0.0], [0.0, 0.0, 0.0, 0.0, 0.0, 0.0, 0.0, 0.0, 0.0, 0.0, 0.0, 0.0, 0.0, 0.0, 0.0, 0.0, 0.0, 0.0, 0.0, 0.0, 0.0, 0.0, 0.0, 0.0, 0.0, 0.0, 0.0, 0.0]], [[0.0, 0.0, 0.0, 0.0, 0.0, 0.0, 0.0, 0.0, 0.0, 0.0, 0.0, 0.0, 0.0, 0.0, 0.0, 0.0, 0.0, 0.0, 0.0, 0.0, 0.0, 0.0, 0.0, 0.0, 0.0, 0.0, 0.0, 0.0], [0.0, 0.0, 0.0, 0.0, 0.0, 0.0, 0.0, 0.0, 0.0, 0.0, 0.0, 0.0, 0.0, 0.0, 0.0, 0.0, 0.0, 0.0, 0.0, 0.0, 0.0, 0.0, 0.0, 0.0, 0.0, 0.0, 0.0, 0.0], [0.0, 0.0, 0.0, 0.0, 0.0, 0.0, 0.0, 0.0, 0.0, 0.0, 0.0, 0.0, 0.0, 0.0, 0.0, 0.0, 0.0, 0.0, 0.0, 0.0, 0.0, 0.0, 0.0, 0.0, 0.0, 0.0, 0.0, 0.0], [0.0, 0.0, 0.0, 0.0, 0.0, 0.0, 0.0, 0.0, 0.0, 0.0, 0.0, 0.0, 0.0, 0.0, 0.0, 0.0, 0.0, 0.0, 0.0, 0.0, 0.0, 0.0, 0.0, 0.0, 0.0, 0.0, 0.0, 0.0], [0.0, 0.0, 0.0, 0.0, 0.0, 0.0, 0.0, 0.0, 0.0, 0.0, 0.0, 0.0, 0.0, 0.0, 0.0, 0.0, 0.0, 0.0, 0.0, 0.0, 0.0, 0.0, 0.0, 0.0, 0.0, 0.0, 0.0, 0.0], [0.0, 0.0, 0.0, 0.0, 0.0, 0.0, 0.0, 0.0, 0.0, 0.0, 0.0, 0.0, 0.0, 0.0, 0.0, 0.0, 0.0, 0.0, 0.0, 0.0, 0.0, 0.0, 0.0, 0.0, 0.0, 0.0, 0.0, 0.0]]];
t = [[99999999.0, 5.062249619306583, 5.203688961985785, 10.846157726133073, 10.052432200818398, 6.959585264076717, 14.299436124689569, 5.751860141550229, 12.200296574994994, 13.531077478002976, 10.10808828520754, 12.06156402305072, 10.207729570614067, 11.402455860775618, 6.147864287792009, 6.04855761111604, 8.484835874255285, 14.514274302515076, 12.800995936426691, 5.9781570787065865, 6.06352596507554, 9.517260865180056, 12.264616130350056, 14.474809746605496, 13.954476682575962, 7.616985398147661, 6.266439911052025, 12.189731615151835, 9.161105163923958, 8.918206060470455], [5.062249619306583, 99999999.0, 13.359505544122419, 11.33278597137299, 8.14627207544154, 5.361088447129979, 13.478902150410475, 6.9390068239192, 12.202643432323045, 9.602186590185866, 10.317740751478294, 5.287234931558341, 10.836540966400499, 7.900709260580445, 10.172654285548694, 9.865197245174917, 9.787302471067566, 12.399339464365173, 9.663160854226003, 10.587623099976657, 13.510529225697109, 6.119058919670963, 7.574901250238389, 11.186462684726525, 5.904620584331148, 8.565614096254492, 11.285732715585937, 14.840559461341737, 8.145932522681393, 5.897196761544934], [5.203688961985785, 13.359505544122419, 99999999.0, 6.806865374333543, 11.51419842089311, 7.050933666581506, 14.344037399529228, 9.48449111626775, 11.308158102165294, 11.3205946780698, 7.436720879280754, 11.672325538532814, 10.598527122932841, 6.407993228520641, 11.755302757869746, 6.4542809708375, 6.508335364864068, 6.674445059126668, 14.320469059226046, 13.954099998061416, 12.030780194189752, 9.843383823837799, 7.092198853823984, 5.049240193620305, 14.782398324780422, 12.430114744216684, 8.702013138523432, 7.428823871334833, 7.6731117073158375, 8.100803183870266], [10.846157726133073, 11.33278597137299, 6.806865374333543, 99999999.0, 5.353112775383167, 8.055362203017516, 9.292412541474533, 13.519575123296937, 11.779048686805384, 13.863876165738443, 12.993151182987823, 5.893222610268621, 10.992676447551833, 8.162928458805979, 14.275951831300153, 14.645210894861297, 6.327421507767279, 11.079057522601708, 14.350700470674521, 10.774161647386205, 8.656010611396034, 13.932350260957865, 8.457671421648712, 12.714038653108567, 10.061384641173225, 9.54796953953463, 10.593465245983435, 8.788880482573273, 10.71106647236175, 7.286513977474495], [10.052432200818398, 8.14627207544154, 11.51419842089311, 5.353112775383167, 99999999.0, 10.254489558236688, 6.077649108169167, 8.875037405037375, 8.15448591162844, 8.279190728009583, 12.472015031470828, 13.375214921259264, 5.812233244191619, 14.295521389326732, 6.716747693965651, 12.394377681708267, 5.068878333626933, 9.603449112305416, 14.79291549472946, 12.302694369280783, 13.394155106161683, 14.26316330383484, 8.914620436776854, 14.012326627918934, 5.563350416938607, 13.802057580289498, 5.2704414089409015, 9.789743496082783, 12.181056415862638, 7.122406164251514], [6.959585264076717, 5.361088447129979, 7.050933666581506, 8.055362203017516, 10.254489558236688, 99999999.0, 10.903560597126667, 12.29847676567929, 11.098482884544246, 6.0059219982582395, 8.394822197897787, 9.603985555026053, 9.421812482287542, 12.004780219716373, 8.043746936283734, 12.352891294396757, 13.560914219707094, 5.493363605134808, 8.090890950924734, 7.388090632933323, 7.923490591209382, 6.458839284983856, 14.891747867165307, 11.257618393748865, 7.273905603671472, 9.642018776452435, 8.654482337504064, 5.25073931824259, 12.838093492092128, 12.076831339197884], [14.299436124689569, 13.478902150410475, 14.344037399529228, 9.292412541474533, 6.077649108169167, 10.903560597126667, 99999999.0, 10.640092095832543, 7.264789009847982, 7.017863311026522, 9.880679395895886, 5.29971860161864, 9.518993650411716, 12.70318675237179, 6.466242058389734, 14.96747789329355, 14.572676987150992, 13.993183421890702, 7.894704440830087, 12.339634974727996, 13.780921511147561, 13.955631783483987, 13.873350888304856, 10.332027058634438, 10.738911778390147, 8.38400579987809, 6.96162465170743, 14.710286965760965, 13.063707876655144, 9.10598242381317], [5.751860141550229, 6.9390068239192, 9.48449111626775, 13.519575123296937, 8.875037405037375, 12.29847676567929, 10.640092095832543, 99999999.0, 8.970176751348882, 6.045289875025417, 11.045828212306283, 8.27196997649229, 7.4377172615669505, 11.198367655912032, 10.335132671862421, 13.286523530764402, 9.550555960961825, 13.467923411083255, 11.840749056983977, 9.031655877233252, 6.711813296800369, 7.004651402119427, 10.153414944039977, 9.87257407164887, 7.207209822670542, 8.916101370825956, 8.285274456515053, 10.129307485528157, 6.720146013107372, 11.091340482983759], [12.200296574994994, 12.202643432323045, 11.308158102165294, 11.779048686805384, 8.15448591162844, 11.098482884544246, 7.264789009847982, 8.970176751348882, 99999999.0, 14.70157981952575, 12.915338531759138, 8.805204997791947, 5.5134640180911445, 6.750529628616571, 6.6486662072361895, 14.880568026182303, 14.038456597105146, 5.628672381297422, 14.081092425597783, 14.155269333255898, 12.291161240838353, 9.978597101961611, 12.356458683947203, 8.940028984425169, 5.625756876145369, 6.051782312364704, 7.404285417442452, 12.478459113654054, 11.515440098447272, 7.994332785933084], [13.531077478002976, 9.602186590185866, 11.3205946780698, 13.863876165738443, 8.279190728009583, 6.0059219982582395, 7.017863311026522, 6.045289875025417, 14.70157981952575, 99999999.0, 5.856771241373293, 6.4133305876590825, 12.90497436786067, 10.62603836533127, 8.398973636233427, 12.32910402602334, 7.081747235373063, 5.545978698110929, 11.473329766597145, 11.183398956664487, 5.170392520862927, 11.232642547663653, 13.59600950914572, 9.969328041654553, 9.78433180607926, 7.847943941539112, 9.983042210862362, 7.876957256783537, 11.078349198890358, 14.184248933985055], [10.10808828520754, 10.317740751478294, 7.436720879280754, 12.993151182987823, 12.472015031470828, 8.394822197897787, 9.880679395895886, 11.045828212306283, 12.915338531759138, 5.856771241373293, 99999999.0, 9.337078101702515, 7.662801366414845, 12.255779877776977, 12.712173996384813, 10.399188570004092, 9.022313903343713, 12.968137050064962, 10.737606743699946, 10.612325539195034, 8.408102566954845, 10.952630215791448, 12.470248539157083, 11.748219242894079, 11.72946093236876, 14.411799132136379, 7.881737991506508, 10.74629849984218, 14.547089298693724, 12.13129815889804], [12.06156402305072, 5.287234931558341, 11.672325538532814, 5.893222610268621, 13.375214921259264, 9.603985555026053, 5.29971860161864, 8.27196997649229, 8.805204997791947, 6.4133305876590825, 9.337078101702515, 99999999.0, 13.704265665363875, 13.493337486229748, 14.466683400208172, 6.987821780625422, 12.00749623592126, 6.636073829484797, 14.88244585324371, 7.074762705539421, 7.290620066052373, 6.15846996371395, 5.419461579552037, 10.259737685383373, 14.617642581596936, 11.954974096587627, 12.527811342868514, 12.43731535979688, 6.610656860690013, 12.841055659480118], [10.207729570614067, 10.836540966400499, 10.598527122932841, 10.992676447551833, 5.812233244191619, 9.421812482287542, 9.518993650411716, 7.4377172615669505, 5.5134640180911445, 12.90497436786067, 7.662801366414845, 13.704265665363875, 99999999.0, 11.713264958587676, 13.226014470042879, 14.34800360392345, 9.983189488424133, 5.447326976508254, 13.432071690314652, 10.697793101446429, 6.0808605326753735, 8.555546750880504, 12.843829265408685, 6.607355444897049, 5.318291595892531, 7.856027978905333, 5.455874131944447, 9.47931311961966, 11.935136159403779, 5.633004535569514], [11.402455860775618, 7.900709260580445, 6.407993228520641, 8.162928458805979, 14.295521389326732, 12.004780219716373, 12.70318675237179, 11.198367655912032, 6.750529628616571, 10.62603836533127, 12.255779877776977, 13.493337486229748, 11.713264958587676, 99999999.0, 7.115662714441164, 12.920326302787688, 9.84845393284575, 6.921116806043597, 13.955848732913914, 12.087957320148348, 7.104043932181292, 12.066539496747398, 6.986495212572558, 13.050677165033132, 11.795817676704512, 7.839731539632766, 6.369353079299874, 14.895334476411012, 13.374359121175734, 7.8442254305904076], [6.147864287792009, 10.172654285548694, 11.755302757869746, 14.275951831300153, 6.716747693965651, 8.043746936283734, 6.466242058389734, 10.335132671862421, 6.6486662072361895, 8.398973636233427, 12.712173996384813, 14.466683400208172, 13.226014470042879, 7.115662714441164, 99999999.0, 6.9192855405099305, 5.0724718279355, 6.074080649746568, 8.74152117612513, 8.552234075279815, 5.257452076732211, 14.890821698454731, 13.113882866539859, 13.07992971265226, 5.111553628540586, 7.8552470863034305, 12.96719868763485, 7.603184591388689, 6.934306112917347, 10.426872520848066], [6.04855761111604, 9.865197245174917, 6.4542809708375, 14.645210894861297, 12.394377681708267, 12.352891294396757, 14.96747789329355, 13.286523530764402, 14.880568026182303, 12.32910402602334, 10.399188570004092, 6.987821780625422, 14.34800360392345, 12.920326302787688, 6.9192855405099305, 99999999.0, 8.02349293759181, 12.540411885500955, 7.425960346182244, 10.967668614084873, 7.6220195448121935, 8.266058387322602, 12.8115321282014, 9.6827818554638, 7.920230839982077, 5.380366097245294, 5.078756842899649, 14.960166153567695, 12.946676901004071, 5.258672693721169], [8.484835874255285, 9.787302471067566, 6.508335364864068, 6.327421507767279, 5.068878333626933, 13.560914219707094, 14.572676987150992, 9.550555960961825, 14.038456597105146, 7.081747235373063, 9.022313903343713, 12.00749623592126, 9.983189488424133, 9.84845393284575, 5.0724718279355, 8.02349293759181, 99999999.0, 6.4445234653306995, 14.788797341824177, 10.128718671908402, 11.822106220081091, 6.797442959595758, 7.191640168557654, 12.74724213729211, 13.195016612366695, 9.088864701064308, 9.213765304936498, 7.638146379179281, 5.821542217693741, 9.200032870297342], [14.514274302515076, 12.399339464365173, 6.674445059126668, 11.079057522601708, 9.603449112305416, 5.493363605134808, 13.993183421890702, 13.467923411083255, 5.628672381297422, 5.545978698110929, 12.968137050064962, 6.636073829484797, 5.447326976508254, 6.921116806043597, 6.074080649746568, 12.540411885500955, 6.4445234653306995, 99999999.0, 13.625530262780702, 9.73722877217488, 14.243616258037124, 7.959955336020132, 6.621824408520963, 9.674980245366491, 5.779721715671949, 11.335713228468283, 11.532853174806803, 13.90754123257535, 11.258624565797184, 9.873792250930908], [12.800995936426691, 9.663160854226003, 14.320469059226046, 14.350700470674521, 14.79291549472946, 8.090890950924734, 7.894704440830087, 11.840749056983977, 14.081092425597783, 11.473329766597145, 10.737606743699946, 14.88244585324371, 13.432071690314652, 13.955848732913914, 8.74152117612513, 7.425960346182244, 14.788797341824177, 13.625530262780702, 99999999.0, 10.842613271689707, 14.340677079403486, 13.558101558046774, 10.63280213434073, 14.737631180619932, 11.84201522260563, 13.937608387773402, 8.637288195672959, 8.908260029048837, 13.144379547391026, 10.018943610179143], [5.9781570787065865, 10.587623099976657, 13.954099998061416, 10.774161647386205, 12.302694369280783, 7.388090632933323, 12.339634974727996, 9.031655877233252, 14.155269333255898, 11.183398956664487, 10.612325539195034, 7.074762705539421, 10.697793101446429, 12.087957320148348, 8.552234075279815, 10.967668614084873, 10.128718671908402, 9.73722877217488, 10.842613271689707, 99999999.0, 7.9045603453173685, 5.265191611334564, 14.603861775509198, 9.04035285803155, 13.53404987236588, 7.501384235350704, 10.168430613403439, 8.532740609571706, 13.884037625165234, 13.044576571185694], [6.06352596507554, 13.510529225697109, 12.030780194189752, 8.656010611396034, 13.394155106161683, 7.923490591209382, 13.780921511147561, 6.711813296800369, 12.291161240838353, 5.170392520862927, 8.408102566954845, 7.290620066052373, 6.0808605326753735, 7.104043932181292, 5.257452076732211, 7.6220195448121935, 11.822106220081091, 14.243616258037124, 14.340677079403486, 7.9045603453173685, 99999999.0, 11.752304191470522, 14.65280163159688, 9.014654423208848, 10.645409030615966, 11.681794968854755, 5.518011369560956, 8.848173511907142, 6.9150905443880974, 5.674189943115403], [9.517260865180056, 6.119058919670963, 9.843383823837799, 13.932350260957865, 14.26316330383484, 6.458839284983856, 13.955631783483987, 7.004651402119427, 9.978597101961611, 11.232642547663653, 10.952630215791448, 6.15846996371395, 8.555546750880504, 12.066539496747398, 14.890821698454731, 8.266058387322602, 6.797442959595758, 7.959955336020132, 13.558101558046774, 5.265191611334564, 11.752304191470522, 99999999.0, 7.606479162654621, 10.268721683142946, 9.834895743710943, 7.478533508406238, 12.588342961230143, 8.137179114305912, 10.003066120165592, 9.99703839514066], [12.264616130350056, 7.574901250238389, 7.092198853823984, 8.457671421648712, 8.914620436776854, 14.891747867165307, 13.873350888304856, 10.153414944039977, 12.356458683947203, 13.59600950914572, 12.470248539157083, 5.419461579552037, 12.843829265408685, 6.986495212572558, 13.113882866539859, 12.8115321282014, 7.191640168557654, 6.621824408520963, 10.63280213434073, 14.603861775509198, 14.65280163159688, 7.606479162654621, 99999999.0, 6.945328642077559, 8.84461816995946, 5.0316866393198385, 10.903462043849315, 11.247144377877728, 10.904813843972622, 6.8970712396108915], [14.474809746605496, 11.186462684726525, 5.049240193620305, 12.714038653108567, 14.012326627918934, 11.257618393748865, 10.332027058634438, 9.87257407164887, 8.940028984425169, 9.969328041654553, 11.748219242894079, 10.259737685383373, 6.607355444897049, 13.050677165033132, 13.07992971265226, 9.6827818554638, 12.74724213729211, 9.674980245366491, 14.737631180619932, 9.04035285803155, 9.014654423208848, 10.268721683142946, 6.945328642077559, 99999999.0, 7.333239642600379, 13.994714386059348, 11.884580159178807, 13.320009928977841, 7.907419255232904, 6.230871312501111], [13.954476682575962, 5.904620584331148, 14.782398324780422, 10.061384641173225, 5.563350416938607, 7.273905603671472, 10.738911778390147, 7.207209822670542, 5.625756876145369, 9.78433180607926, 11.72946093236876, 14.617642581596936, 5.318291595892531, 11.795817676704512, 5.111553628540586, 7.920230839982077, 13.195016612366695, 5.779721715671949, 11.84201522260563, 13.53404987236588, 10.645409030615966, 9.834895743710943, 8.84461816995946, 7.333239642600379, 99999999.0, 12.335871408185781, 8.247066509643295, 5.211018193564315, 14.991405868956013, 7.362304264333353], [7.616985398147661, 8.565614096254492, 12.430114744216684, 9.54796953953463, 13.802057580289498, 9.642018776452435, 8.38400579987809, 8.916101370825956, 6.051782312364704, 7.847943941539112, 14.411799132136379, 11.954974096587627, 7.856027978905333, 7.839731539632766, 7.8552470863034305, 5.380366097245294, 9.088864701064308, 11.335713228468283, 13.937608387773402, 7.501384235350704, 11.681794968854755, 7.478533508406238, 5.0316866393198385, 13.994714386059348, 12.335871408185781, 99999999.0, 11.677082582341011, 12.74534944068509, 7.58143281496832, 14.77781941941243], [6.266439911052025, 11.285732715585937, 8.702013138523432, 10.593465245983435, 5.2704414089409015, 8.654482337504064, 6.96162465170743, 8.285274456515053, 7.404285417442452, 9.983042210862362, 7.881737991506508, 12.527811342868514, 5.455874131944447, 6.369353079299874, 12.96719868763485, 5.078756842899649, 9.213765304936498, 11.532853174806803, 8.637288195672959, 10.168430613403439, 5.518011369560956, 12.588342961230143, 10.903462043849315, 11.884580159178807, 8.247066509643295, 11.677082582341011, 99999999.0, 5.506571297160114, 8.733659483266278, 13.660575669446214], [12.189731615151835, 14.840559461341737, 7.428823871334833, 8.788880482573273, 9.789743496082783, 5.25073931824259, 14.710286965760965, 10.129307485528157, 12.478459113654054, 7.876957256783537, 10.74629849984218, 12.43731535979688, 9.47931311961966, 14.895334476411012, 7.603184591388689, 14.960166153567695, 7.638146379179281, 13.90754123257535, 8.908260029048837, 8.532740609571706, 8.848173511907142, 8.137179114305912, 11.247144377877728, 13.320009928977841, 5.211018193564315, 12.74534944068509, 5.506571297160114, 99999999.0, 10.189597133539813, 6.6528550467271685], [9.161105163923958, 8.145932522681393, 7.6731117073158375, 10.71106647236175, 12.181056415862638, 12.838093492092128, 13.063707876655144, 6.720146013107372, 11.515440098447272, 11.078349198890358, 14.547089298693724, 6.610656860690013, 11.935136159403779, 13.374359121175734, 6.934306112917347, 12.946676901004071, 5.821542217693741, 11.258624565797184, 13.144379547391026, 13.884037625165234, 6.9150905443880974, 10.003066120165592, 10.904813843972622, 7.907419255232904, 14.991405868956013, 7.58143281496832, 8.733659483266278, 10.189597133539813, 99999999.0, 8.054678708495658], [8.918206060470455, 5.897196761544934, 8.100803183870266, 7.286513977474495, 7.122406164251514, 12.076831339197884, 9.10598242381317, 11.091340482983759, 7.994332785933084, 14.184248933985055, 12.13129815889804, 12.841055659480118, 5.633004535569514, 7.8442254305904076, 10.426872520848066, 5.258672693721169, 9.200032870297342, 9.873792250930908, 10.018943610179143, 13.044576571185694, 5.674189943115403, 9.99703839514066, 6.8970712396108915, 6.230871312501111, 7.362304264333353, 14.77781941941243, 13.660575669446214, 6.6528550467271685, 8.054678708495658, 99999999.0]];
