M = 99999999.0;
numWorkers = 25;
numRoles = 6;
numNodes = 30;
wStart = [0, 18.51369882423134, 16.749568184944902, 4.03638007738417, 7.567437970176974, 43.39363057729367, 6.582190768862422, 21.545634520311953, 23.6290044289854, 9.87376757706716, 0.5396494743503393, 19.58644870536958, 45.961089934196735, 49.18205966304526, 29.584384428308876, 22.325939921811766, 19.70591274770138, 45.193459655295065, 5.199756506606742, 14.130550112979316, 44.14394398614555, 13.560713856338532, 56.931938014948855, 37.3365065204589, 46.20381877601953, 7.6804922610793716, 15.725557777420503, 1.4168795175239388, 47.95865498141468, 0];
wEnd = [0, 47.40277837850149, 53.639996446716935, 37.90584040948002, 44.28795543953581, 76.30526631303688, 36.55858582802239, 50.33057484236285, 53.94050662972839, 49.324632966316315, 31.052697094013695, 58.54999812252488, 85.04624916319017, 75.1799631584027, 61.21587882016851, 48.25769757733768, 58.66360607639206, 78.62268995680844, 44.286862872676956, 49.426760322587896, 70.96462033931351, 53.33540038903245, 89.78868093977746, 64.36487602119459, 80.3903783035957, 35.824029570500116, 44.25776377912766, 38.60576537417355, 79.08969375452274, 90];
p = [0, 13.930091812656302, 21.64310904548647, 18.540045454445195, 19.29719597028003, 11.793605842014061, 14.132054410907958, 13.475431740090352, 12.889445718217313, 25.61716834388946, 11.544852159404257, 25.10410107051241, 13.3662525878126, 12.845253335348431, 18.477849374523867, 6.991560444515221, 18.26745202219068, 9.123251477874389, 14.466603933036243, 22.013789184274653, 10.191080964108522, 16.308934205770797, 9.517507743173855, 15.748646449968305, 20.176536806904217, 18.09250872935011, 17.777330556544328, 11.038464676077043, 14.873403181106555, 0];
e = [[1, 0, 0, 0, 0, 1], [1, 0, 0, 1, 0, 0], [1, 1, 0, 0, 0, 0], [1, 0, 0, 0, 1, 0], [1, 1, 0, 0, 0, 0], [1, 0, 0, 0, 1, 0], [1, 1, 0, 0, 0, 0], [0, 1, 0, 1, 0, 0], [0, 1, 0, 0, 0, 1], [0, 1, 0, 1, 0, 0], [0, 1, 0, 1, 0, 0], [0, 1, 0, 0, 0, 0], [0, 1, 1, 0, 0, 0], [0, 1, 0, 1, 0, 0], [0, 1, 0, 0, 0, 1], [0, 1, 0, 0, 0, 1], [1, 1, 0, 0, 0, 0], [0, 1, 0, 1, 0, 0], [1, 1, 0, 0, 0, 0], [1, 1, 0, 0, 0, 0], [0, 1, 0, 0, 0, 0], [0, 1, 0, 0, 0, 0], [0, 1, 0, 0, 1, 0], [0, 1, 0, 0, 0, 1], [0, 0, 1, 0, 0, 0]];
d = [[0, 2, 0, 1, 3, 1, 0, 0, 1, 0, 0, 2, 1, 1, 0, 1, 2, 1, 3, 3, 0, 0, 1, 1, 0, 0, 0, 0], [1, 1, 0, 0, 0, 1, 1, 0, 0, 1, 1, 1, 1, 0, 0, 1, 1, 1, 0, 0, 2, 1, 0, 0, 1, 0, 1, 1], [1, 0, 0, 0, 3, 1, 2, 1, 0, 1, 0, 1, 1, 1, 2, 2, 0, 0, 2, 0, 0, 1, 0, 0, 1, 2, 1, 0], [2, 1, 0, 2, 0, 0, 0, 0, 3, 0, 2, 1, 1, 1, 4, 2, 1, 0, 1, 0, 1, 0, 2, 1, 2, 3, 1, 2], [2, 0, 1, 2, 0, 1, 0, 2, 1, 1, 2, 0, 2, 1, 1, 1, 2, 0, 1, 0, 1, 2, 0, 2, 0, 0, 2, 0], [0, 1, 3, 0, 2, 2, 0, 1, 2, 0, 3, 0, 1, 2, 1, 0, 2, 1, 1, 0, 2, 1, 1, 1, 0, 1, 2, 3]];
r = [1853.951618743755, 2987.389416368737, 2660.695381953493, 3706.177121086444, 1750.5761445067149, 1516.3372189617526, 1353.5196486011673, 1749.6598460929044, 2878.0497273710007, 2190.9084373326, 1991.9480434279822, 1535.2569900631754, 747.8883193682362, 3233.4705149561255, 433.2725383222235, 2769.4276488948926, 906.5246776021376, 1405.3563088002177, 3211.0782398136184, 1543.125992558779, 1635.3064146560644, 484.9671502617813, 2629.632601342566, 2015.3603825897296, 2850.1133751855455, 2556.6489321084514, 746.6326622933377, 2685.333057040949];
b = [[[0.0, 0.0, 0.0, 0.0, 0.0, 0.0, 0.0, 0.0, 0.0, 0.0, 0.0, 0.0, 0.0, 0.0, 0.0, 0.0, 0.0, 0.0, 0.0, 0.0, 0.0, 0.0, 0.0, 0.0, 0.0, 0.0, 0.0, 0.0], [0.0, 0.0, 0.0, 0.0, 0.0, 0.0, 0.0, 0.0, 0.0, 0.0, 0.0, 0.0, 0.0, 0.0, 0.0, 0.0, 0.0, 0.0, 0.0, 0.0, 0.0, 0.0, 0.0, 0.0, 0.0, 0.0, 0.0, 0.0], [0.0, 0.0, 0.0, 0.0, 0.0, 0.0, 0.0, 0.0, 0.0, 0.0, 0.0, 0.0, 0.0, 0.0, 0.0, 0.0, 0.0, 0.0, 0.0, 0.0, 0.0, 0.0, 0.0, 0.0, 0.0, 0.0, 0.0, 0.0], [0.0, 0.0, 0.0, 0.0, 0.0, 0.0, 0.0, 0.0, 0.0, 0.0, 0.0, 0.0, 0.0, 0.0, 0.0, 0.0, 0.0, 0.0, 0.0, 0.0, 0.0, 0.0, 0.0, 0.0, 0.0, 0.0, 0.0, 0.0], [0.0, 0.0, 0.0, 0.0, 0.0, 0.0, 0.0, 0.0, 0.0, 0.0, 0.0, 0.0, 0.0, 0.0, 0.0, 0.0, 0.0, 0.0, 0.0, 0.0, 0.0, 0.0, 0.0, 0.0, 0.0, 0.0, 0.0, 0.0], [0.0, 0.0, 0.0, 0.0, 0.0, 0.0, 0.0, 0.0, 0.0, 0.0, 0.0, 0.0, 0.0, 0.0, 0.0, 0.0, 0.0, 0.0, 0.0, 0.0, 0.0, 0.0, 0.0, 0.0, 0.0, 0.0, 0.0, 0.0]], [[0.0, 0.0, 0.0, 0.0, 0.0, 0.0, 0.0, 0.0, 0.0, 0.0, 0.0, 0.0, 0.0, 0.0, 0.0, 0.0, 0.0, 0.0, 0.0, 0.0, 0.0, 0.0, 0.0, 0.0, 0.0, 0.0, 0.0, 0.0], [0.0, 0.0, 0.0, 0.0, 0.0, 0.0, 0.0, 0.0, 0.0, 0.0, 0.0, 0.0, 0.0, 0.0, 0.0, 0.0, 0.0, 0.0, 0.0, 0.0, 0.0, 0.0, 0.0, 0.0, 0.0, 0.0, 0.0, 0.0], [0.0, 0.0, 0.0, 0.0, 0.0, 0.0, 0.0, 0.0, 0.0, 0.0, 0.0, 0.0, 0.0, 0.0, 0.0, 0.0, 0.0, 0.0, 0.0, 0.0, 0.0, 0.0, 0.0, 0.0, 0.0, 0.0, 0.0, 0.0], [0.0, 0.0, 0.0, 0.0, 0.0, 0.0, 0.0, 0.0, 0.0, 0.0, 0.0, 0.0, 0.0, 0.0, 0.0, 0.0, 0.0, 0.0, 0.0, 0.0, 0.0, 0.0, 0.0, 0.0, 0.0, 0.0, 0.0, 0.0], [0.0, 0.0, 0.0, 0.0, 0.0, 0.0, 0.0, 0.0, 0.0, 0.0, 0.0, 0.0, 0.0, 0.0, 0.0, 0.0, 0.0, 0.0, 0.0, 0.0, 0.0, 0.0, 0.0, 0.0, 0.0, 0.0, 0.0, 0.0], [0.0, 0.0, 0.0, 0.0, 0.0, 0.0, 0.0, 0.0, 0.0, 0.0, 0.0, 0.0, 0.0, 0.0, 0.0, 0.0, 0.0, 0.0, 0.0, 0.0, 0.0, 0.0, 0.0, 0.0, 0.0, 0.0, 0.0, 0.0]], [[0.0, 0.0, 0.0, 0.0, 0.0, 0.0, 0.0, 0.0, 0.0, 0.0, 0.0, 0.0, 0.0, 0.0, 0.0, 0.0, 0.0, 0.0, 0.0, 0.0, 0.0, 0.0, 0.0, 0.0, 0.0, 0.0, 0.0, 0.0], [0.0, 0.0, 0.0, 0.0, 0.0, 0.0, 0.0, 0.0, 0.0, 0.0, 0.0, 0.0, 0.0, 0.0, 0.0, 0.0, 0.0, 0.0, 0.0, 0.0, 0.0, 0.0, 0.0, 0.0, 0.0, 0.0, 0.0, 0.0], [0.0, 0.0, 0.0, 0.0, 0.0, 0.0, 0.0, 0.0, 0.0, 0.0, 0.0, 0.0, 0.0, 0.0, 0.0, 0.0, 0.0, 0.0, 0.0, 0.0, 0.0, 0.0, 0.0, 0.0, 0.0, 0.0, 0.0, 0.0], [0.0, 0.0, 0.0, 0.0, 0.0, 0.0, 0.0, 0.0, 0.0, 0.0, 0.0, 0.0, 0.0, 0.0, 0.0, 0.0, 0.0, 0.0, 0.0, 0.0, 0.0, 0.0, 0.0, 0.0, 0.0, 0.0, 0.0, 0.0], [0.0, 0.0, 0.0, 0.0, 0.0, 0.0, 0.0, 0.0, 0.0, 0.0, 0.0, 0.0, 0.0, 0.0, 0.0, 0.0, 0.0, 0.0, 0.0, 0.0, 0.0, 0.0, 0.0, 0.0, 0.0, 0.0, 0.0, 0.0], [0.0, 0.0, 0.0, 0.0, 0.0, 0.0, 0.0, 0.0, 0.0, 0.0, 0.0, 0.0, 0.0, 0.0, 0.0, 0.0, 0.0, 0.0, 0.0, 0.0, 0.0, 0.0, 0.0, 0.0, 0.0, 0.0, 0.0, 0.0]], [[0.0, 0.0, 0.0, 0.0, 0.0, 0.0, 0.0, 0.0, 0.0, 0.0, 0.0, 0.0, 0.0, 0.0, 0.0, 0.0, 0.0, 0.0, 0.0, 0.0, 0.0, 0.0, 0.0, 0.0, 0.0, 0.0, 0.0, 0.0], [0.0, 0.0, 0.0, 0.0, 0.0, 0.0, 0.0, 0.0, 0.0, 0.0, 0.0, 0.0, 0.0, 0.0, 0.0, 0.0, 0.0, 0.0, 0.0, 0.0, 0.0, 0.0, 0.0, 0.0, 0.0, 0.0, 0.0, 0.0], [0.0, 0.0, 0.0, 0.0, 0.0, 0.0, 0.0, 0.0, 0.0, 0.0, 0.0, 0.0, 0.0, 0.0, 0.0, 0.0, 0.0, 0.0, 0.0, 0.0, 0.0, 0.0, 0.0, 0.0, 0.0, 0.0, 0.0, 0.0], [0.0, 0.0, 0.0, 0.0, 0.0, 0.0, 0.0, 0.0, 0.0, 0.0, 0.0, 0.0, 0.0, 0.0, 0.0, 0.0, 0.0, 0.0, 0.0, 0.0, 0.0, 0.0, 0.0, 0.0, 0.0, 0.0, 0.0, 0.0], [0.0, 0.0, 0.0, 0.0, 0.0, 0.0, 0.0, 0.0, 0.0, 0.0, 0.0, 0.0, 0.0, 0.0, 0.0, 0.0, 0.0, 0.0, 0.0, 0.0, 0.0, 0.0, 0.0, 0.0, 0.0, 0.0, 0.0, 0.0], [0.0, 0.0, 0.0, 0.0, 0.0, 0.0, 0.0, 0.0, 0.0, 0.0, 0.0, 0.0, 0.0, 0.0, 0.0, 0.0, 0.0, 0.0, 0.0, 0.0, 0.0, 0.0, 0.0, 0.0, 0.0, 0.0, 0.0, 0.0]], [[0.0, 0.0, 0.0, 0.0, 0.0, 0.0, 0.0, 0.0, 0.0, 0.0, 0.0, 0.0, 0.0, 0.0, 0.0, 0.0, 0.0, 0.0, 0.0, 0.0, 0.0, 0.0, 0.0, 0.0, 0.0, 0.0, 0.0, 0.0], [0.0, 0.0, 0.0, 0.0, 0.0, 0.0, 0.0, 0.0, 0.0, 0.0, 0.0, 0.0, 0.0, 0.0, 0.0, 0.0, 0.0, 0.0, 0.0, 0.0, 0.0, 0.0, 0.0, 0.0, 0.0, 0.0, 0.0, 0.0], [0.0, 0.0, 0.0, 0.0, 0.0, 0.0, 0.0, 0.0, 0.0, 0.0, 0.0, 0.0, 0.0, 0.0, 0.0, 0.0, 0.0, 0.0, 0.0, 0.0, 0.0, 0.0, 0.0, 0.0, 0.0, 0.0, 0.0, 0.0], [0.0, 0.0, 0.0, 0.0, 0.0, 0.0, 0.0, 0.0, 0.0, 0.0, 0.0, 0.0, 0.0, 0.0, 0.0, 0.0, 0.0, 0.0, 0.0, 0.0, 0.0, 0.0, 0.0, 0.0, 0.0, 0.0, 0.0, 0.0], [0.0, 0.0, 0.0, 0.0, 0.0, 0.0, 0.0, 0.0, 0.0, 0.0, 0.0, 0.0, 0.0, 0.0, 0.0, 0.0, 0.0, 0.0, 0.0, 0.0, 0.0, 0.0, 0.0, 0.0, 0.0, 0.0, 0.0, 0.0], [0.0, 0.0, 0.0, 0.0, 0.0, 0.0, 0.0, 0.0, 0.0, 0.0, 0.0, 0.0, 0.0, 0.0, 0.0, 0.0, 0.0, 0.0, 0.0, 0.0, 0.0, 0.0, 0.0, 0.0, 0.0, 0.0, 0.0, 0.0]], [[0.0, 0.0, 0.0, 0.0, 0.0, 0.0, 0.0, 0.0, 0.0, 0.0, 0.0, 0.0, 0.0, 0.0, 0.0, 0.0, 0.0, 0.0, 0.0, 0.0, 0.0, 0.0, 0.0, 0.0, 0.0, 0.0, 0.0, 0.0], [0.0, 0.0, 0.0, 0.0, 0.0, 0.0, 0.0, 0.0, 0.0, 0.0, 0.0, 0.0, 0.0, 0.0, 0.0, 0.0, 0.0, 0.0, 0.0, 0.0, 0.0, 0.0, 0.0, 0.0, 0.0, 0.0, 0.0, 0.0], [0.0, 0.0, 0.0, 0.0, 0.0, 0.0, 0.0, 0.0, 0.0, 0.0, 0.0, 0.0, 0.0, 0.0, 0.0, 0.0, 0.0, 0.0, 0.0, 0.0, 0.0, 0.0, 0.0, 0.0, 0.0, 0.0, 0.0, 0.0], [0.0, 0.0, 0.0, 0.0, 0.0, 0.0, 0.0, 0.0, 0.0, 0.0, 0.0, 0.0, 0.0, 0.0, 0.0, 0.0, 0.0, 0.0, 0.0, 0.0, 0.0, 0.0, 0.0, 0.0, 0.0, 0.0, 0.0, 0.0], [0.0, 0.0, 0.0, 0.0, 0.0, 0.0, 0.0, 0.0, 0.0, 0.0, 0.0, 0.0, 0.0, 0.0, 0.0, 0.0, 0.0, 0.0, 0.0, 0.0, 0.0, 0.0, 0.0, 0.0, 0.0, 0.0, 0.0, 0.0], [0.0, 0.0, 0.0, 0.0, 0.0, 0.0, 0.0, 0.0, 0.0, 0.0, 0.0, 0.0, 0.0, 0.0, 0.0, 0.0, 0.0, 0.0, 0.0, 0.0, 0.0, 0.0, 0.0, 0.0, 0.0, 0.0, 0.0, 0.0]], [[0.0, 0.0, 0.0, 0.0, 0.0, 0.0, 0.0, 0.0, 0.0, 0.0, 0.0, 0.0, 0.0, 0.0, 0.0, 0.0, 0.0, 0.0, 0.0, 0.0, 0.0, 0.0, 0.0, 0.0, 0.0, 0.0, 0.0, 0.0], [0.0, 0.0, 0.0, 0.0, 0.0, 0.0, 0.0, 0.0, 0.0, 0.0, 0.0, 0.0, 0.0, 0.0, 0.0, 0.0, 0.0, 0.0, 0.0, 0.0, 0.0, 0.0, 0.0, 0.0, 0.0, 0.0, 0.0, 0.0], [0.0, 0.0, 0.0, 0.0, 0.0, 0.0, 0.0, 0.0, 0.0, 0.0, 0.0, 0.0, 0.0, 0.0, 0.0, 0.0, 0.0, 0.0, 0.0, 0.0, 0.0, 0.0, 0.0, 0.0, 0.0, 0.0, 0.0, 0.0], [0.0, 0.0, 0.0, 0.0, 0.0, 0.0, 0.0, 0.0, 0.0, 0.0, 0.0, 0.0, 0.0, 0.0, 0.0, 0.0, 0.0, 0.0, 0.0, 0.0, 0.0, 0.0, 0.0, 0.0, 0.0, 0.0, 0.0, 0.0], [0.0, 0.0, 0.0, 0.0, 0.0, 0.0, 0.0, 0.0, 0.0, 0.0, 0.0, 0.0, 0.0, 0.0, 0.0, 0.0, 0.0, 0.0, 0.0, 0.0, 0.0, 0.0, 0.0, 0.0, 0.0, 0.0, 0.0, 0.0], [0.0, 0.0, 0.0, 0.0, 0.0, 0.0, 0.0, 0.0, 0.0, 0.0, 0.0, 0.0, 0.0, 0.0, 0.0, 0.0, 0.0, 0.0, 0.0, 0.0, 0.0, 0.0, 0.0, 0.0, 0.0, 0.0, 0.0, 0.0]], [[0.0, 0.0, 0.0, 0.0, 0.0, 0.0, 0.0, 0.0, 0.0, 0.0, 0.0, 0.0, 0.0, 0.0, 0.0, 0.0, 0.0, 0.0, 0.0, 0.0, 0.0, 0.0, 0.0, 0.0, 0.0, 0.0, 0.0, 0.0], [0.0, 0.0, 0.0, 0.0, 0.0, 0.0, 0.0, 0.0, 0.0, 0.0, 0.0, 0.0, 0.0, 0.0, 0.0, 0.0, 0.0, 0.0, 0.0, 0.0, 0.0, 0.0, 0.0, 0.0, 0.0, 0.0, 0.0, 0.0], [0.0, 0.0, 0.0, 0.0, 0.0, 0.0, 0.0, 0.0, 0.0, 0.0, 0.0, 0.0, 0.0, 0.0, 0.0, 0.0, 0.0, 0.0, 0.0, 0.0, 0.0, 0.0, 0.0, 0.0, 0.0, 0.0, 0.0, 0.0], [0.0, 0.0, 0.0, 0.0, 0.0, 0.0, 0.0, 0.0, 0.0, 0.0, 0.0, 0.0, 0.0, 0.0, 0.0, 0.0, 0.0, 0.0, 0.0, 0.0, 0.0, 0.0, 0.0, 0.0, 0.0, 0.0, 0.0, 0.0], [0.0, 0.0, 0.0, 0.0, 0.0, 0.0, 0.0, 0.0, 0.0, 0.0, 0.0, 0.0, 0.0, 0.0, 0.0, 0.0, 0.0, 0.0, 0.0, 0.0, 0.0, 0.0, 0.0, 0.0, 0.0, 0.0, 0.0, 0.0], [0.0, 0.0, 0.0, 0.0, 0.0, 0.0, 0.0, 0.0, 0.0, 0.0, 0.0, 0.0, 0.0, 0.0, 0.0, 0.0, 0.0, 0.0, 0.0, 0.0, 0.0, 0.0, 0.0, 0.0, 0.0, 0.0, 0.0, 0.0]], [[0.0, 0.0, 0.0, 0.0, 0.0, 0.0, 0.0, 0.0, 0.0, 0.0, 0.0, 0.0, 0.0, 0.0, 0.0, 0.0, 0.0, 0.0, 0.0, 0.0, 0.0, 0.0, 0.0, 0.0, 0.0, 0.0, 0.0, 0.0], [0.0, 0.0, 0.0, 0.0, 0.0, 0.0, 0.0, 0.0, 0.0, 0.0, 0.0, 0.0, 0.0, 0.0, 0.0, 0.0, 0.0, 0.0, 0.0, 0.0, 0.0, 0.0, 0.0, 0.0, 0.0, 0.0, 0.0, 0.0], [0.0, 0.0, 0.0, 0.0, 0.0, 0.0, 0.0, 0.0, 0.0, 0.0, 0.0, 0.0, 0.0, 0.0, 0.0, 0.0, 0.0, 0.0, 0.0, 0.0, 0.0, 0.0, 0.0, 0.0, 0.0, 0.0, 0.0, 0.0], [0.0, 0.0, 0.0, 0.0, 0.0, 0.0, 0.0, 0.0, 0.0, 0.0, 0.0, 0.0, 0.0, 0.0, 0.0, 0.0, 0.0, 0.0, 0.0, 0.0, 0.0, 0.0, 0.0, 0.0, 0.0, 0.0, 0.0, 0.0], [0.0, 0.0, 0.0, 0.0, 0.0, 0.0, 0.0, 0.0, 0.0, 0.0, 0.0, 0.0, 0.0, 0.0, 0.0, 0.0, 0.0, 0.0, 0.0, 0.0, 0.0, 0.0, 0.0, 0.0, 0.0, 0.0, 0.0, 0.0], [0.0, 0.0, 0.0, 0.0, 0.0, 0.0, 0.0, 0.0, 0.0, 0.0, 0.0, 0.0, 0.0, 0.0, 0.0, 0.0, 0.0, 0.0, 0.0, 0.0, 0.0, 0.0, 0.0, 0.0, 0.0, 0.0, 0.0, 0.0]], [[0.0, 0.0, 0.0, 0.0, 0.0, 0.0, 0.0, 0.0, 0.0, 0.0, 0.0, 0.0, 0.0, 0.0, 0.0, 0.0, 0.0, 0.0, 0.0, 0.0, 0.0, 0.0, 0.0, 0.0, 0.0, 0.0, 0.0, 0.0], [0.0, 0.0, 0.0, 0.0, 0.0, 0.0, 0.0, 0.0, 0.0, 0.0, 0.0, 0.0, 0.0, 0.0, 0.0, 0.0, 0.0, 0.0, 0.0, 0.0, 0.0, 0.0, 0.0, 0.0, 0.0, 0.0, 0.0, 0.0], [0.0, 0.0, 0.0, 0.0, 0.0, 0.0, 0.0, 0.0, 0.0, 0.0, 0.0, 0.0, 0.0, 0.0, 0.0, 0.0, 0.0, 0.0, 0.0, 0.0, 0.0, 0.0, 0.0, 0.0, 0.0, 0.0, 0.0, 0.0], [0.0, 0.0, 0.0, 0.0, 0.0, 0.0, 0.0, 0.0, 0.0, 0.0, 0.0, 0.0, 0.0, 0.0, 0.0, 0.0, 0.0, 0.0, 0.0, 0.0, 0.0, 0.0, 0.0, 0.0, 0.0, 0.0, 0.0, 0.0], [0.0, 0.0, 0.0, 0.0, 0.0, 0.0, 0.0, 0.0, 0.0, 0.0, 0.0, 0.0, 0.0, 0.0, 0.0, 0.0, 0.0, 0.0, 0.0, 0.0, 0.0, 0.0, 0.0, 0.0, 0.0, 0.0, 0.0, 0.0], [0.0, 0.0, 0.0, 0.0, 0.0, 0.0, 0.0, 0.0, 0.0, 0.0, 0.0, 0.0, 0.0, 0.0, 0.0, 0.0, 0.0, 0.0, 0.0, 0.0, 0.0, 0.0, 0.0, 0.0, 0.0, 0.0, 0.0, 0.0]], [[0.0, 0.0, 0.0, 0.0, 0.0, 0.0, 0.0, 0.0, 0.0, 0.0, 0.0, 0.0, 0.0, 0.0, 0.0, 0.0, 0.0, 0.0, 0.0, 0.0, 0.0, 0.0, 0.0, 0.0, 0.0, 0.0, 0.0, 0.0], [0.0, 0.0, 0.0, 0.0, 0.0, 0.0, 0.0, 0.0, 0.0, 0.0, 0.0, 0.0, 0.0, 0.0, 0.0, 0.0, 0.0, 0.0, 0.0, 0.0, 0.0, 0.0, 0.0, 0.0, 0.0, 0.0, 0.0, 0.0], [0.0, 0.0, 0.0, 0.0, 0.0, 0.0, 0.0, 0.0, 0.0, 0.0, 0.0, 0.0, 0.0, 0.0, 0.0, 0.0, 0.0, 0.0, 0.0, 0.0, 0.0, 0.0, 0.0, 0.0, 0.0, 0.0, 0.0, 0.0], [0.0, 0.0, 0.0, 0.0, 0.0, 0.0, 0.0, 0.0, 0.0, 0.0, 0.0, 0.0, 0.0, 0.0, 0.0, 0.0, 0.0, 0.0, 0.0, 0.0, 0.0, 0.0, 0.0, 0.0, 0.0, 0.0, 0.0, 0.0], [0.0, 0.0, 0.0, 0.0, 0.0, 0.0, 0.0, 0.0, 0.0, 0.0, 0.0, 0.0, 0.0, 0.0, 0.0, 0.0, 0.0, 0.0, 0.0, 0.0, 0.0, 0.0, 0.0, 0.0, 0.0, 0.0, 0.0, 0.0], [0.0, 0.0, 0.0, 0.0, 0.0, 0.0, 0.0, 0.0, 0.0, 0.0, 0.0, 0.0, 0.0, 0.0, 0.0, 0.0, 0.0, 0.0, 0.0, 0.0, 0.0, 0.0, 0.0, 0.0, 0.0, 0.0, 0.0, 0.0]], [[0.0, 0.0, 0.0, 0.0, 0.0, 0.0, 0.0, 0.0, 0.0, 0.0, 0.0, 0.0, 0.0, 0.0, 0.0, 0.0, 0.0, 0.0, 0.0, 0.0, 0.0, 0.0, 0.0, 0.0, 0.0, 0.0, 0.0, 0.0], [0.0, 0.0, 0.0, 0.0, 0.0, 0.0, 0.0, 0.0, 0.0, 0.0, 0.0, 0.0, 0.0, 0.0, 0.0, 0.0, 0.0, 0.0, 0.0, 0.0, 0.0, 0.0, 0.0, 0.0, 0.0, 0.0, 0.0, 0.0], [0.0, 0.0, 0.0, 0.0, 0.0, 0.0, 0.0, 0.0, 0.0, 0.0, 0.0, 0.0, 0.0, 0.0, 0.0, 0.0, 0.0, 0.0, 0.0, 0.0, 0.0, 0.0, 0.0, 0.0, 0.0, 0.0, 0.0, 0.0], [0.0, 0.0, 0.0, 0.0, 0.0, 0.0, 0.0, 0.0, 0.0, 0.0, 0.0, 0.0, 0.0, 0.0, 0.0, 0.0, 0.0, 0.0, 0.0, 0.0, 0.0, 0.0, 0.0, 0.0, 0.0, 0.0, 0.0, 0.0], [0.0, 0.0, 0.0, 0.0, 0.0, 0.0, 0.0, 0.0, 0.0, 0.0, 0.0, 0.0, 0.0, 0.0, 0.0, 0.0, 0.0, 0.0, 0.0, 0.0, 0.0, 0.0, 0.0, 0.0, 0.0, 0.0, 0.0, 0.0], [0.0, 0.0, 0.0, 0.0, 0.0, 0.0, 0.0, 0.0, 0.0, 0.0, 0.0, 0.0, 0.0, 0.0, 0.0, 0.0, 0.0, 0.0, 0.0, 0.0, 0.0, 0.0, 0.0, 0.0, 0.0, 0.0, 0.0, 0.0]], [[0.0, 0.0, 0.0, 0.0, 0.0, 0.0, 0.0, 0.0, 0.0, 0.0, 0.0, 0.0, 0.0, 0.0, 0.0, 0.0, 0.0, 0.0, 0.0, 0.0, 0.0, 0.0, 0.0, 0.0, 0.0, 0.0, 0.0, 0.0], [0.0, 0.0, 0.0, 0.0, 0.0, 0.0, 0.0, 0.0, 0.0, 0.0, 0.0, 0.0, 0.0, 0.0, 0.0, 0.0, 0.0, 0.0, 0.0, 0.0, 0.0, 0.0, 0.0, 0.0, 0.0, 0.0, 0.0, 0.0], [0.0, 0.0, 0.0, 0.0, 0.0, 0.0, 0.0, 0.0, 0.0, 0.0, 0.0, 0.0, 0.0, 0.0, 0.0, 0.0, 0.0, 0.0, 0.0, 0.0, 0.0, 0.0, 0.0, 0.0, 0.0, 0.0, 0.0, 0.0], [0.0, 0.0, 0.0, 0.0, 0.0, 0.0, 0.0, 0.0, 0.0, 0.0, 0.0, 0.0, 0.0, 0.0, 0.0, 0.0, 0.0, 0.0, 0.0, 0.0, 0.0, 0.0, 0.0, 0.0, 0.0, 0.0, 0.0, 0.0], [0.0, 0.0, 0.0, 0.0, 0.0, 0.0, 0.0, 0.0, 0.0, 0.0, 0.0, 0.0, 0.0, 0.0, 0.0, 0.0, 0.0, 0.0, 0.0, 0.0, 0.0, 0.0, 0.0, 0.0, 0.0, 0.0, 0.0, 0.0], [0.0, 0.0, 0.0, 0.0, 0.0, 0.0, 0.0, 0.0, 0.0, 0.0, 0.0, 0.0, 0.0, 0.0, 0.0, 0.0, 0.0, 0.0, 0.0, 0.0, 0.0, 0.0, 0.0, 0.0, 0.0, 0.0, 0.0, 0.0]], [[0.0, 0.0, 0.0, 0.0, 0.0, 0.0, 0.0, 0.0, 0.0, 0.0, 0.0, 0.0, 0.0, 0.0, 0.0, 0.0, 0.0, 0.0, 0.0, 0.0, 0.0, 0.0, 0.0, 0.0, 0.0, 0.0, 0.0, 0.0], [0.0, 0.0, 0.0, 0.0, 0.0, 0.0, 0.0, 0.0, 0.0, 0.0, 0.0, 0.0, 0.0, 0.0, 0.0, 0.0, 0.0, 0.0, 0.0, 0.0, 0.0, 0.0, 0.0, 0.0, 0.0, 0.0, 0.0, 0.0], [0.0, 0.0, 0.0, 0.0, 0.0, 0.0, 0.0, 0.0, 0.0, 0.0, 0.0, 0.0, 0.0, 0.0, 0.0, 0.0, 0.0, 0.0, 0.0, 0.0, 0.0, 0.0, 0.0, 0.0, 0.0, 0.0, 0.0, 0.0], [0.0, 0.0, 0.0, 0.0, 0.0, 0.0, 0.0, 0.0, 0.0, 0.0, 0.0, 0.0, 0.0, 0.0, 0.0, 0.0, 0.0, 0.0, 0.0, 0.0, 0.0, 0.0, 0.0, 0.0, 0.0, 0.0, 0.0, 0.0], [0.0, 0.0, 0.0, 0.0, 0.0, 0.0, 0.0, 0.0, 0.0, 0.0, 0.0, 0.0, 0.0, 0.0, 0.0, 0.0, 0.0, 0.0, 0.0, 0.0, 0.0, 0.0, 0.0, 0.0, 0.0, 0.0, 0.0, 0.0], [0.0, 0.0, 0.0, 0.0, 0.0, 0.0, 0.0, 0.0, 0.0, 0.0, 0.0, 0.0, 0.0, 0.0, 0.0, 0.0, 0.0, 0.0, 0.0, 0.0, 0.0, 0.0, 0.0, 0.0, 0.0, 0.0, 0.0, 0.0]], [[0.0, 0.0, 0.0, 0.0, 0.0, 0.0, 0.0, 0.0, 0.0, 0.0, 0.0, 0.0, 0.0, 0.0, 0.0, 0.0, 0.0, 0.0, 0.0, 0.0, 0.0, 0.0, 0.0, 0.0, 0.0, 0.0, 0.0, 0.0], [0.0, 0.0, 0.0, 0.0, 0.0, 0.0, 0.0, 0.0, 0.0, 0.0, 0.0, 0.0, 0.0, 0.0, 0.0, 0.0, 0.0, 0.0, 0.0, 0.0, 0.0, 0.0, 0.0, 0.0, 0.0, 0.0, 0.0, 0.0], [0.0, 0.0, 0.0, 0.0, 0.0, 0.0, 0.0, 0.0, 0.0, 0.0, 0.0, 0.0, 0.0, 0.0, 0.0, 0.0, 0.0, 0.0, 0.0, 0.0, 0.0, 0.0, 0.0, 0.0, 0.0, 0.0, 0.0, 0.0], [0.0, 0.0, 0.0, 0.0, 0.0, 0.0, 0.0, 0.0, 0.0, 0.0, 0.0, 0.0, 0.0, 0.0, 0.0, 0.0, 0.0, 0.0, 0.0, 0.0, 0.0, 0.0, 0.0, 0.0, 0.0, 0.0, 0.0, 0.0], [0.0, 0.0, 0.0, 0.0, 0.0, 0.0, 0.0, 0.0, 0.0, 0.0, 0.0, 0.0, 0.0, 0.0, 0.0, 0.0, 0.0, 0.0, 0.0, 0.0, 0.0, 0.0, 0.0, 0.0, 0.0, 0.0, 0.0, 0.0], [0.0, 0.0, 0.0, 0.0, 0.0, 0.0, 0.0, 0.0, 0.0, 0.0, 0.0, 0.0, 0.0, 0.0, 0.0, 0.0, 0.0, 0.0, 0.0, 0.0, 0.0, 0.0, 0.0, 0.0, 0.0, 0.0, 0.0, 0.0]], [[0.0, 0.0, 0.0, 0.0, 0.0, 0.0, 0.0, 0.0, 0.0, 0.0, 0.0, 0.0, 0.0, 0.0, 0.0, 0.0, 0.0, 0.0, 0.0, 0.0, 0.0, 0.0, 0.0, 0.0, 0.0, 0.0, 0.0, 0.0], [0.0, 0.0, 0.0, 0.0, 0.0, 0.0, 0.0, 0.0, 0.0, 0.0, 0.0, 0.0, 0.0, 0.0, 0.0, 0.0, 0.0, 0.0, 0.0, 0.0, 0.0, 0.0, 0.0, 0.0, 0.0, 0.0, 0.0, 0.0], [0.0, 0.0, 0.0, 0.0, 0.0, 0.0, 0.0, 0.0, 0.0, 0.0, 0.0, 0.0, 0.0, 0.0, 0.0, 0.0, 0.0, 0.0, 0.0, 0.0, 0.0, 0.0, 0.0, 0.0, 0.0, 0.0, 0.0, 0.0], [0.0, 0.0, 0.0, 0.0, 0.0, 0.0, 0.0, 0.0, 0.0, 0.0, 0.0, 0.0, 0.0, 0.0, 0.0, 0.0, 0.0, 0.0, 0.0, 0.0, 0.0, 0.0, 0.0, 0.0, 0.0, 0.0, 0.0, 0.0], [0.0, 0.0, 0.0, 0.0, 0.0, 0.0, 0.0, 0.0, 0.0, 0.0, 0.0, 0.0, 0.0, 0.0, 0.0, 0.0, 0.0, 0.0, 0.0, 0.0, 0.0, 0.0, 0.0, 0.0, 0.0, 0.0, 0.0, 0.0], [0.0, 0.0, 0.0, 0.0, 0.0, 0.0, 0.0, 0.0, 0.0, 0.0, 0.0, 0.0, 0.0, 0.0, 0.0, 0.0, 0.0, 0.0, 0.0, 0.0, 0.0, 0.0, 0.0, 0.0, 0.0, 0.0, 0.0, 0.0]], [[0.0, 0.0, 0.0, 0.0, 0.0, 0.0, 0.0, 0.0, 0.0, 0.0, 0.0, 0.0, 0.0, 0.0, 0.0, 0.0, 0.0, 0.0, 0.0, 0.0, 0.0, 0.0, 0.0, 0.0, 0.0, 0.0, 0.0, 0.0], [0.0, 0.0, 0.0, 0.0, 0.0, 0.0, 0.0, 0.0, 0.0, 0.0, 0.0, 0.0, 0.0, 0.0, 0.0, 0.0, 0.0, 0.0, 0.0, 0.0, 0.0, 0.0, 0.0, 0.0, 0.0, 0.0, 0.0, 0.0], [0.0, 0.0, 0.0, 0.0, 0.0, 0.0, 0.0, 0.0, 0.0, 0.0, 0.0, 0.0, 0.0, 0.0, 0.0, 0.0, 0.0, 0.0, 0.0, 0.0, 0.0, 0.0, 0.0, 0.0, 0.0, 0.0, 0.0, 0.0], [0.0, 0.0, 0.0, 0.0, 0.0, 0.0, 0.0, 0.0, 0.0, 0.0, 0.0, 0.0, 0.0, 0.0, 0.0, 0.0, 0.0, 0.0, 0.0, 0.0, 0.0, 0.0, 0.0, 0.0, 0.0, 0.0, 0.0, 0.0], [0.0, 0.0, 0.0, 0.0, 0.0, 0.0, 0.0, 0.0, 0.0, 0.0, 0.0, 0.0, 0.0, 0.0, 0.0, 0.0, 0.0, 0.0, 0.0, 0.0, 0.0, 0.0, 0.0, 0.0, 0.0, 0.0, 0.0, 0.0], [0.0, 0.0, 0.0, 0.0, 0.0, 0.0, 0.0, 0.0, 0.0, 0.0, 0.0, 0.0, 0.0, 0.0, 0.0, 0.0, 0.0, 0.0, 0.0, 0.0, 0.0, 0.0, 0.0, 0.0, 0.0, 0.0, 0.0, 0.0]], [[0.0, 0.0, 0.0, 0.0, 0.0, 0.0, 0.0, 0.0, 0.0, 0.0, 0.0, 0.0, 0.0, 0.0, 0.0, 0.0, 0.0, 0.0, 0.0, 0.0, 0.0, 0.0, 0.0, 0.0, 0.0, 0.0, 0.0, 0.0], [0.0, 0.0, 0.0, 0.0, 0.0, 0.0, 0.0, 0.0, 0.0, 0.0, 0.0, 0.0, 0.0, 0.0, 0.0, 0.0, 0.0, 0.0, 0.0, 0.0, 0.0, 0.0, 0.0, 0.0, 0.0, 0.0, 0.0, 0.0], [0.0, 0.0, 0.0, 0.0, 0.0, 0.0, 0.0, 0.0, 0.0, 0.0, 0.0, 0.0, 0.0, 0.0, 0.0, 0.0, 0.0, 0.0, 0.0, 0.0, 0.0, 0.0, 0.0, 0.0, 0.0, 0.0, 0.0, 0.0], [0.0, 0.0, 0.0, 0.0, 0.0, 0.0, 0.0, 0.0, 0.0, 0.0, 0.0, 0.0, 0.0, 0.0, 0.0, 0.0, 0.0, 0.0, 0.0, 0.0, 0.0, 0.0, 0.0, 0.0, 0.0, 0.0, 0.0, 0.0], [0.0, 0.0, 0.0, 0.0, 0.0, 0.0, 0.0, 0.0, 0.0, 0.0, 0.0, 0.0, 0.0, 0.0, 0.0, 0.0, 0.0, 0.0, 0.0, 0.0, 0.0, 0.0, 0.0, 0.0, 0.0, 0.0, 0.0, 0.0], [0.0, 0.0, 0.0, 0.0, 0.0, 0.0, 0.0, 0.0, 0.0, 0.0, 0.0, 0.0, 0.0, 0.0, 0.0, 0.0, 0.0, 0.0, 0.0, 0.0, 0.0, 0.0, 0.0, 0.0, 0.0, 0.0, 0.0, 0.0]], [[0.0, 0.0, 0.0, 0.0, 0.0, 0.0, 0.0, 0.0, 0.0, 0.0, 0.0, 0.0, 0.0, 0.0, 0.0, 0.0, 0.0, 0.0, 0.0, 0.0, 0.0, 0.0, 0.0, 0.0, 0.0, 0.0, 0.0, 0.0], [0.0, 0.0, 0.0, 0.0, 0.0, 0.0, 0.0, 0.0, 0.0, 0.0, 0.0, 0.0, 0.0, 0.0, 0.0, 0.0, 0.0, 0.0, 0.0, 0.0, 0.0, 0.0, 0.0, 0.0, 0.0, 0.0, 0.0, 0.0], [0.0, 0.0, 0.0, 0.0, 0.0, 0.0, 0.0, 0.0, 0.0, 0.0, 0.0, 0.0, 0.0, 0.0, 0.0, 0.0, 0.0, 0.0, 0.0, 0.0, 0.0, 0.0, 0.0, 0.0, 0.0, 0.0, 0.0, 0.0], [0.0, 0.0, 0.0, 0.0, 0.0, 0.0, 0.0, 0.0, 0.0, 0.0, 0.0, 0.0, 0.0, 0.0, 0.0, 0.0, 0.0, 0.0, 0.0, 0.0, 0.0, 0.0, 0.0, 0.0, 0.0, 0.0, 0.0, 0.0], [0.0, 0.0, 0.0, 0.0, 0.0, 0.0, 0.0, 0.0, 0.0, 0.0, 0.0, 0.0, 0.0, 0.0, 0.0, 0.0, 0.0, 0.0, 0.0, 0.0, 0.0, 0.0, 0.0, 0.0, 0.0, 0.0, 0.0, 0.0], [0.0, 0.0, 0.0, 0.0, 0.0, 0.0, 0.0, 0.0, 0.0, 0.0, 0.0, 0.0, 0.0, 0.0, 0.0, 0.0, 0.0, 0.0, 0.0, 0.0, 0.0, 0.0, 0.0, 0.0, 0.0, 0.0, 0.0, 0.0]], [[0.0, 0.0, 0.0, 0.0, 0.0, 0.0, 0.0, 0.0, 0.0, 0.0, 0.0, 0.0, 0.0, 0.0, 0.0, 0.0, 0.0, 0.0, 0.0, 0.0, 0.0, 0.0, 0.0, 0.0, 0.0, 0.0, 0.0, 0.0], [0.0, 0.0, 0.0, 0.0, 0.0, 0.0, 0.0, 0.0, 0.0, 0.0, 0.0, 0.0, 0.0, 0.0, 0.0, 0.0, 0.0, 0.0, 0.0, 0.0, 0.0, 0.0, 0.0, 0.0, 0.0, 0.0, 0.0, 0.0], [0.0, 0.0, 0.0, 0.0, 0.0, 0.0, 0.0, 0.0, 0.0, 0.0, 0.0, 0.0, 0.0, 0.0, 0.0, 0.0, 0.0, 0.0, 0.0, 0.0, 0.0, 0.0, 0.0, 0.0, 0.0, 0.0, 0.0, 0.0], [0.0, 0.0, 0.0, 0.0, 0.0, 0.0, 0.0, 0.0, 0.0, 0.0, 0.0, 0.0, 0.0, 0.0, 0.0, 0.0, 0.0, 0.0, 0.0, 0.0, 0.0, 0.0, 0.0, 0.0, 0.0, 0.0, 0.0, 0.0], [0.0, 0.0, 0.0, 0.0, 0.0, 0.0, 0.0, 0.0, 0.0, 0.0, 0.0, 0.0, 0.0, 0.0, 0.0, 0.0, 0.0, 0.0, 0.0, 0.0, 0.0, 0.0, 0.0, 0.0, 0.0, 0.0, 0.0, 0.0], [0.0, 0.0, 0.0, 0.0, 0.0, 0.0, 0.0, 0.0, 0.0, 0.0, 0.0, 0.0, 0.0, 0.0, 0.0, 0.0, 0.0, 0.0, 0.0, 0.0, 0.0, 0.0, 0.0, 0.0, 0.0, 0.0, 0.0, 0.0]], [[0.0, 0.0, 0.0, 0.0, 0.0, 0.0, 0.0, 0.0, 0.0, 0.0, 0.0, 0.0, 0.0, 0.0, 0.0, 0.0, 0.0, 0.0, 0.0, 0.0, 0.0, 0.0, 0.0, 0.0, 0.0, 0.0, 0.0, 0.0], [0.0, 0.0, 0.0, 0.0, 0.0, 0.0, 0.0, 0.0, 0.0, 0.0, 0.0, 0.0, 0.0, 0.0, 0.0, 0.0, 0.0, 0.0, 0.0, 0.0, 0.0, 0.0, 0.0, 0.0, 0.0, 0.0, 0.0, 0.0], [0.0, 0.0, 0.0, 0.0, 0.0, 0.0, 0.0, 0.0, 0.0, 0.0, 0.0, 0.0, 0.0, 0.0, 0.0, 0.0, 0.0, 0.0, 0.0, 0.0, 0.0, 0.0, 0.0, 0.0, 0.0, 0.0, 0.0, 0.0], [0.0, 0.0, 0.0, 0.0, 0.0, 0.0, 0.0, 0.0, 0.0, 0.0, 0.0, 0.0, 0.0, 0.0, 0.0, 0.0, 0.0, 0.0, 0.0, 0.0, 0.0, 0.0, 0.0, 0.0, 0.0, 0.0, 0.0, 0.0], [0.0, 0.0, 0.0, 0.0, 0.0, 0.0, 0.0, 0.0, 0.0, 0.0, 0.0, 0.0, 0.0, 0.0, 0.0, 0.0, 0.0, 0.0, 0.0, 0.0, 0.0, 0.0, 0.0, 0.0, 0.0, 0.0, 0.0, 0.0], [0.0, 0.0, 0.0, 0.0, 0.0, 0.0, 0.0, 0.0, 0.0, 0.0, 0.0, 0.0, 0.0, 0.0, 0.0, 0.0, 0.0, 0.0, 0.0, 0.0, 0.0, 0.0, 0.0, 0.0, 0.0, 0.0, 0.0, 0.0]], [[0.0, 0.0, 0.0, 0.0, 0.0, 0.0, 0.0, 0.0, 0.0, 0.0, 0.0, 0.0, 0.0, 0.0, 0.0, 0.0, 0.0, 0.0, 0.0, 0.0, 0.0, 0.0, 0.0, 0.0, 0.0, 0.0, 0.0, 0.0], [0.0, 0.0, 0.0, 0.0, 0.0, 0.0, 0.0, 0.0, 0.0, 0.0, 0.0, 0.0, 0.0, 0.0, 0.0, 0.0, 0.0, 0.0, 0.0, 0.0, 0.0, 0.0, 0.0, 0.0, 0.0, 0.0, 0.0, 0.0], [0.0, 0.0, 0.0, 0.0, 0.0, 0.0, 0.0, 0.0, 0.0, 0.0, 0.0, 0.0, 0.0, 0.0, 0.0, 0.0, 0.0, 0.0, 0.0, 0.0, 0.0, 0.0, 0.0, 0.0, 0.0, 0.0, 0.0, 0.0], [0.0, 0.0, 0.0, 0.0, 0.0, 0.0, 0.0, 0.0, 0.0, 0.0, 0.0, 0.0, 0.0, 0.0, 0.0, 0.0, 0.0, 0.0, 0.0, 0.0, 0.0, 0.0, 0.0, 0.0, 0.0, 0.0, 0.0, 0.0], [0.0, 0.0, 0.0, 0.0, 0.0, 0.0, 0.0, 0.0, 0.0, 0.0, 0.0, 0.0, 0.0, 0.0, 0.0, 0.0, 0.0, 0.0, 0.0, 0.0, 0.0, 0.0, 0.0, 0.0, 0.0, 0.0, 0.0, 0.0], [0.0, 0.0, 0.0, 0.0, 0.0, 0.0, 0.0, 0.0, 0.0, 0.0, 0.0, 0.0, 0.0, 0.0, 0.0, 0.0, 0.0, 0.0, 0.0, 0.0, 0.0, 0.0, 0.0, 0.0, 0.0, 0.0, 0.0, 0.0]], [[0.0, 0.0, 0.0, 0.0, 0.0, 0.0, 0.0, 0.0, 0.0, 0.0, 0.0, 0.0, 0.0, 0.0, 0.0, 0.0, 0.0, 0.0, 0.0, 0.0, 0.0, 0.0, 0.0, 0.0, 0.0, 0.0, 0.0, 0.0], [0.0, 0.0, 0.0, 0.0, 0.0, 0.0, 0.0, 0.0, 0.0, 0.0, 0.0, 0.0, 0.0, 0.0, 0.0, 0.0, 0.0, 0.0, 0.0, 0.0, 0.0, 0.0, 0.0, 0.0, 0.0, 0.0, 0.0, 0.0], [0.0, 0.0, 0.0, 0.0, 0.0, 0.0, 0.0, 0.0, 0.0, 0.0, 0.0, 0.0, 0.0, 0.0, 0.0, 0.0, 0.0, 0.0, 0.0, 0.0, 0.0, 0.0, 0.0, 0.0, 0.0, 0.0, 0.0, 0.0], [0.0, 0.0, 0.0, 0.0, 0.0, 0.0, 0.0, 0.0, 0.0, 0.0, 0.0, 0.0, 0.0, 0.0, 0.0, 0.0, 0.0, 0.0, 0.0, 0.0, 0.0, 0.0, 0.0, 0.0, 0.0, 0.0, 0.0, 0.0], [0.0, 0.0, 0.0, 0.0, 0.0, 0.0, 0.0, 0.0, 0.0, 0.0, 0.0, 0.0, 0.0, 0.0, 0.0, 0.0, 0.0, 0.0, 0.0, 0.0, 0.0, 0.0, 0.0, 0.0, 0.0, 0.0, 0.0, 0.0], [0.0, 0.0, 0.0, 0.0, 0.0, 0.0, 0.0, 0.0, 0.0, 0.0, 0.0, 0.0, 0.0, 0.0, 0.0, 0.0, 0.0, 0.0, 0.0, 0.0, 0.0, 0.0, 0.0, 0.0, 0.0, 0.0, 0.0, 0.0]], [[0.0, 0.0, 0.0, 0.0, 0.0, 0.0, 0.0, 0.0, 0.0, 0.0, 0.0, 0.0, 0.0, 0.0, 0.0, 0.0, 0.0, 0.0, 0.0, 0.0, 0.0, 0.0, 0.0, 0.0, 0.0, 0.0, 0.0, 0.0], [0.0, 0.0, 0.0, 0.0, 0.0, 0.0, 0.0, 0.0, 0.0, 0.0, 0.0, 0.0, 0.0, 0.0, 0.0, 0.0, 0.0, 0.0, 0.0, 0.0, 0.0, 0.0, 0.0, 0.0, 0.0, 0.0, 0.0, 0.0], [0.0, 0.0, 0.0, 0.0, 0.0, 0.0, 0.0, 0.0, 0.0, 0.0, 0.0, 0.0, 0.0, 0.0, 0.0, 0.0, 0.0, 0.0, 0.0, 0.0, 0.0, 0.0, 0.0, 0.0, 0.0, 0.0, 0.0, 0.0], [0.0, 0.0, 0.0, 0.0, 0.0, 0.0, 0.0, 0.0, 0.0, 0.0, 0.0, 0.0, 0.0, 0.0, 0.0, 0.0, 0.0, 0.0, 0.0, 0.0, 0.0, 0.0, 0.0, 0.0, 0.0, 0.0, 0.0, 0.0], [0.0, 0.0, 0.0, 0.0, 0.0, 0.0, 0.0, 0.0, 0.0, 0.0, 0.0, 0.0, 0.0, 0.0, 0.0, 0.0, 0.0, 0.0, 0.0, 0.0, 0.0, 0.0, 0.0, 0.0, 0.0, 0.0, 0.0, 0.0], [0.0, 0.0, 0.0, 0.0, 0.0, 0.0, 0.0, 0.0, 0.0, 0.0, 0.0, 0.0, 0.0, 0.0, 0.0, 0.0, 0.0, 0.0, 0.0, 0.0, 0.0, 0.0, 0.0, 0.0, 0.0, 0.0, 0.0, 0.0]], [[0.0, 0.0, 0.0, 0.0, 0.0, 0.0, 0.0, 0.0, 0.0, 0.0, 0.0, 0.0, 0.0, 0.0, 0.0, 0.0, 0.0, 0.0, 0.0, 0.0, 0.0, 0.0, 0.0, 0.0, 0.0, 0.0, 0.0, 0.0], [0.0, 0.0, 0.0, 0.0, 0.0, 0.0, 0.0, 0.0, 0.0, 0.0, 0.0, 0.0, 0.0, 0.0, 0.0, 0.0, 0.0, 0.0, 0.0, 0.0, 0.0, 0.0, 0.0, 0.0, 0.0, 0.0, 0.0, 0.0], [0.0, 0.0, 0.0, 0.0, 0.0, 0.0, 0.0, 0.0, 0.0, 0.0, 0.0, 0.0, 0.0, 0.0, 0.0, 0.0, 0.0, 0.0, 0.0, 0.0, 0.0, 0.0, 0.0, 0.0, 0.0, 0.0, 0.0, 0.0], [0.0, 0.0, 0.0, 0.0, 0.0, 0.0, 0.0, 0.0, 0.0, 0.0, 0.0, 0.0, 0.0, 0.0, 0.0, 0.0, 0.0, 0.0, 0.0, 0.0, 0.0, 0.0, 0.0, 0.0, 0.0, 0.0, 0.0, 0.0], [0.0, 0.0, 0.0, 0.0, 0.0, 0.0, 0.0, 0.0, 0.0, 0.0, 0.0, 0.0, 0.0, 0.0, 0.0, 0.0, 0.0, 0.0, 0.0, 0.0, 0.0, 0.0, 0.0, 0.0, 0.0, 0.0, 0.0, 0.0], [0.0, 0.0, 0.0, 0.0, 0.0, 0.0, 0.0, 0.0, 0.0, 0.0, 0.0, 0.0, 0.0, 0.0, 0.0, 0.0, 0.0, 0.0, 0.0, 0.0, 0.0, 0.0, 0.0, 0.0, 0.0, 0.0, 0.0, 0.0]]];
t = [[99999999.0, 10.499148641068528, 5.901670945839394, 12.990535495323723, 12.389184354317965, 9.105838370978862, 8.962792229814633, 5.357762681548119, 12.914794065571993, 6.673748793801746, 12.530506864549638, 7.39773068156544, 7.56978628372592, 9.421148359336563, 14.430472249736496, 9.81141267380167, 10.374858480916341, 13.35268117420069, 13.849623670148537, 10.007218651716666, 6.220876316518527, 14.815054979773805, 13.716771998786164, 7.666995361209704, 9.96302872383195, 14.544987576648257, 7.72643618534773, 6.727663164466345, 7.384981825426099, 12.044206083298032], [10.499148641068528, 99999999.0, 9.076205304976135, 8.206652705172928, 13.383840465198384, 12.051609870096499, 14.164908067830682, 5.87764988829454, 9.161232047968344, 11.608325777718298, 10.106897230704114, 8.366499690855843, 9.739328324285019, 6.91261084643291, 7.224216873666755, 13.528156582368334, 11.050224393412563, 8.257195797924766, 6.812566125162483, 8.893427057397385, 13.687860776606655, 5.449513847766014, 12.535178838348166, 14.794068611318838, 12.982481727309734, 9.638467612206844, 14.162892365650258, 14.80212662660928, 11.629836129620717, 12.27685007196736], [5.901670945839394, 9.076205304976135, 99999999.0, 14.524292066205058, 5.903265845402799, 6.335436006474373, 5.939345959096306, 11.99013664889329, 12.75400214945624, 7.714723674080752, 8.578105762675886, 6.785610941606376, 6.989861863781199, 5.853000721957554, 8.780052192624867, 8.779423210814524, 12.719597075245812, 11.130321117051336, 7.768694567001548, 11.599658013402976, 10.273920301035135, 12.725231452313372, 13.385313621892687, 7.708492929034987, 6.449043530493396, 8.7714364717834, 12.37799014047456, 6.450930911035972, 6.04836333453909, 9.212161724580115], [12.990535495323723, 8.206652705172928, 14.524292066205058, 99999999.0, 8.639378487234323, 8.877620658383496, 8.111025897067242, 11.670914538723778, 12.02106207161577, 5.844977961544254, 9.534155835824782, 13.837895258427615, 12.729463395547553, 6.610698270477149, 11.353651767447587, 8.26598233761785, 9.513597097262377, 10.501797673171609, 6.914684472456084, 13.524156379841378, 8.866323722923092, 13.067135083765283, 6.684095649650704, 12.60944769266684, 11.159676766708806, 11.610292792257468, 6.637470385463573, 10.33910282401613, 13.00630408891927, 10.558221329273582], [12.389184354317965, 13.383840465198384, 5.903265845402799, 8.639378487234323, 99999999.0, 8.46976562917825, 10.830931229231924, 7.3618724500318, 11.977377348718981, 7.585621973151508, 5.276612573564151, 11.920283939058008, 13.46409330857297, 11.529832637659805, 7.212124981240059, 6.162774567283248, 8.284929687866896, 11.116739107601287, 11.67787859659008, 8.370252353150857, 6.604144230995434, 10.163473884461794, 12.011726330418634, 11.505190270629232, 8.742113194642934, 12.669621281389015, 11.799125375089428, 10.084273013397567, 7.860999642081357, 13.31298462700004], [9.105838370978862, 12.051609870096499, 6.335436006474373, 8.877620658383496, 8.46976562917825, 99999999.0, 14.214000373614295, 12.245760076553298, 11.67756783637125, 7.947438966115554, 8.12767116526722, 10.763854689912362, 12.456543231741968, 12.513578775770151, 10.083109897509551, 9.140228301973718, 14.668632688486337, 5.708474849892725, 9.446900485775345, 7.562403882605838, 5.470058267911956, 5.689338589751621, 13.819624361318217, 9.469391623820039, 6.188002683607152, 12.410914196530664, 12.880133076775163, 14.71205650663078, 6.092789144539678, 13.6988783551069], [8.962792229814633, 14.164908067830682, 5.939345959096306, 8.111025897067242, 10.830931229231924, 14.214000373614295, 99999999.0, 13.293317092534643, 6.02804668674904, 7.85329167876183, 14.929036547240246, 6.905277064736035, 13.738067177961891, 7.278646889824297, 9.452354414494256, 10.900795881107662, 10.55910047655343, 7.712070235995483, 13.595029146107544, 14.697218167192826, 6.911847653486115, 8.422520191559885, 8.368135896773568, 7.454947488598412, 9.116479354985636, 14.786051378341488, 10.121770017251837, 8.189100522874423, 14.998340657796305, 12.691631701684065], [5.357762681548119, 5.87764988829454, 11.99013664889329, 11.670914538723778, 7.3618724500318, 12.245760076553298, 13.293317092534643, 99999999.0, 10.548080408203294, 13.562311223626834, 5.333372722609687, 5.420850616902159, 7.567763238251563, 8.46278132902371, 8.23983034573035, 11.758155273917328, 9.71482563967607, 9.451602021264588, 13.686922726410994, 14.231085623152817, 10.617004923784016, 11.447931057639238, 14.677161230197008, 14.410107368013524, 10.292291159716488, 11.012549044538572, 12.364465836527879, 8.584779687520728, 12.82415360986423, 13.773351065573804], [12.914794065571993, 9.161232047968344, 12.75400214945624, 12.02106207161577, 11.977377348718981, 11.67756783637125, 6.02804668674904, 10.548080408203294, 99999999.0, 13.966250657486457, 10.32218721873684, 11.75457683205107, 14.838863823247069, 13.084259117052882, 13.28921632908677, 12.707473638634452, 14.749687781763859, 5.069492418080031, 12.337882536513778, 6.32150635390366, 8.554181473084437, 11.888525267054401, 12.024790579167961, 10.475988929681243, 13.602822635575635, 8.98919299534824, 9.708204203472725, 9.443088959177755, 13.38111698843736, 13.76305877426568], [6.673748793801746, 11.608325777718298, 7.714723674080752, 5.844977961544254, 7.585621973151508, 7.947438966115554, 7.85329167876183, 13.562311223626834, 13.966250657486457, 99999999.0, 12.80663756880642, 13.456394973230143, 14.058475649472822, 7.136983789266625, 7.282587112803638, 5.646315318996694, 12.015887433791711, 9.966710882740564, 11.523480159891857, 5.497173438030186, 7.012002981467152, 5.0655255679886775, 10.820637818448235, 5.086232093407871, 5.271483060228403, 12.265420731528485, 9.616798148219347, 12.34359122226094, 14.66674455913877, 10.009639569675766], [12.530506864549638, 10.106897230704114, 8.578105762675886, 9.534155835824782, 5.276612573564151, 8.12767116526722, 14.929036547240246, 5.333372722609687, 10.32218721873684, 12.80663756880642, 99999999.0, 14.756610665757256, 5.683640333836349, 13.747651381044442, 13.786278876288128, 7.582115002327624, 10.95769981133575, 5.7039836750239346, 10.17577703971795, 11.035074317645174, 6.9496354265716755, 11.39878081048949, 11.51384842394462, 8.640031048017107, 13.573601014288098, 13.101040013641324, 10.165724066613892, 13.539294752614472, 11.657002800178415, 10.937756957133642], [7.39773068156544, 8.366499690855843, 6.785610941606376, 13.837895258427615, 11.920283939058008, 10.763854689912362, 6.905277064736035, 5.420850616902159, 11.75457683205107, 13.456394973230143, 14.756610665757256, 99999999.0, 5.672305958980105, 13.967511933275906, 5.493110783497169, 12.730188678212222, 13.600882429708479, 7.256578651469587, 6.288025173867517, 5.099063461639901, 14.369018158557004, 5.175699435484593, 8.374712192879413, 14.318862377602578, 13.594596645588288, 7.27300510780016, 9.23948615014376, 13.729691773016365, 12.355010763806465, 11.379797609529636], [7.56978628372592, 9.739328324285019, 6.989861863781199, 12.729463395547553, 13.46409330857297, 12.456543231741968, 13.738067177961891, 7.567763238251563, 14.838863823247069, 14.058475649472822, 5.683640333836349, 5.672305958980105, 99999999.0, 10.024071690642305, 10.848735162903406, 10.456873753322752, 6.776374711115621, 14.725908558586534, 9.098604915723909, 5.186729208841086, 9.101563033803313, 12.866290925234427, 12.406541103230738, 8.076028739347011, 14.89814815305017, 5.519932905230144, 8.940250966066463, 12.295431114293311, 6.775762156844554, 13.556088491765152], [9.421148359336563, 6.91261084643291, 5.853000721957554, 6.610698270477149, 11.529832637659805, 12.513578775770151, 7.278646889824297, 8.46278132902371, 13.084259117052882, 7.136983789266625, 13.747651381044442, 13.967511933275906, 10.024071690642305, 99999999.0, 6.711280932130336, 9.501833669955683, 8.170389983562977, 12.523162452753649, 11.783349471969078, 8.977121976519502, 9.585605770087987, 11.652894954083159, 7.525117946474468, 7.13982195751329, 8.127054728129956, 10.395778589319667, 9.165085049321153, 8.446029915937885, 14.640454996934265, 10.8071753169695], [14.430472249736496, 7.224216873666755, 8.780052192624867, 11.353651767447587, 7.212124981240059, 10.083109897509551, 9.452354414494256, 8.23983034573035, 13.28921632908677, 7.282587112803638, 13.786278876288128, 5.493110783497169, 10.848735162903406, 6.711280932130336, 99999999.0, 8.735132311629487, 11.84357372747492, 8.748224563956397, 10.797041272604321, 12.72720381013912, 8.050544143592745, 11.331833755259181, 10.151632370678104, 8.070401755211293, 11.637679006454285, 14.37357832037802, 7.805610243591785, 7.124679602612558, 10.696299636942216, 10.965714251174603], [9.81141267380167, 13.528156582368334, 8.779423210814524, 8.26598233761785, 6.162774567283248, 9.140228301973718, 10.900795881107662, 11.758155273917328, 12.707473638634452, 5.646315318996694, 7.582115002327624, 12.730188678212222, 10.456873753322752, 9.501833669955683, 8.735132311629487, 99999999.0, 11.604294506284617, 5.402712734034726, 10.22915010579761, 5.2241141330427805, 5.228502754285055, 14.647036344537188, 9.561760893948819, 12.487037475002747, 13.420620170126384, 12.6776267958841, 9.57253718808503, 14.4719492714401, 14.879447739379453, 13.779814883818162], [10.374858480916341, 11.050224393412563, 12.719597075245812, 9.513597097262377, 8.284929687866896, 14.668632688486337, 10.55910047655343, 9.71482563967607, 14.749687781763859, 12.015887433791711, 10.95769981133575, 13.600882429708479, 6.776374711115621, 8.170389983562977, 11.84357372747492, 11.604294506284617, 99999999.0, 5.707796267426884, 6.049999286469405, 8.684005935947962, 5.040284639074742, 9.878460044282953, 6.395941544500491, 6.472726495305977, 9.210395853188546, 11.241526679758707, 11.26405007714379, 11.88436068205507, 7.754185082081209, 10.072819203097954], [13.35268117420069, 8.257195797924766, 11.130321117051336, 10.501797673171609, 11.116739107601287, 5.708474849892725, 7.712070235995483, 9.451602021264588, 5.069492418080031, 9.966710882740564, 5.7039836750239346, 7.256578651469587, 14.725908558586534, 12.523162452753649, 8.748224563956397, 5.402712734034726, 5.707796267426884, 99999999.0, 5.105808432962706, 11.235173028396806, 7.781142369814175, 10.244672418296492, 5.4524849163181734, 8.283949713503631, 11.367573972052037, 6.499091080885004, 11.712714246952242, 14.016979879965971, 9.127561338883742, 8.59883068724216], [13.849623670148537, 6.812566125162483, 7.768694567001548, 6.914684472456084, 11.67787859659008, 9.446900485775345, 13.595029146107544, 13.686922726410994, 12.337882536513778, 11.523480159891857, 10.17577703971795, 6.288025173867517, 9.098604915723909, 11.783349471969078, 10.797041272604321, 10.22915010579761, 6.049999286469405, 5.105808432962706, 99999999.0, 13.766772034450533, 9.99662698982144, 9.934791971075516, 9.166836445673344, 7.526028684813225, 14.008565859880235, 5.140997004052395, 12.652547151359721, 11.829465815298015, 10.91289773579073, 14.966370540040128], [10.007218651716666, 8.893427057397385, 11.599658013402976, 13.524156379841378, 8.370252353150857, 7.562403882605838, 14.697218167192826, 14.231085623152817, 6.32150635390366, 5.497173438030186, 11.035074317645174, 5.099063461639901, 5.186729208841086, 8.977121976519502, 12.72720381013912, 5.2241141330427805, 8.684005935947962, 11.235173028396806, 13.766772034450533, 99999999.0, 5.198689352073385, 6.573697591481526, 11.101049226113568, 7.020229633435617, 12.121004595366312, 5.822622019232152, 10.747161638652948, 11.064204355747433, 9.891411282790656, 8.191024934899207], [6.220876316518527, 13.687860776606655, 10.273920301035135, 8.866323722923092, 6.604144230995434, 5.470058267911956, 6.911847653486115, 10.617004923784016, 8.554181473084437, 7.012002981467152, 6.9496354265716755, 14.369018158557004, 9.101563033803313, 9.585605770087987, 8.050544143592745, 5.228502754285055, 5.040284639074742, 7.781142369814175, 9.99662698982144, 5.198689352073385, 99999999.0, 7.640674711213774, 5.562541478612008, 10.72675833966108, 11.200579588592168, 8.240274545315936, 13.10876062750162, 9.500124419439786, 6.769336856919276, 14.665301307251147], [14.815054979773805, 5.449513847766014, 12.725231452313372, 13.067135083765283, 10.163473884461794, 5.689338589751621, 8.422520191559885, 11.447931057639238, 11.888525267054401, 5.0655255679886775, 11.39878081048949, 5.175699435484593, 12.866290925234427, 11.652894954083159, 11.331833755259181, 14.647036344537188, 9.878460044282953, 10.244672418296492, 9.934791971075516, 6.573697591481526, 7.640674711213774, 99999999.0, 6.830643060717065, 11.43340414320905, 5.664149691037471, 11.590721033460836, 5.556941127866393, 12.831390865380321, 7.066629725420267, 5.170081121065905], [13.716771998786164, 12.535178838348166, 13.385313621892687, 6.684095649650704, 12.011726330418634, 13.819624361318217, 8.368135896773568, 14.677161230197008, 12.024790579167961, 10.820637818448235, 11.51384842394462, 8.374712192879413, 12.406541103230738, 7.525117946474468, 10.151632370678104, 9.561760893948819, 6.395941544500491, 5.4524849163181734, 9.166836445673344, 11.101049226113568, 5.562541478612008, 6.830643060717065, 99999999.0, 13.542776689713364, 9.757404081942838, 13.237909456809358, 12.655620066282605, 12.683729030463718, 13.916190815463427, 12.058456464157846], [7.666995361209704, 14.794068611318838, 7.708492929034987, 12.60944769266684, 11.505190270629232, 9.469391623820039, 7.454947488598412, 14.410107368013524, 10.475988929681243, 5.086232093407871, 8.640031048017107, 14.318862377602578, 8.076028739347011, 7.13982195751329, 8.070401755211293, 12.487037475002747, 6.472726495305977, 8.283949713503631, 7.526028684813225, 7.020229633435617, 10.72675833966108, 11.43340414320905, 13.542776689713364, 99999999.0, 5.817248724864918, 6.26972953918031, 8.21591544233932, 14.144860030422942, 12.086402973201144, 12.837531419800989], [9.96302872383195, 12.982481727309734, 6.449043530493396, 11.159676766708806, 8.742113194642934, 6.188002683607152, 9.116479354985636, 10.292291159716488, 13.602822635575635, 5.271483060228403, 13.573601014288098, 13.594596645588288, 14.89814815305017, 8.127054728129956, 11.637679006454285, 13.420620170126384, 9.210395853188546, 11.367573972052037, 14.008565859880235, 12.121004595366312, 11.200579588592168, 5.664149691037471, 9.757404081942838, 5.817248724864918, 99999999.0, 6.4807435952793995, 12.292990896682273, 5.778611448405174, 8.359027531085358, 9.202445451201829], [14.544987576648257, 9.638467612206844, 8.7714364717834, 11.610292792257468, 12.669621281389015, 12.410914196530664, 14.786051378341488, 11.012549044538572, 8.98919299534824, 12.265420731528485, 13.101040013641324, 7.27300510780016, 5.519932905230144, 10.395778589319667, 14.37357832037802, 12.6776267958841, 11.241526679758707, 6.499091080885004, 5.140997004052395, 5.822622019232152, 8.240274545315936, 11.590721033460836, 13.237909456809358, 6.26972953918031, 6.4807435952793995, 99999999.0, 11.871416474289695, 10.662174698491029, 12.731235660497582, 5.76323615005723], [7.72643618534773, 14.162892365650258, 12.37799014047456, 6.637470385463573, 11.799125375089428, 12.880133076775163, 10.121770017251837, 12.364465836527879, 9.708204203472725, 9.616798148219347, 10.165724066613892, 9.23948615014376, 8.940250966066463, 9.165085049321153, 7.805610243591785, 9.57253718808503, 11.26405007714379, 11.712714246952242, 12.652547151359721, 10.747161638652948, 13.10876062750162, 5.556941127866393, 12.655620066282605, 8.21591544233932, 12.292990896682273, 11.871416474289695, 99999999.0, 7.276953773775627, 9.694358282009107, 6.840340888515332], [6.727663164466345, 14.80212662660928, 6.450930911035972, 10.33910282401613, 10.084273013397567, 14.71205650663078, 8.189100522874423, 8.584779687520728, 9.443088959177755, 12.34359122226094, 13.539294752614472, 13.729691773016365, 12.295431114293311, 8.446029915937885, 7.124679602612558, 14.4719492714401, 11.88436068205507, 14.016979879965971, 11.829465815298015, 11.064204355747433, 9.500124419439786, 12.831390865380321, 12.683729030463718, 14.144860030422942, 5.778611448405174, 10.662174698491029, 7.276953773775627, 99999999.0, 7.032436789451381, 9.21499464853412], [7.384981825426099, 11.629836129620717, 6.04836333453909, 13.00630408891927, 7.860999642081357, 6.092789144539678, 14.998340657796305, 12.82415360986423, 13.38111698843736, 14.66674455913877, 11.657002800178415, 12.355010763806465, 6.775762156844554, 14.640454996934265, 10.696299636942216, 14.879447739379453, 7.754185082081209, 9.127561338883742, 10.91289773579073, 9.891411282790656, 6.769336856919276, 7.066629725420267, 13.916190815463427, 12.086402973201144, 8.359027531085358, 12.731235660497582, 9.694358282009107, 7.032436789451381, 99999999.0, 10.560578017186227], [12.044206083298032, 12.27685007196736, 9.212161724580115, 10.558221329273582, 13.31298462700004, 13.6988783551069, 12.691631701684065, 13.773351065573804, 13.76305877426568, 10.009639569675766, 10.937756957133642, 11.379797609529636, 13.556088491765152, 10.8071753169695, 10.965714251174603, 13.779814883818162, 10.072819203097954, 8.59883068724216, 14.966370540040128, 8.191024934899207, 14.665301307251147, 5.170081121065905, 12.058456464157846, 12.837531419800989, 9.202445451201829, 5.76323615005723, 6.840340888515332, 9.21499464853412, 10.560578017186227, 99999999.0]];
